000000 0.250 0.250 0.250 0.250
000500 0.251 0.019 0.433 0.298
001000 0.213 0.002 0.502 0.284
001500 0.204 0.000 0.505 0.291
002000 0.216 0.000 0.488 0.296
002500 0.211 0.000 0.497 0.292
003000 0.202 0.000 0.510 0.288
003500 0.231 0.000 0.479 0.289
004000 0.221 0.000 0.489 0.290
004500 0.196 0.000 0.510 0.294
005000 0.202 0.000 0.521 0.277
005500 0.214 0.000 0.494 0.292
006000 0.217 0.000 0.492 0.291
006500 0.219 0.000 0.505 0.275
007000 0.231 0.000 0.489 0.280
007500 0.231 0.000 0.484 0.286
008000 0.210 0.000 0.505 0.284
008500 0.213 0.000 0.507 0.280
009000 0.228 0.000 0.493 0.279
009500 0.212 0.000 0.497 0.290
010000 0.210 0.000 0.501 0.289
