000000 0.250 0.250 0.250 0.250
000500 0.572 0.252 0.000 0.176
001000 0.574 0.253 0.000 0.173
001500 0.573 0.254 0.000 0.173
002000 0.574 0.253 0.000 0.173
002500 0.575 0.252 0.000 0.173
003000 0.575 0.252 0.000 0.173
003500 0.576 0.252 0.000 0.172
004000 0.574 0.253 0.000 0.172
004500 0.574 0.253 0.000 0.172
005000 0.574 0.254 0.000 0.172
005500 0.573 0.255 0.000 0.172
006000 0.574 0.254 0.000 0.172
006500 0.574 0.254 0.000 0.172
007000 0.573 0.255 0.000 0.172
007500 0.573 0.255 0.000 0.172
008000 0.573 0.256 0.000 0.171
008500 0.574 0.256 0.000 0.170
009000 0.574 0.256 0.000 0.170
009500 0.574 0.256 0.000 0.170
010000 0.573 0.256 0.000 0.170
