000000 0.250 0.250 0.250 0.250
000500 0.228 0.396 0.000 0.376
001000 0.228 0.398 0.000 0.374
001500 0.228 0.400 0.000 0.372
002000 0.228 0.401 0.000 0.371
002500 0.228 0.400 0.000 0.372
003000 0.228 0.400 0.000 0.372
003500 0.228 0.402 0.000 0.370
004000 0.228 0.402 0.000 0.370
004500 0.228 0.403 0.000 0.369
005000 0.228 0.402 0.000 0.370
005500 0.228 0.402 0.000 0.370
006000 0.228 0.403 0.000 0.369
006500 0.228 0.403 0.000 0.369
007000 0.228 0.403 0.000 0.370
007500 0.228 0.402 0.000 0.370
008000 0.228 0.402 0.000 0.370
008500 0.228 0.402 0.000 0.370
009000 0.228 0.403 0.000 0.369
009500 0.228 0.402 0.000 0.370
010000 0.228 0.402 0.000 0.370
