000000 0.250 0.250 0.250 0.250
000500 0.282 0.034 0.409 0.275
001000 0.131 0.025 0.554 0.290
001500 0.090 0.024 0.591 0.295
002000 0.072 0.023 0.601 0.304
002500 0.087 0.023 0.601 0.288
003000 0.066 0.026 0.626 0.282
003500 0.043 0.036 0.647 0.274
004000 0.060 0.049 0.621 0.269
004500 0.072 0.052 0.628 0.248
005000 0.074 0.062 0.615 0.249
005500 0.082 0.063 0.607 0.248
006000 0.077 0.074 0.600 0.249
006500 0.079 0.073 0.608 0.240
007000 0.113 0.073 0.570 0.244
007500 0.138 0.061 0.542 0.258
008000 0.142 0.052 0.538 0.267
008500 0.114 0.036 0.576 0.274
009000 0.121 0.031 0.569 0.279
009500 0.116 0.022 0.581 0.282
010000 0.081 0.014 0.618 0.288
