000000 0.250 0.250 0.250 0.250
000500 0.263 0.395 0.000 0.342
001000 0.263 0.398 0.000 0.339
001500 0.263 0.398 0.000 0.339
002000 0.263 0.398 0.000 0.338
002500 0.263 0.398 0.000 0.339
003000 0.263 0.398 0.000 0.339
003500 0.263 0.398 0.000 0.339
004000 0.263 0.399 0.000 0.338
004500 0.263 0.398 0.000 0.339
005000 0.263 0.398 0.000 0.338
005500 0.263 0.398 0.000 0.339
006000 0.263 0.398 0.000 0.339
006500 0.263 0.398 0.000 0.339
007000 0.263 0.399 0.000 0.338
007500 0.263 0.398 0.000 0.338
008000 0.263 0.399 0.000 0.338
008500 0.263 0.399 0.000 0.338
009000 0.263 0.399 0.000 0.337
009500 0.263 0.399 0.000 0.337
010000 0.263 0.400 0.000 0.337
