000000 0.250 0.250 0.250 0.250
000500 0.882 0.019 0.000 0.099
001000 0.811 0.019 0.000 0.170
001500 0.657 0.020 0.000 0.323
002000 0.362 0.022 0.000 0.616
002500 0.150 0.025 0.000 0.825
003000 0.095 0.037 0.000 0.869
003500 0.080 0.046 0.000 0.874
004000 0.073 0.056 0.000 0.871
004500 0.068 0.069 0.000 0.863
005000 0.066 0.078 0.000 0.855
005500 0.066 0.091 0.000 0.843
006000 0.066 0.100 0.000 0.834
006500 0.066 0.112 0.000 0.822
007000 0.067 0.122 0.000 0.811
007500 0.068 0.135 0.000 0.797
008000 0.068 0.146 0.000 0.786
008500 0.067 0.155 0.000 0.778
009000 0.066 0.172 0.000 0.761
009500 0.066 0.181 0.000 0.752
010000 0.067 0.194 0.000 0.739
