000000 0.250 0.250 0.250 0.250
000500 0.006 0.912 0.000 0.081
001000 0.003 0.933 0.000 0.064
001500 0.002 0.937 0.000 0.061
002000 0.002 0.940 0.000 0.058
002500 0.001 0.943 0.000 0.056
003000 0.001 0.947 0.000 0.052
003500 0.001 0.948 0.000 0.051
004000 0.001 0.950 0.000 0.049
004500 0.001 0.951 0.000 0.047
005000 0.001 0.953 0.000 0.046
005500 0.001 0.953 0.000 0.045
006000 0.001 0.955 0.000 0.044
006500 0.001 0.956 0.000 0.043
007000 0.001 0.958 0.000 0.041
007500 0.001 0.959 0.000 0.040
008000 0.001 0.960 0.000 0.039
008500 0.001 0.961 0.000 0.038
009000 0.001 0.961 0.000 0.037
009500 0.001 0.962 0.000 0.037
010000 0.001 0.964 0.000 0.035
