000000 0.250 0.250 0.250 0.250
000500 0.202 0.415 0.000 0.383
001000 0.202 0.414 0.000 0.384
001500 0.202 0.414 0.000 0.384
002000 0.202 0.415 0.000 0.383
002500 0.202 0.416 0.000 0.383
003000 0.202 0.415 0.000 0.383
003500 0.202 0.416 0.000 0.382
004000 0.202 0.417 0.000 0.381
004500 0.202 0.417 0.000 0.381
005000 0.202 0.417 0.000 0.381
005500 0.202 0.418 0.000 0.380
006000 0.202 0.419 0.000 0.379
006500 0.202 0.419 0.000 0.379
007000 0.202 0.419 0.000 0.379
007500 0.202 0.419 0.000 0.379
008000 0.202 0.419 0.000 0.380
008500 0.202 0.418 0.000 0.380
009000 0.202 0.419 0.000 0.379
009500 0.202 0.420 0.000 0.378
010000 0.202 0.419 0.000 0.379
