000000 0.250 0.250 0.250 0.250
000500 0.010 0.733 0.000 0.256
001000 0.010 0.742 0.000 0.248
001500 0.010 0.747 0.000 0.243
002000 0.010 0.753 0.000 0.237
002500 0.010 0.756 0.000 0.234
003000 0.010 0.759 0.000 0.230
003500 0.010 0.762 0.000 0.227
004000 0.010 0.766 0.000 0.224
004500 0.010 0.768 0.000 0.221
005000 0.010 0.770 0.000 0.220
005500 0.010 0.773 0.000 0.217
006000 0.010 0.775 0.000 0.215
006500 0.010 0.779 0.000 0.211
007000 0.010 0.781 0.000 0.209
007500 0.010 0.786 0.000 0.203
008000 0.010 0.788 0.000 0.202
008500 0.010 0.790 0.000 0.200
009000 0.010 0.792 0.000 0.198
009500 0.010 0.794 0.000 0.195
010000 0.010 0.796 0.000 0.193
