000000 0.250 0.250 0.250 0.250
000500 0.224 0.029 0.426 0.322
001000 0.045 0.011 0.591 0.353
001500 0.025 0.012 0.611 0.352
002000 0.014 0.010 0.611 0.365
002500 0.007 0.012 0.622 0.359
003000 0.010 0.014 0.625 0.352
003500 0.013 0.013 0.626 0.348
004000 0.025 0.012 0.605 0.359
004500 0.017 0.009 0.629 0.345
005000 0.012 0.015 0.622 0.351
005500 0.010 0.019 0.608 0.363
006000 0.006 0.020 0.630 0.343
006500 0.003 0.026 0.616 0.355
007000 0.002 0.037 0.630 0.330
007500 0.004 0.051 0.629 0.315
008000 0.014 0.075 0.611 0.301
008500 0.019 0.087 0.592 0.302
009000 0.038 0.090 0.591 0.282
009500 0.062 0.096 0.570 0.272
010000 0.081 0.091 0.553 0.275
