000000 0.250 0.250 0.250 0.250
000500 0.221 0.411 0.000 0.368
001000 0.221 0.414 0.000 0.366
001500 0.221 0.417 0.000 0.362
002000 0.221 0.417 0.000 0.363
002500 0.221 0.417 0.000 0.363
003000 0.221 0.417 0.000 0.362
003500 0.221 0.417 0.000 0.362
004000 0.221 0.418 0.000 0.361
004500 0.221 0.419 0.000 0.361
005000 0.221 0.418 0.000 0.361
005500 0.221 0.419 0.000 0.361
006000 0.221 0.419 0.000 0.360
006500 0.221 0.419 0.000 0.360
007000 0.221 0.419 0.000 0.360
007500 0.221 0.420 0.000 0.360
008000 0.221 0.419 0.000 0.360
008500 0.221 0.420 0.000 0.360
009000 0.221 0.419 0.000 0.360
009500 0.221 0.419 0.000 0.360
010000 0.221 0.419 0.000 0.360
