000000 0.250 0.250 0.250 0.250
000500 0.035 0.562 0.000 0.403
001000 0.035 0.568 0.000 0.397
001500 0.035 0.574 0.000 0.391
002000 0.035 0.578 0.000 0.387
002500 0.035 0.581 0.000 0.384
003000 0.035 0.584 0.000 0.381
003500 0.035 0.589 0.000 0.375
004000 0.035 0.591 0.000 0.373
004500 0.035 0.595 0.000 0.369
005000 0.035 0.599 0.000 0.366
005500 0.035 0.602 0.000 0.363
006000 0.035 0.604 0.000 0.361
006500 0.035 0.606 0.000 0.359
007000 0.035 0.608 0.000 0.357
007500 0.035 0.610 0.000 0.355
008000 0.035 0.612 0.000 0.353
008500 0.035 0.615 0.000 0.349
009000 0.035 0.617 0.000 0.348
009500 0.035 0.617 0.000 0.348
010000 0.035 0.618 0.000 0.347
