000000 0.250 0.250 0.250 0.250
000500 0.205 0.419 0.000 0.376
001000 0.205 0.423 0.000 0.373
001500 0.205 0.424 0.000 0.372
002000 0.205 0.425 0.000 0.370
002500 0.205 0.425 0.000 0.370
003000 0.205 0.427 0.000 0.369
003500 0.205 0.427 0.000 0.368
004000 0.205 0.428 0.000 0.368
004500 0.205 0.427 0.000 0.368
005000 0.205 0.426 0.000 0.369
005500 0.205 0.427 0.000 0.369
006000 0.205 0.427 0.000 0.369
006500 0.205 0.428 0.000 0.368
007000 0.205 0.429 0.000 0.367
007500 0.205 0.429 0.000 0.367
008000 0.205 0.428 0.000 0.368
008500 0.205 0.427 0.000 0.368
009000 0.205 0.428 0.000 0.368
009500 0.205 0.428 0.000 0.368
010000 0.205 0.427 0.000 0.368
