000000 0.250 0.250 0.250 0.250
000500 0.024 0.672 0.000 0.304
001000 0.023 0.686 0.000 0.290
001500 0.023 0.694 0.000 0.283
002000 0.023 0.702 0.000 0.275
002500 0.023 0.708 0.000 0.269
003000 0.023 0.713 0.000 0.264
003500 0.023 0.719 0.000 0.258
004000 0.023 0.725 0.000 0.252
004500 0.023 0.730 0.000 0.247
005000 0.023 0.733 0.000 0.245
005500 0.023 0.737 0.000 0.240
006000 0.023 0.742 0.000 0.235
006500 0.023 0.744 0.000 0.233
007000 0.023 0.748 0.000 0.229
007500 0.023 0.750 0.000 0.227
008000 0.023 0.753 0.000 0.224
008500 0.023 0.756 0.000 0.221
009000 0.023 0.760 0.000 0.217
009500 0.023 0.763 0.000 0.214
010000 0.023 0.768 0.000 0.209
