000000 0.250 0.250 0.250 0.250
000500 0.177 0.433 0.000 0.390
001000 0.177 0.435 0.000 0.388
001500 0.177 0.437 0.000 0.386
002000 0.177 0.437 0.000 0.386
002500 0.177 0.438 0.000 0.385
003000 0.177 0.439 0.000 0.384
003500 0.177 0.440 0.000 0.383
004000 0.177 0.441 0.000 0.382
004500 0.177 0.442 0.000 0.381
005000 0.177 0.442 0.000 0.381
005500 0.177 0.443 0.000 0.380
006000 0.177 0.442 0.000 0.381
006500 0.177 0.443 0.000 0.380
007000 0.177 0.442 0.000 0.381
007500 0.177 0.442 0.000 0.380
008000 0.177 0.442 0.000 0.381
008500 0.177 0.443 0.000 0.380
009000 0.177 0.443 0.000 0.379
009500 0.177 0.444 0.000 0.379
010000 0.177 0.444 0.000 0.379
