000000 0.250 0.250 0.250 0.250
000500 0.141 0.466 0.000 0.393
001000 0.140 0.473 0.000 0.387
001500 0.140 0.476 0.000 0.383
002000 0.140 0.478 0.000 0.382
002500 0.140 0.479 0.000 0.381
003000 0.140 0.481 0.000 0.379
003500 0.140 0.484 0.000 0.376
004000 0.140 0.486 0.000 0.373
004500 0.140 0.489 0.000 0.370
005000 0.140 0.492 0.000 0.368
005500 0.140 0.494 0.000 0.366
006000 0.140 0.494 0.000 0.365
006500 0.140 0.495 0.000 0.364
007000 0.140 0.495 0.000 0.364
007500 0.140 0.495 0.000 0.365
008000 0.140 0.495 0.000 0.364
008500 0.140 0.496 0.000 0.363
009000 0.140 0.496 0.000 0.364
009500 0.140 0.496 0.000 0.363
010000 0.140 0.496 0.000 0.363
