000000 0.250 0.250 0.250 0.250
000500 0.024 0.634 0.000 0.342
001000 0.024 0.642 0.000 0.334
001500 0.024 0.647 0.000 0.329
002000 0.024 0.654 0.000 0.322
002500 0.024 0.663 0.000 0.313
003000 0.024 0.667 0.000 0.309
003500 0.024 0.672 0.000 0.304
004000 0.024 0.676 0.000 0.300
004500 0.024 0.679 0.000 0.297
005000 0.024 0.685 0.000 0.291
005500 0.024 0.689 0.000 0.287
006000 0.024 0.692 0.000 0.284
006500 0.024 0.695 0.000 0.280
007000 0.024 0.699 0.000 0.277
007500 0.024 0.703 0.000 0.273
008000 0.024 0.705 0.000 0.271
008500 0.024 0.708 0.000 0.268
009000 0.024 0.711 0.000 0.265
009500 0.024 0.713 0.000 0.263
010000 0.024 0.716 0.000 0.260
