000000 0.250 0.250 0.250 0.250
000500 0.183 0.441 0.000 0.376
001000 0.148 0.479 0.000 0.373
001500 0.136 0.495 0.000 0.369
002000 0.129 0.509 0.000 0.363
002500 0.121 0.522 0.000 0.356
003000 0.118 0.530 0.000 0.352
003500 0.116 0.536 0.000 0.348
004000 0.118 0.540 0.000 0.343
004500 0.113 0.550 0.000 0.338
005000 0.114 0.550 0.000 0.337
005500 0.110 0.556 0.000 0.334
006000 0.110 0.560 0.000 0.330
006500 0.108 0.565 0.000 0.327
007000 0.108 0.572 0.000 0.320
007500 0.103 0.580 0.000 0.316
008000 0.103 0.582 0.000 0.315
008500 0.104 0.583 0.000 0.313
009000 0.106 0.583 0.000 0.311
009500 0.103 0.589 0.000 0.308
010000 0.106 0.587 0.000 0.307
