000000 0.250 0.250 0.250 0.250
000500 0.228 0.405 0.000 0.367
001000 0.228 0.406 0.000 0.366
001500 0.228 0.405 0.000 0.367
002000 0.228 0.405 0.000 0.367
002500 0.228 0.407 0.000 0.365
003000 0.228 0.407 0.000 0.365
003500 0.228 0.407 0.000 0.365
004000 0.228 0.407 0.000 0.365
004500 0.228 0.408 0.000 0.364
005000 0.228 0.407 0.000 0.364
005500 0.228 0.408 0.000 0.364
006000 0.228 0.408 0.000 0.364
006500 0.228 0.407 0.000 0.365
007000 0.228 0.408 0.000 0.364
007500 0.228 0.407 0.000 0.365
008000 0.228 0.407 0.000 0.365
008500 0.228 0.407 0.000 0.365
009000 0.228 0.406 0.000 0.366
009500 0.228 0.406 0.000 0.366
010000 0.228 0.406 0.000 0.365
