000000 0.250 0.250 0.250 0.250
000500 0.038 0.603 0.000 0.360
001000 0.037 0.619 0.000 0.344
001500 0.037 0.629 0.000 0.334
002000 0.037 0.636 0.000 0.327
002500 0.037 0.644 0.000 0.319
003000 0.036 0.649 0.000 0.315
003500 0.036 0.656 0.000 0.308
004000 0.036 0.661 0.000 0.303
004500 0.036 0.664 0.000 0.299
005000 0.036 0.669 0.000 0.295
005500 0.036 0.673 0.000 0.291
006000 0.036 0.676 0.000 0.288
006500 0.036 0.679 0.000 0.285
007000 0.036 0.679 0.000 0.284
007500 0.036 0.683 0.000 0.280
008000 0.036 0.687 0.000 0.276
008500 0.036 0.692 0.000 0.272
009000 0.036 0.694 0.000 0.270
009500 0.036 0.698 0.000 0.266
010000 0.036 0.699 0.000 0.265
