000000 0.250 0.250 0.250 0.250
000500 0.180 0.418 0.000 0.402
001000 0.180 0.422 0.000 0.398
001500 0.180 0.423 0.000 0.397
002000 0.180 0.424 0.000 0.395
002500 0.180 0.425 0.000 0.395
003000 0.180 0.426 0.000 0.394
003500 0.180 0.428 0.000 0.392
004000 0.180 0.428 0.000 0.392
004500 0.180 0.428 0.000 0.392
005000 0.180 0.429 0.000 0.391
005500 0.180 0.428 0.000 0.392
006000 0.180 0.428 0.000 0.392
006500 0.180 0.430 0.000 0.390
007000 0.180 0.430 0.000 0.389
007500 0.180 0.430 0.000 0.390
008000 0.180 0.430 0.000 0.390
008500 0.180 0.431 0.000 0.389
009000 0.180 0.431 0.000 0.389
009500 0.180 0.429 0.000 0.391
010000 0.180 0.431 0.000 0.389
