000000 0.250 0.250 0.250 0.250
000500 0.090 0.114 0.357 0.440
001000 0.015 0.076 0.435 0.473
001500 0.004 0.076 0.452 0.468
002000 0.000 0.070 0.458 0.472
002500 0.001 0.084 0.457 0.457
003000 0.001 0.087 0.450 0.462
003500 0.000 0.096 0.454 0.450
004000 0.000 0.097 0.449 0.454
004500 0.000 0.109 0.454 0.438
005000 0.000 0.112 0.454 0.435
005500 0.000 0.114 0.450 0.436
006000 0.000 0.114 0.463 0.423
006500 0.000 0.116 0.459 0.425
007000 0.000 0.135 0.458 0.408
007500 0.000 0.127 0.458 0.415
008000 0.000 0.128 0.444 0.428
008500 0.000 0.122 0.458 0.420
009000 0.000 0.110 0.464 0.426
009500 0.000 0.139 0.443 0.418
010000 0.000 0.138 0.454 0.408
