000000 0.250 0.250 0.250 0.250
000500 0.229 0.359 0.000 0.412
001000 0.222 0.367 0.000 0.410
001500 0.221 0.373 0.000 0.406
002000 0.220 0.377 0.000 0.403
002500 0.220 0.377 0.000 0.403
003000 0.220 0.380 0.000 0.399
003500 0.219 0.383 0.000 0.398
004000 0.219 0.383 0.000 0.398
004500 0.217 0.384 0.000 0.399
005000 0.216 0.386 0.000 0.398
005500 0.216 0.386 0.000 0.398
006000 0.217 0.386 0.000 0.397
006500 0.218 0.386 0.000 0.397
007000 0.217 0.386 0.000 0.397
007500 0.217 0.387 0.000 0.396
008000 0.218 0.387 0.000 0.395
008500 0.217 0.388 0.000 0.395
009000 0.216 0.389 0.000 0.395
009500 0.216 0.390 0.000 0.395
010000 0.215 0.390 0.000 0.395
