000000 0.250 0.250 0.250 0.250
000500 0.147 0.426 0.000 0.428
001000 0.147 0.427 0.000 0.426
001500 0.147 0.428 0.000 0.425
002000 0.147 0.427 0.000 0.426
002500 0.147 0.428 0.000 0.425
003000 0.147 0.428 0.000 0.425
003500 0.147 0.429 0.000 0.424
004000 0.147 0.428 0.000 0.425
004500 0.147 0.428 0.000 0.426
005000 0.147 0.428 0.000 0.426
005500 0.147 0.428 0.000 0.425
006000 0.147 0.426 0.000 0.427
006500 0.147 0.427 0.000 0.426
007000 0.147 0.426 0.000 0.427
007500 0.147 0.427 0.000 0.426
008000 0.147 0.427 0.000 0.427
008500 0.147 0.426 0.000 0.427
009000 0.147 0.426 0.000 0.427
009500 0.147 0.426 0.000 0.427
010000 0.147 0.427 0.000 0.426
