000000 0.250 0.250 0.250 0.250
000500 0.160 0.427 0.000 0.413
001000 0.160 0.427 0.000 0.412
001500 0.160 0.428 0.000 0.412
002000 0.160 0.428 0.000 0.412
002500 0.160 0.426 0.000 0.414
003000 0.160 0.427 0.000 0.413
003500 0.160 0.427 0.000 0.412
004000 0.160 0.429 0.000 0.411
004500 0.160 0.429 0.000 0.411
005000 0.160 0.429 0.000 0.410
005500 0.160 0.431 0.000 0.409
006000 0.160 0.431 0.000 0.409
006500 0.160 0.431 0.000 0.409
007000 0.160 0.430 0.000 0.409
007500 0.160 0.430 0.000 0.409
008000 0.160 0.431 0.000 0.409
008500 0.160 0.430 0.000 0.409
009000 0.160 0.430 0.000 0.409
009500 0.160 0.430 0.000 0.410
010000 0.160 0.429 0.000 0.410
