000000 0.250 0.250 0.250 0.250
000500 0.027 0.486 0.057 0.431
001000 0.008 0.725 0.061 0.206
001500 0.004 0.847 0.062 0.087
002000 0.005 0.909 0.059 0.027
002500 0.004 0.928 0.061 0.007
003000 0.003 0.928 0.069 0.000
003500 0.000 0.929 0.070 0.000
004000 0.000 0.932 0.068 0.000
004500 0.000 0.926 0.074 0.000
005000 0.000 0.929 0.071 0.000
005500 0.000 0.931 0.069 0.000
006000 0.000 0.929 0.071 0.000
006500 0.000 0.927 0.073 0.000
007000 0.000 0.931 0.069 0.000
007500 0.000 0.928 0.072 0.000
008000 0.000 0.935 0.065 0.000
008500 0.000 0.931 0.069 0.000
009000 0.000 0.941 0.059 0.000
009500 0.000 0.936 0.064 0.000
010000 0.000 0.946 0.054 0.000
