000000 0.250 0.250 0.250 0.250
000500 0.015 0.713 0.000 0.272
001000 0.011 0.768 0.000 0.221
001500 0.008 0.789 0.000 0.203
002000 0.007 0.805 0.000 0.187
002500 0.006 0.813 0.000 0.180
003000 0.007 0.819 0.000 0.174
003500 0.006 0.824 0.000 0.171
004000 0.005 0.827 0.000 0.168
004500 0.005 0.831 0.000 0.164
005000 0.005 0.835 0.000 0.160
005500 0.005 0.840 0.000 0.155
006000 0.004 0.848 0.000 0.148
006500 0.004 0.851 0.000 0.144
007000 0.004 0.853 0.000 0.142
007500 0.004 0.860 0.000 0.136
008000 0.004 0.863 0.000 0.133
008500 0.004 0.868 0.000 0.129
009000 0.004 0.871 0.000 0.125
009500 0.004 0.875 0.000 0.121
010000 0.004 0.877 0.000 0.119
