000000 0.250 0.250 0.250 0.250
000500 0.039 0.044 0.420 0.497
001000 0.004 0.025 0.473 0.498
001500 0.000 0.021 0.486 0.492
002000 0.000 0.016 0.472 0.512
002500 0.000 0.023 0.470 0.507
003000 0.000 0.019 0.474 0.507
003500 0.000 0.015 0.469 0.516
004000 0.000 0.016 0.467 0.517
004500 0.000 0.011 0.468 0.521
005000 0.000 0.012 0.471 0.517
005500 0.000 0.014 0.468 0.518
006000 0.000 0.009 0.475 0.515
006500 0.000 0.011 0.476 0.513
007000 0.000 0.008 0.473 0.519
007500 0.000 0.005 0.473 0.522
008000 0.000 0.004 0.462 0.534
008500 0.000 0.006 0.471 0.524
009000 0.000 0.008 0.470 0.522
009500 0.000 0.011 0.458 0.531
010000 0.000 0.010 0.470 0.520
