000000 0.250 0.250 0.250 0.250
000500 0.052 0.510 0.000 0.439
001000 0.052 0.513 0.000 0.436
001500 0.052 0.516 0.000 0.433
002000 0.052 0.518 0.000 0.430
002500 0.052 0.519 0.000 0.430
003000 0.052 0.520 0.000 0.428
003500 0.052 0.521 0.000 0.427
004000 0.052 0.522 0.000 0.426
004500 0.052 0.524 0.000 0.424
005000 0.052 0.526 0.000 0.423
005500 0.052 0.526 0.000 0.422
006000 0.052 0.531 0.000 0.417
006500 0.052 0.533 0.000 0.416
007000 0.052 0.534 0.000 0.414
007500 0.052 0.536 0.000 0.413
008000 0.052 0.539 0.000 0.409
008500 0.052 0.540 0.000 0.409
009000 0.052 0.542 0.000 0.407
009500 0.052 0.543 0.000 0.405
010000 0.052 0.544 0.000 0.404
