000000 0.250 0.250 0.250 0.250
000500 0.068 0.487 0.000 0.445
001000 0.068 0.492 0.000 0.440
001500 0.068 0.494 0.000 0.438
002000 0.068 0.497 0.000 0.435
002500 0.068 0.500 0.000 0.432
003000 0.068 0.502 0.000 0.430
003500 0.068 0.504 0.000 0.428
004000 0.068 0.505 0.000 0.427
004500 0.068 0.508 0.000 0.424
005000 0.068 0.511 0.000 0.421
005500 0.068 0.513 0.000 0.419
006000 0.068 0.519 0.000 0.413
006500 0.068 0.521 0.000 0.411
007000 0.068 0.522 0.000 0.410
007500 0.068 0.523 0.000 0.409
008000 0.068 0.523 0.000 0.409
008500 0.068 0.525 0.000 0.407
009000 0.068 0.526 0.000 0.406
009500 0.068 0.527 0.000 0.405
010000 0.068 0.528 0.000 0.404
