000000 0.250 0.250 0.250 0.250
000500 0.177 0.435 0.000 0.388
001000 0.176 0.439 0.000 0.385
001500 0.174 0.443 0.000 0.382
002000 0.173 0.446 0.000 0.380
002500 0.174 0.448 0.000 0.378
003000 0.173 0.449 0.000 0.378
003500 0.173 0.449 0.000 0.378
004000 0.172 0.451 0.000 0.377
004500 0.171 0.454 0.000 0.375
005000 0.172 0.454 0.000 0.374
005500 0.171 0.454 0.000 0.374
006000 0.171 0.456 0.000 0.373
006500 0.171 0.456 0.000 0.373
007000 0.171 0.456 0.000 0.373
007500 0.171 0.456 0.000 0.373
008000 0.171 0.455 0.000 0.373
008500 0.171 0.455 0.000 0.374
009000 0.171 0.456 0.000 0.373
009500 0.171 0.456 0.000 0.372
010000 0.171 0.456 0.000 0.372
