000000 0.250 0.250 0.250 0.250
000500 0.053 0.528 0.003 0.416
001000 0.037 0.662 0.001 0.300
001500 0.036 0.738 0.000 0.227
002000 0.036 0.770 0.000 0.194
002500 0.039 0.785 0.000 0.176
003000 0.038 0.797 0.000 0.165
003500 0.040 0.803 0.000 0.157
004000 0.041 0.814 0.000 0.144
004500 0.045 0.820 0.000 0.134
005000 0.045 0.827 0.000 0.128
005500 0.045 0.831 0.000 0.124
006000 0.045 0.836 0.000 0.119
006500 0.044 0.840 0.000 0.116
007000 0.049 0.840 0.000 0.112
007500 0.050 0.843 0.000 0.107
008000 0.048 0.847 0.000 0.104
008500 0.048 0.851 0.000 0.101
009000 0.049 0.851 0.000 0.100
009500 0.049 0.855 0.000 0.096
010000 0.049 0.859 0.000 0.093
