000000 0.250 0.250 0.250 0.250
000500 0.130 0.455 0.000 0.415
001000 0.127 0.465 0.000 0.408
001500 0.127 0.467 0.000 0.406
002000 0.125 0.473 0.000 0.402
002500 0.125 0.476 0.000 0.399
003000 0.125 0.479 0.000 0.396
003500 0.126 0.483 0.000 0.391
004000 0.125 0.485 0.000 0.390
004500 0.126 0.485 0.000 0.389
005000 0.125 0.488 0.000 0.387
005500 0.125 0.491 0.000 0.384
006000 0.125 0.492 0.000 0.383
006500 0.125 0.494 0.000 0.382
007000 0.125 0.494 0.000 0.381
007500 0.125 0.496 0.000 0.380
008000 0.125 0.496 0.000 0.379
008500 0.125 0.498 0.000 0.378
009000 0.125 0.500 0.000 0.376
009500 0.125 0.500 0.000 0.375
010000 0.125 0.501 0.000 0.374
