000000 0.250 0.250 0.250 0.250
000500 0.021 0.746 0.000 0.234
001000 0.016 0.819 0.000 0.165
001500 0.014 0.849 0.000 0.138
002000 0.012 0.862 0.000 0.126
002500 0.012 0.873 0.000 0.115
003000 0.013 0.878 0.000 0.109
003500 0.013 0.882 0.000 0.105
004000 0.012 0.886 0.000 0.101
004500 0.011 0.889 0.000 0.100
005000 0.012 0.892 0.000 0.097
005500 0.011 0.895 0.000 0.094
006000 0.010 0.898 0.000 0.092
006500 0.011 0.899 0.000 0.090
007000 0.011 0.902 0.000 0.087
007500 0.008 0.907 0.000 0.085
008000 0.009 0.908 0.000 0.082
008500 0.008 0.911 0.000 0.080
009000 0.011 0.912 0.000 0.078
009500 0.010 0.915 0.000 0.075
010000 0.012 0.915 0.000 0.074
