000000 0.250 0.250 0.250 0.250
000500 0.111 0.374 0.254 0.262
001000 0.122 0.460 0.234 0.184
001500 0.158 0.519 0.198 0.125
002000 0.226 0.567 0.128 0.080
002500 0.281 0.608 0.045 0.067
003000 0.302 0.633 0.025 0.040
003500 0.329 0.634 0.019 0.018
004000 0.333 0.647 0.016 0.004
004500 0.334 0.651 0.014 0.001
005000 0.343 0.644 0.013 0.000
005500 0.341 0.648 0.011 0.000
006000 0.337 0.648 0.015 0.000
006500 0.347 0.641 0.012 0.000
007000 0.342 0.646 0.012 0.000
007500 0.344 0.643 0.013 0.000
008000 0.347 0.644 0.009 0.000
008500 0.345 0.646 0.009 0.000
009000 0.341 0.648 0.011 0.000
009500 0.345 0.644 0.011 0.000
010000 0.347 0.644 0.010 0.000
