000000 0.250 0.250 0.250 0.250
000500 0.246 0.501 0.092 0.161
001000 0.284 0.586 0.054 0.075
001500 0.301 0.637 0.036 0.026
002000 0.317 0.659 0.019 0.005
002500 0.324 0.662 0.012 0.002
003000 0.331 0.660 0.008 0.001
003500 0.334 0.660 0.006 0.000
004000 0.338 0.658 0.004 0.000
004500 0.328 0.669 0.003 0.000
005000 0.335 0.665 0.000 0.000
005500 0.334 0.666 0.000 0.000
006000 0.335 0.665 0.000 0.000
006500 0.339 0.661 0.000 0.000
007000 0.337 0.663 0.000 0.000
007500 0.336 0.664 0.000 0.000
008000 0.338 0.662 0.000 0.000
008500 0.331 0.669 0.000 0.000
009000 0.338 0.662 0.000 0.000
009500 0.341 0.659 0.000 0.000
010000 0.338 0.662 0.000 0.000
