000000 0.250 0.250 0.250 0.250
000500 0.146 0.437 0.000 0.417
001000 0.146 0.441 0.000 0.413
001500 0.146 0.443 0.000 0.411
002000 0.146 0.442 0.000 0.412
002500 0.146 0.441 0.000 0.414
003000 0.146 0.441 0.000 0.414
003500 0.146 0.442 0.000 0.412
004000 0.146 0.442 0.000 0.412
004500 0.146 0.443 0.000 0.411
005000 0.146 0.444 0.000 0.410
005500 0.146 0.443 0.000 0.411
006000 0.146 0.443 0.000 0.411
006500 0.146 0.443 0.000 0.411
007000 0.146 0.444 0.000 0.410
007500 0.146 0.444 0.000 0.410
008000 0.146 0.444 0.000 0.410
008500 0.146 0.445 0.000 0.409
009000 0.146 0.445 0.000 0.409
009500 0.146 0.446 0.000 0.408
010000 0.146 0.445 0.000 0.409
