000000 0.250 0.250 0.250 0.250
000500 0.124 0.450 0.000 0.425
001000 0.113 0.468 0.000 0.419
001500 0.104 0.481 0.000 0.416
002000 0.100 0.489 0.000 0.411
002500 0.096 0.497 0.000 0.407
003000 0.095 0.502 0.000 0.403
003500 0.094 0.507 0.000 0.399
004000 0.094 0.511 0.000 0.395
004500 0.093 0.513 0.000 0.393
005000 0.095 0.513 0.000 0.393
005500 0.092 0.520 0.000 0.388
006000 0.093 0.521 0.000 0.386
006500 0.091 0.526 0.000 0.383
007000 0.090 0.529 0.000 0.381
007500 0.089 0.534 0.000 0.377
008000 0.088 0.536 0.000 0.375
008500 0.089 0.537 0.000 0.374
009000 0.089 0.538 0.000 0.374
009500 0.087 0.542 0.000 0.371
010000 0.089 0.542 0.000 0.369
