000000 0.250 0.250 0.250 0.250
000500 0.113 0.435 0.000 0.453
001000 0.112 0.440 0.000 0.447
001500 0.112 0.445 0.000 0.442
002000 0.112 0.447 0.000 0.440
002500 0.112 0.448 0.000 0.440
003000 0.112 0.450 0.000 0.438
003500 0.112 0.450 0.000 0.437
004000 0.112 0.452 0.000 0.435
004500 0.112 0.454 0.000 0.434
005000 0.112 0.456 0.000 0.432
005500 0.112 0.456 0.000 0.432
006000 0.112 0.456 0.000 0.431
006500 0.112 0.457 0.000 0.431
007000 0.112 0.457 0.000 0.431
007500 0.112 0.457 0.000 0.431
008000 0.112 0.457 0.000 0.430
008500 0.112 0.458 0.000 0.429
009000 0.112 0.457 0.000 0.431
009500 0.112 0.460 0.000 0.428
010000 0.112 0.460 0.000 0.427
