000000 0.250 0.250 0.250 0.250
000500 0.019 0.841 0.001 0.139
001000 0.015 0.930 0.000 0.055
001500 0.014 0.946 0.000 0.041
002000 0.012 0.953 0.000 0.035
002500 0.011 0.958 0.000 0.031
003000 0.011 0.960 0.000 0.029
003500 0.009 0.964 0.000 0.027
004000 0.011 0.963 0.000 0.026
004500 0.010 0.965 0.000 0.025
005000 0.011 0.966 0.000 0.024
005500 0.009 0.969 0.000 0.022
006000 0.009 0.970 0.000 0.022
006500 0.009 0.970 0.000 0.020
007000 0.009 0.972 0.000 0.019
007500 0.008 0.974 0.000 0.019
008000 0.008 0.974 0.000 0.018
008500 0.008 0.976 0.000 0.016
009000 0.008 0.977 0.000 0.015
009500 0.009 0.976 0.000 0.014
010000 0.008 0.978 0.000 0.014
