000000 0.250 0.250 0.250 0.250
000500 0.253 0.381 0.000 0.366
001000 0.253 0.382 0.000 0.365
001500 0.253 0.383 0.000 0.364
002000 0.253 0.385 0.000 0.362
002500 0.253 0.384 0.000 0.363
003000 0.253 0.382 0.000 0.365
003500 0.253 0.383 0.000 0.364
004000 0.253 0.384 0.000 0.363
004500 0.253 0.383 0.000 0.364
005000 0.253 0.383 0.000 0.364
005500 0.253 0.383 0.000 0.364
006000 0.253 0.383 0.000 0.364
006500 0.253 0.383 0.000 0.364
007000 0.253 0.383 0.000 0.364
007500 0.253 0.382 0.000 0.365
008000 0.253 0.383 0.000 0.364
008500 0.253 0.382 0.000 0.365
009000 0.253 0.382 0.000 0.365
009500 0.253 0.382 0.000 0.365
010000 0.253 0.383 0.000 0.364
