000000 0.250 0.250 0.250 0.250
000500 0.023 0.550 0.000 0.427
001000 0.017 0.598 0.000 0.385
001500 0.015 0.629 0.000 0.357
002000 0.013 0.648 0.000 0.339
002500 0.012 0.659 0.000 0.329
003000 0.012 0.671 0.000 0.317
003500 0.012 0.680 0.000 0.308
004000 0.012 0.688 0.000 0.300
004500 0.011 0.693 0.000 0.296
005000 0.011 0.699 0.000 0.290
005500 0.010 0.702 0.000 0.288
006000 0.011 0.707 0.000 0.282
006500 0.011 0.715 0.000 0.275
007000 0.010 0.722 0.000 0.268
007500 0.011 0.725 0.000 0.264
008000 0.010 0.730 0.000 0.260
008500 0.011 0.732 0.000 0.257
009000 0.010 0.737 0.000 0.252
009500 0.010 0.740 0.000 0.250
010000 0.010 0.740 0.000 0.250
