000000 0.250 0.250 0.250 0.250
000500 0.016 0.035 0.410 0.539
001000 0.001 0.018 0.448 0.533
001500 0.000 0.008 0.448 0.544
002000 0.000 0.006 0.435 0.559
002500 0.000 0.006 0.444 0.549
003000 0.000 0.002 0.433 0.565
003500 0.000 0.000 0.443 0.557
004000 0.000 0.000 0.432 0.568
004500 0.000 0.000 0.443 0.557
005000 0.000 0.000 0.423 0.577
005500 0.000 0.000 0.442 0.558
006000 0.000 0.000 0.433 0.567
006500 0.000 0.000 0.441 0.559
007000 0.000 0.000 0.436 0.564
007500 0.000 0.000 0.427 0.573
008000 0.000 0.000 0.438 0.562
008500 0.000 0.000 0.440 0.560
009000 0.000 0.000 0.443 0.557
009500 0.000 0.000 0.445 0.555
010000 0.000 0.000 0.442 0.558
