000000 0.250 0.250 0.250 0.250
000500 0.001 0.843 0.000 0.156
001000 0.000 0.953 0.000 0.046
001500 0.000 0.979 0.000 0.020
002000 0.000 0.984 0.000 0.016
002500 0.000 0.987 0.000 0.013
003000 0.000 0.988 0.000 0.012
003500 0.000 0.989 0.000 0.011
004000 0.000 0.990 0.000 0.010
004500 0.000 0.990 0.000 0.010
005000 0.000 0.991 0.000 0.009
005500 0.000 0.991 0.000 0.009
006000 0.000 0.991 0.000 0.008
006500 0.000 0.992 0.000 0.008
007000 0.000 0.992 0.000 0.008
007500 0.000 0.992 0.000 0.008
008000 0.000 0.993 0.000 0.007
008500 0.000 0.994 0.000 0.006
009000 0.000 0.994 0.000 0.006
009500 0.000 0.994 0.000 0.006
010000 0.000 0.994 0.000 0.006
