000000 0.250 0.250 0.250 0.250
000500 0.517 0.140 0.000 0.342
001000 0.490 0.138 0.000 0.372
001500 0.483 0.139 0.000 0.377
002000 0.480 0.145 0.000 0.375
002500 0.478 0.145 0.000 0.376
003000 0.478 0.147 0.000 0.376
003500 0.476 0.149 0.000 0.375
004000 0.475 0.151 0.000 0.374
004500 0.474 0.151 0.000 0.376
005000 0.473 0.151 0.000 0.376
005500 0.474 0.151 0.000 0.375
006000 0.474 0.152 0.000 0.374
006500 0.473 0.152 0.000 0.375
007000 0.471 0.154 0.000 0.375
007500 0.472 0.153 0.000 0.376
008000 0.473 0.152 0.000 0.375
008500 0.472 0.153 0.000 0.375
009000 0.470 0.155 0.000 0.375
009500 0.471 0.154 0.000 0.375
010000 0.471 0.153 0.000 0.375
