000000 0.250 0.250 0.250 0.250
000500 0.180 0.408 0.000 0.412
001000 0.180 0.411 0.000 0.410
001500 0.180 0.411 0.000 0.409
002000 0.180 0.413 0.000 0.407
002500 0.180 0.414 0.000 0.406
003000 0.180 0.415 0.000 0.405
003500 0.180 0.416 0.000 0.404
004000 0.180 0.415 0.000 0.405
004500 0.180 0.415 0.000 0.405
005000 0.180 0.415 0.000 0.405
005500 0.180 0.415 0.000 0.405
006000 0.180 0.416 0.000 0.404
006500 0.180 0.415 0.000 0.405
007000 0.180 0.416 0.000 0.404
007500 0.180 0.416 0.000 0.404
008000 0.180 0.416 0.000 0.404
008500 0.180 0.417 0.000 0.403
009000 0.180 0.417 0.000 0.403
009500 0.180 0.417 0.000 0.403
010000 0.180 0.417 0.000 0.403
