000000 0.250 0.250 0.250 0.250
000500 0.063 0.459 0.000 0.477
001000 0.063 0.460 0.000 0.476
001500 0.063 0.462 0.000 0.475
002000 0.063 0.463 0.000 0.474
002500 0.063 0.462 0.000 0.475
003000 0.063 0.463 0.000 0.474
003500 0.063 0.464 0.000 0.473
004000 0.063 0.464 0.000 0.472
004500 0.063 0.465 0.000 0.472
005000 0.063 0.464 0.000 0.473
005500 0.063 0.466 0.000 0.470
006000 0.063 0.467 0.000 0.470
006500 0.063 0.467 0.000 0.469
007000 0.063 0.467 0.000 0.469
007500 0.063 0.470 0.000 0.467
008000 0.063 0.470 0.000 0.467
008500 0.063 0.470 0.000 0.467
009000 0.063 0.471 0.000 0.466
009500 0.063 0.470 0.000 0.467
010000 0.063 0.471 0.000 0.465
