000000 0.250 0.250 0.250 0.250
000500 0.198 0.402 0.000 0.400
001000 0.198 0.403 0.000 0.400
001500 0.198 0.405 0.000 0.398
002000 0.198 0.406 0.000 0.397
002500 0.198 0.407 0.000 0.395
003000 0.198 0.407 0.000 0.396
003500 0.198 0.408 0.000 0.395
004000 0.198 0.408 0.000 0.395
004500 0.198 0.408 0.000 0.394
005000 0.198 0.408 0.000 0.394
005500 0.198 0.408 0.000 0.394
006000 0.198 0.408 0.000 0.394
006500 0.198 0.408 0.000 0.394
007000 0.198 0.407 0.000 0.395
007500 0.198 0.407 0.000 0.395
008000 0.198 0.407 0.000 0.395
008500 0.198 0.409 0.000 0.394
009000 0.198 0.409 0.000 0.393
009500 0.198 0.408 0.000 0.394
010000 0.198 0.409 0.000 0.394
