000000 0.250 0.250 0.250 0.250
000500 0.214 0.400 0.000 0.386
001000 0.214 0.399 0.000 0.387
001500 0.214 0.400 0.000 0.386
002000 0.214 0.399 0.000 0.387
002500 0.214 0.400 0.000 0.386
003000 0.214 0.399 0.000 0.387
003500 0.214 0.400 0.000 0.386
004000 0.214 0.400 0.000 0.386
004500 0.214 0.399 0.000 0.387
005000 0.214 0.399 0.000 0.387
005500 0.214 0.400 0.000 0.386
006000 0.214 0.401 0.000 0.385
006500 0.214 0.401 0.000 0.385
007000 0.214 0.401 0.000 0.385
007500 0.214 0.401 0.000 0.385
008000 0.214 0.402 0.000 0.384
008500 0.214 0.402 0.000 0.384
009000 0.214 0.403 0.000 0.383
009500 0.214 0.402 0.000 0.384
010000 0.214 0.403 0.000 0.383
