000000 0.250 0.250 0.250 0.250
000500 0.046 0.473 0.000 0.481
001000 0.045 0.479 0.000 0.476
001500 0.045 0.480 0.000 0.475
002000 0.045 0.485 0.000 0.470
002500 0.045 0.490 0.000 0.465
003000 0.045 0.494 0.000 0.461
003500 0.045 0.494 0.000 0.461
004000 0.045 0.496 0.000 0.459
004500 0.045 0.500 0.000 0.455
005000 0.045 0.504 0.000 0.450
005500 0.045 0.505 0.000 0.450
006000 0.045 0.506 0.000 0.449
006500 0.045 0.509 0.000 0.446
007000 0.045 0.511 0.000 0.444
007500 0.045 0.513 0.000 0.442
008000 0.045 0.514 0.000 0.441
008500 0.045 0.516 0.000 0.439
009000 0.045 0.518 0.000 0.437
009500 0.045 0.517 0.000 0.438
010000 0.045 0.517 0.000 0.438
