000000 0.250 0.250 0.250 0.250
000500 0.110 0.397 0.000 0.493
001000 0.096 0.410 0.000 0.494
001500 0.086 0.425 0.000 0.489
002000 0.081 0.436 0.000 0.483
002500 0.081 0.443 0.000 0.476
003000 0.080 0.449 0.000 0.471
003500 0.078 0.453 0.000 0.469
004000 0.078 0.456 0.000 0.466
004500 0.075 0.460 0.000 0.465
005000 0.076 0.462 0.000 0.463
005500 0.074 0.466 0.000 0.459
006000 0.074 0.470 0.000 0.456
006500 0.073 0.470 0.000 0.457
007000 0.074 0.468 0.000 0.458
007500 0.073 0.471 0.000 0.456
008000 0.074 0.470 0.000 0.456
008500 0.071 0.473 0.000 0.455
009000 0.072 0.473 0.000 0.455
009500 0.072 0.475 0.000 0.453
010000 0.070 0.479 0.000 0.450
