000000 0.250 0.250 0.250 0.250
000500 0.033 0.496 0.000 0.471
001000 0.033 0.500 0.000 0.468
001500 0.033 0.501 0.000 0.466
002000 0.033 0.504 0.000 0.463
002500 0.033 0.508 0.000 0.459
003000 0.033 0.510 0.000 0.458
003500 0.033 0.511 0.000 0.457
004000 0.033 0.512 0.000 0.456
004500 0.033 0.514 0.000 0.454
005000 0.033 0.514 0.000 0.453
005500 0.033 0.516 0.000 0.452
006000 0.033 0.518 0.000 0.450
006500 0.033 0.520 0.000 0.448
007000 0.033 0.521 0.000 0.447
007500 0.033 0.522 0.000 0.445
008000 0.033 0.525 0.000 0.443
008500 0.033 0.526 0.000 0.442
009000 0.033 0.531 0.000 0.436
009500 0.033 0.533 0.000 0.434
010000 0.033 0.535 0.000 0.432
