000000 0.250 0.250 0.250 0.250
000500 0.017 0.231 0.079 0.672
001000 0.001 0.292 0.100 0.607
001500 0.000 0.332 0.095 0.573
002000 0.000 0.381 0.107 0.513
002500 0.000 0.433 0.105 0.462
003000 0.000 0.492 0.110 0.399
003500 0.000 0.538 0.119 0.343
004000 0.000 0.591 0.121 0.288
004500 0.000 0.632 0.112 0.256
005000 0.000 0.672 0.121 0.207
005500 0.000 0.707 0.121 0.172
006000 0.000 0.731 0.124 0.145
006500 0.000 0.760 0.118 0.122
007000 0.000 0.774 0.129 0.097
007500 0.000 0.791 0.134 0.075
008000 0.000 0.813 0.137 0.050
008500 0.000 0.839 0.134 0.028
009000 0.000 0.845 0.138 0.016
009500 0.000 0.859 0.129 0.012
010000 0.000 0.856 0.136 0.008
