000000 0.250 0.250 0.250 0.250
000500 0.064 0.378 0.000 0.558
001000 0.049 0.427 0.000 0.524
001500 0.040 0.459 0.000 0.501
002000 0.037 0.477 0.000 0.486
002500 0.034 0.496 0.000 0.470
003000 0.031 0.512 0.000 0.457
003500 0.030 0.518 0.000 0.451
004000 0.029 0.528 0.000 0.444
004500 0.026 0.536 0.000 0.438
005000 0.026 0.547 0.000 0.427
005500 0.024 0.556 0.000 0.421
006000 0.025 0.557 0.000 0.418
006500 0.023 0.568 0.000 0.409
007000 0.024 0.572 0.000 0.404
007500 0.023 0.578 0.000 0.399
008000 0.025 0.579 0.000 0.397
008500 0.023 0.586 0.000 0.391
009000 0.022 0.591 0.000 0.387
009500 0.022 0.595 0.000 0.383
010000 0.023 0.599 0.000 0.378
