000000 0.250 0.250 0.250 0.250
000500 0.026 0.112 0.308 0.553
001000 0.004 0.071 0.334 0.591
001500 0.000 0.064 0.345 0.591
002000 0.000 0.045 0.342 0.613
002500 0.000 0.030 0.331 0.639
003000 0.000 0.014 0.325 0.661
003500 0.000 0.010 0.339 0.651
004000 0.000 0.003 0.327 0.670
004500 0.000 0.002 0.351 0.647
005000 0.000 0.001 0.341 0.657
005500 0.000 0.000 0.345 0.655
006000 0.000 0.000 0.330 0.670
006500 0.000 0.000 0.338 0.662
007000 0.000 0.000 0.339 0.661
007500 0.000 0.000 0.336 0.664
008000 0.000 0.000 0.348 0.652
008500 0.000 0.000 0.339 0.661
009000 0.000 0.000 0.332 0.668
009500 0.000 0.000 0.326 0.674
010000 0.000 0.000 0.334 0.666
