000000 0.250 0.250 0.250 0.250
000500 0.011 0.581 0.000 0.408
001000 0.010 0.591 0.000 0.398
001500 0.011 0.599 0.000 0.390
002000 0.010 0.600 0.000 0.389
002500 0.010 0.603 0.000 0.387
003000 0.010 0.604 0.000 0.386
003500 0.010 0.605 0.000 0.385
004000 0.010 0.608 0.000 0.382
004500 0.010 0.610 0.000 0.379
005000 0.010 0.612 0.000 0.377
005500 0.010 0.615 0.000 0.375
006000 0.010 0.616 0.000 0.373
006500 0.010 0.618 0.000 0.371
007000 0.010 0.620 0.000 0.370
007500 0.010 0.622 0.000 0.368
008000 0.010 0.623 0.000 0.366
008500 0.010 0.625 0.000 0.364
009000 0.010 0.626 0.000 0.364
009500 0.010 0.627 0.000 0.363
010000 0.010 0.628 0.000 0.362
