000000 0.250 0.250 0.250 0.250
000500 0.017 0.543 0.000 0.439
001000 0.017 0.549 0.000 0.434
001500 0.017 0.553 0.000 0.430
002000 0.017 0.557 0.000 0.426
002500 0.017 0.559 0.000 0.424
003000 0.017 0.560 0.000 0.423
003500 0.017 0.561 0.000 0.422
004000 0.017 0.563 0.000 0.419
004500 0.017 0.567 0.000 0.416
005000 0.017 0.570 0.000 0.413
005500 0.017 0.573 0.000 0.409
006000 0.017 0.574 0.000 0.408
006500 0.017 0.576 0.000 0.407
007000 0.017 0.578 0.000 0.405
007500 0.017 0.578 0.000 0.405
008000 0.017 0.580 0.000 0.403
008500 0.017 0.584 0.000 0.399
009000 0.017 0.584 0.000 0.398
009500 0.017 0.585 0.000 0.398
010000 0.017 0.585 0.000 0.398
