000000 0.250 0.250 0.250 0.250
000500 0.041 0.501 0.000 0.458
001000 0.036 0.519 0.000 0.446
001500 0.034 0.526 0.000 0.440
002000 0.033 0.529 0.000 0.438
002500 0.034 0.537 0.000 0.430
003000 0.033 0.542 0.000 0.426
003500 0.033 0.544 0.000 0.423
004000 0.034 0.547 0.000 0.419
004500 0.032 0.552 0.000 0.415
005000 0.032 0.557 0.000 0.411
005500 0.032 0.560 0.000 0.408
006000 0.032 0.563 0.000 0.406
006500 0.032 0.567 0.000 0.401
007000 0.032 0.572 0.000 0.397
007500 0.032 0.573 0.000 0.395
008000 0.032 0.574 0.000 0.394
008500 0.032 0.575 0.000 0.393
009000 0.032 0.576 0.000 0.393
009500 0.032 0.578 0.000 0.390
010000 0.032 0.580 0.000 0.388
