000000 0.250 0.250 0.250 0.250
000500 0.093 0.447 0.000 0.460
001000 0.093 0.448 0.000 0.458
001500 0.093 0.449 0.000 0.458
002000 0.093 0.447 0.000 0.459
002500 0.093 0.450 0.000 0.457
003000 0.093 0.450 0.000 0.457
003500 0.093 0.451 0.000 0.456
004000 0.093 0.452 0.000 0.455
004500 0.093 0.452 0.000 0.455
005000 0.093 0.453 0.000 0.454
005500 0.093 0.452 0.000 0.454
006000 0.093 0.452 0.000 0.455
006500 0.093 0.451 0.000 0.455
007000 0.093 0.453 0.000 0.454
007500 0.093 0.453 0.000 0.454
008000 0.093 0.453 0.000 0.453
008500 0.093 0.455 0.000 0.452
009000 0.093 0.455 0.000 0.452
009500 0.093 0.454 0.000 0.453
010000 0.093 0.455 0.000 0.451
