000000 0.250 0.250 0.250 0.250
000500 0.014 0.574 0.000 0.412
001000 0.013 0.601 0.000 0.386
001500 0.013 0.611 0.000 0.376
002000 0.013 0.619 0.000 0.368
002500 0.013 0.623 0.000 0.364
003000 0.013 0.628 0.000 0.359
003500 0.013 0.634 0.000 0.353
004000 0.013 0.639 0.000 0.348
004500 0.013 0.648 0.000 0.340
005000 0.013 0.652 0.000 0.335
005500 0.013 0.654 0.000 0.334
006000 0.013 0.659 0.000 0.329
006500 0.013 0.660 0.000 0.327
007000 0.013 0.663 0.000 0.324
007500 0.013 0.667 0.000 0.320
008000 0.013 0.669 0.000 0.318
008500 0.013 0.671 0.000 0.316
009000 0.013 0.673 0.000 0.314
009500 0.013 0.675 0.000 0.312
010000 0.013 0.677 0.000 0.310
