000000 0.250 0.250 0.250 0.250
000500 0.049 0.481 0.000 0.470
001000 0.049 0.481 0.000 0.470
001500 0.049 0.483 0.000 0.468
002000 0.049 0.483 0.000 0.469
002500 0.049 0.484 0.000 0.468
003000 0.049 0.485 0.000 0.466
003500 0.049 0.486 0.000 0.465
004000 0.049 0.487 0.000 0.464
004500 0.049 0.487 0.000 0.465
005000 0.049 0.487 0.000 0.464
005500 0.049 0.488 0.000 0.464
006000 0.049 0.489 0.000 0.463
006500 0.049 0.488 0.000 0.464
007000 0.049 0.488 0.000 0.463
007500 0.049 0.489 0.000 0.463
008000 0.049 0.490 0.000 0.461
008500 0.049 0.490 0.000 0.462
009000 0.049 0.490 0.000 0.462
009500 0.049 0.489 0.000 0.462
010000 0.049 0.490 0.000 0.462
