000000 0.250 0.250 0.250 0.250
000500 0.030 0.488 0.000 0.481
001000 0.021 0.543 0.000 0.436
001500 0.019 0.571 0.000 0.409
002000 0.017 0.594 0.000 0.389
002500 0.016 0.611 0.000 0.373
003000 0.015 0.623 0.000 0.362
003500 0.016 0.629 0.000 0.355
004000 0.016 0.634 0.000 0.349
004500 0.015 0.641 0.000 0.343
005000 0.014 0.644 0.000 0.341
005500 0.014 0.649 0.000 0.337
006000 0.013 0.655 0.000 0.332
006500 0.013 0.663 0.000 0.324
007000 0.012 0.669 0.000 0.319
007500 0.012 0.671 0.000 0.317
008000 0.011 0.679 0.000 0.309
008500 0.011 0.680 0.000 0.309
009000 0.013 0.681 0.000 0.306
009500 0.013 0.683 0.000 0.304
010000 0.013 0.684 0.000 0.303
