000000 0.250 0.250 0.250 0.250
000500 0.354 0.107 0.020 0.519
001000 0.042 0.116 0.066 0.776
001500 0.001 0.131 0.064 0.804
002000 0.000 0.135 0.072 0.792
002500 0.000 0.141 0.088 0.771
003000 0.000 0.150 0.076 0.774
003500 0.000 0.161 0.074 0.765
004000 0.000 0.168 0.084 0.748
004500 0.000 0.189 0.078 0.733
005000 0.000 0.197 0.083 0.719
005500 0.000 0.213 0.069 0.718
006000 0.000 0.227 0.081 0.692
006500 0.000 0.238 0.102 0.660
007000 0.000 0.266 0.096 0.638
007500 0.000 0.280 0.064 0.656
008000 0.000 0.289 0.109 0.602
008500 0.000 0.312 0.093 0.595
009000 0.000 0.328 0.096 0.577
009500 0.000 0.337 0.105 0.558
010000 0.000 0.373 0.083 0.544
