000000 0.250 0.250 0.250 0.250
000500 0.112 0.443 0.000 0.445
001000 0.112 0.443 0.000 0.445
001500 0.112 0.444 0.000 0.444
002000 0.112 0.445 0.000 0.443
002500 0.112 0.446 0.000 0.442
003000 0.112 0.447 0.000 0.441
003500 0.112 0.448 0.000 0.440
004000 0.112 0.449 0.000 0.439
004500 0.112 0.449 0.000 0.440
005000 0.112 0.451 0.000 0.438
005500 0.112 0.451 0.000 0.437
006000 0.112 0.451 0.000 0.437
006500 0.112 0.451 0.000 0.437
007000 0.112 0.453 0.000 0.435
007500 0.112 0.454 0.000 0.434
008000 0.112 0.453 0.000 0.435
008500 0.112 0.453 0.000 0.435
009000 0.112 0.453 0.000 0.435
009500 0.112 0.452 0.000 0.436
010000 0.112 0.452 0.000 0.436
