000000 0.250 0.250 0.250 0.250
000500 0.025 0.554 0.000 0.421
001000 0.018 0.596 0.000 0.386
001500 0.015 0.617 0.000 0.368
002000 0.015 0.625 0.000 0.360
002500 0.015 0.638 0.000 0.347
003000 0.014 0.645 0.000 0.341
003500 0.014 0.649 0.000 0.337
004000 0.014 0.657 0.000 0.330
004500 0.014 0.662 0.000 0.325
005000 0.014 0.665 0.000 0.321
005500 0.014 0.667 0.000 0.319
006000 0.014 0.670 0.000 0.317
006500 0.014 0.674 0.000 0.312
007000 0.014 0.677 0.000 0.310
007500 0.014 0.682 0.000 0.305
008000 0.014 0.686 0.000 0.301
008500 0.014 0.692 0.000 0.294
009000 0.014 0.695 0.000 0.291
009500 0.014 0.698 0.000 0.288
010000 0.013 0.701 0.000 0.286
