000000 0.250 0.250 0.250 0.250
000500 0.235 0.407 0.000 0.358
001000 0.235 0.411 0.000 0.354
001500 0.235 0.410 0.000 0.355
002000 0.235 0.410 0.000 0.355
002500 0.235 0.410 0.000 0.355
003000 0.235 0.410 0.000 0.355
003500 0.235 0.410 0.000 0.355
004000 0.235 0.410 0.000 0.355
004500 0.235 0.410 0.000 0.355
005000 0.235 0.410 0.000 0.355
005500 0.235 0.410 0.000 0.355
006000 0.235 0.410 0.000 0.355
006500 0.235 0.410 0.000 0.355
007000 0.235 0.410 0.000 0.355
007500 0.235 0.410 0.000 0.355
008000 0.235 0.410 0.000 0.355
008500 0.235 0.410 0.000 0.355
009000 0.235 0.410 0.000 0.355
009500 0.235 0.410 0.000 0.355
010000 0.235 0.410 0.000 0.355
010500 0.235 0.410 0.000 0.355
011000 0.235 0.410 0.000 0.355
011500 0.235 0.410 0.000 0.355
012000 0.235 0.410 0.000 0.355
012500 0.235 0.410 0.000 0.355
013000 0.235 0.410 0.000 0.355
013500 0.235 0.410 0.000 0.355
014000 0.235 0.410 0.000 0.355
014500 0.235 0.410 0.000 0.355
015000 0.235 0.410 0.000 0.355
015500 0.235 0.410 0.000 0.355
016000 0.235 0.410 0.000 0.355
016500 0.235 0.410 0.000 0.355
017000 0.235 0.410 0.000 0.355
017500 0.235 0.410 0.000 0.355
018000 0.235 0.410 0.000 0.355
018500 0.235 0.410 0.000 0.355
019000 0.235 0.410 0.000 0.355
019500 0.235 0.410 0.000 0.355
020000 0.235 0.410 0.000 0.355
020500 0.235 0.410 0.000 0.355
021000 0.235 0.410 0.000 0.355
021500 0.235 0.410 0.000 0.355
022000 0.235 0.410 0.000 0.355
022500 0.235 0.410 0.000 0.355
023000 0.235 0.410 0.000 0.355
023500 0.235 0.410 0.000 0.355
024000 0.235 0.410 0.000 0.355
024500 0.235 0.410 0.000 0.355
025000 0.235 0.410 0.000 0.355
025500 0.235 0.410 0.000 0.355
026000 0.235 0.410 0.000 0.355
026500 0.235 0.410 0.000 0.355
027000 0.235 0.410 0.000 0.355
027500 0.235 0.410 0.000 0.355
028000 0.235 0.410 0.000 0.355
028500 0.235 0.410 0.000 0.355
029000 0.235 0.410 0.000 0.355
029500 0.235 0.410 0.000 0.355
030000 0.235 0.410 0.000 0.355
030500 0.235 0.410 0.000 0.355
031000 0.235 0.410 0.000 0.355
031500 0.235 0.410 0.000 0.355
032000 0.235 0.410 0.000 0.355
032500 0.235 0.410 0.000 0.355
033000 0.235 0.410 0.000 0.355
033500 0.235 0.410 0.000 0.355
034000 0.235 0.410 0.000 0.355
034500 0.235 0.410 0.000 0.355
035000 0.235 0.410 0.000 0.355
035500 0.235 0.410 0.000 0.355
036000 0.235 0.410 0.000 0.355
036500 0.235 0.410 0.000 0.355
037000 0.235 0.410 0.000 0.355
037500 0.235 0.410 0.000 0.355
038000 0.235 0.410 0.000 0.355
038500 0.235 0.410 0.000 0.355
039000 0.235 0.410 0.000 0.355
039500 0.235 0.410 0.000 0.355
040000 0.235 0.410 0.000 0.355
040500 0.235 0.410 0.000 0.355
041000 0.235 0.410 0.000 0.355
041500 0.235 0.410 0.000 0.355
042000 0.235 0.410 0.000 0.355
042500 0.235 0.410 0.000 0.355
043000 0.235 0.410 0.000 0.355
043500 0.235 0.410 0.000 0.355
044000 0.235 0.410 0.000 0.355
044500 0.235 0.410 0.000 0.355
045000 0.235 0.410 0.000 0.355
045500 0.235 0.410 0.000 0.355
046000 0.235 0.410 0.000 0.355
046500 0.235 0.410 0.000 0.355
047000 0.235 0.410 0.000 0.355
047500 0.235 0.410 0.000 0.355
048000 0.235 0.410 0.000 0.355
048500 0.235 0.410 0.000 0.355
049000 0.235 0.410 0.000 0.355
049500 0.235 0.410 0.000 0.355
050000 0.235 0.410 0.000 0.355
050500 0.235 0.410 0.000 0.355
051000 0.235 0.410 0.000 0.355
051500 0.235 0.410 0.000 0.355
052000 0.235 0.410 0.000 0.355
052500 0.235 0.410 0.000 0.355
053000 0.235 0.410 0.000 0.355
053500 0.235 0.410 0.000 0.355
054000 0.235 0.410 0.000 0.355
054500 0.235 0.410 0.000 0.355
055000 0.235 0.410 0.000 0.355
055500 0.235 0.410 0.000 0.355
056000 0.235 0.410 0.000 0.355
056500 0.235 0.410 0.000 0.355
057000 0.235 0.410 0.000 0.355
057500 0.235 0.410 0.000 0.355
058000 0.235 0.410 0.000 0.355
058500 0.235 0.410 0.000 0.355
059000 0.235 0.410 0.000 0.355
059500 0.235 0.410 0.000 0.355
060000 0.235 0.410 0.000 0.355
060500 0.235 0.410 0.000 0.355
061000 0.235 0.410 0.000 0.355
061500 0.235 0.410 0.000 0.355
062000 0.235 0.410 0.000 0.355
062500 0.235 0.410 0.000 0.355
063000 0.235 0.410 0.000 0.355
063500 0.235 0.410 0.000 0.355
064000 0.235 0.410 0.000 0.355
064500 0.235 0.410 0.000 0.355
065000 0.235 0.410 0.000 0.355
065500 0.235 0.410 0.000 0.355
066000 0.235 0.410 0.000 0.355
066500 0.235 0.410 0.000 0.355
067000 0.235 0.410 0.000 0.355
067500 0.235 0.410 0.000 0.355
068000 0.235 0.410 0.000 0.355
068500 0.235 0.410 0.000 0.355
069000 0.235 0.410 0.000 0.355
069500 0.235 0.410 0.000 0.355
070000 0.235 0.410 0.000 0.355
070500 0.235 0.410 0.000 0.355
071000 0.235 0.410 0.000 0.355
071500 0.235 0.410 0.000 0.355
072000 0.235 0.410 0.000 0.355
072500 0.235 0.410 0.000 0.355
073000 0.235 0.410 0.000 0.355
073500 0.235 0.410 0.000 0.355
074000 0.235 0.410 0.000 0.355
074500 0.235 0.410 0.000 0.355
075000 0.235 0.410 0.000 0.355
075500 0.235 0.410 0.000 0.355
076000 0.235 0.410 0.000 0.355
076500 0.235 0.410 0.000 0.355
077000 0.235 0.410 0.000 0.355
077500 0.235 0.410 0.000 0.355
078000 0.235 0.410 0.000 0.355
078500 0.235 0.410 0.000 0.355
079000 0.235 0.410 0.000 0.355
079500 0.235 0.410 0.000 0.355
080000 0.235 0.410 0.000 0.355
080500 0.235 0.410 0.000 0.355
081000 0.235 0.410 0.000 0.355
081500 0.235 0.410 0.000 0.355
082000 0.235 0.410 0.000 0.355
082500 0.235 0.410 0.000 0.355
083000 0.235 0.410 0.000 0.355
083500 0.235 0.410 0.000 0.355
084000 0.235 0.410 0.000 0.355
084500 0.235 0.410 0.000 0.355
085000 0.235 0.410 0.000 0.355
085500 0.235 0.410 0.000 0.355
086000 0.235 0.410 0.000 0.355
086500 0.235 0.410 0.000 0.355
087000 0.235 0.410 0.000 0.355
087500 0.235 0.410 0.000 0.355
088000 0.235 0.410 0.000 0.355
088500 0.235 0.410 0.000 0.355
089000 0.235 0.410 0.000 0.355
089500 0.235 0.410 0.000 0.355
090000 0.235 0.410 0.000 0.355
090500 0.235 0.410 0.000 0.355
091000 0.235 0.410 0.000 0.355
091500 0.235 0.410 0.000 0.355
092000 0.235 0.410 0.000 0.355
092500 0.235 0.410 0.000 0.355
093000 0.235 0.410 0.000 0.355
093500 0.235 0.410 0.000 0.355
094000 0.235 0.410 0.000 0.355
094500 0.235 0.410 0.000 0.355
095000 0.235 0.410 0.000 0.355
095500 0.235 0.410 0.000 0.355
096000 0.235 0.410 0.000 0.355
096500 0.235 0.410 0.000 0.355
097000 0.235 0.410 0.000 0.355
097500 0.235 0.410 0.000 0.355
098000 0.235 0.410 0.000 0.355
098500 0.235 0.410 0.000 0.355
099000 0.235 0.410 0.000 0.355
099500 0.235 0.410 0.000 0.355
100000 0.235 0.410 0.000 0.355
100500 0.235 0.410 0.000 0.355
101000 0.235 0.410 0.000 0.355
101500 0.235 0.410 0.000 0.355
102000 0.235 0.410 0.000 0.355
102500 0.235 0.410 0.000 0.355
103000 0.235 0.410 0.000 0.355
103500 0.235 0.410 0.000 0.355
104000 0.235 0.410 0.000 0.355
104500 0.235 0.410 0.000 0.355
105000 0.235 0.410 0.000 0.355
105500 0.235 0.410 0.000 0.355
106000 0.235 0.410 0.000 0.355
106500 0.235 0.410 0.000 0.355
107000 0.235 0.410 0.000 0.355
107500 0.235 0.410 0.000 0.355
108000 0.235 0.410 0.000 0.355
108500 0.235 0.410 0.000 0.355
109000 0.235 0.410 0.000 0.355
109500 0.235 0.410 0.000 0.355
110000 0.235 0.410 0.000 0.355
110500 0.235 0.410 0.000 0.355
111000 0.235 0.410 0.000 0.355
111500 0.235 0.410 0.000 0.355
112000 0.235 0.410 0.000 0.355
112500 0.235 0.410 0.000 0.355
113000 0.235 0.410 0.000 0.355
113500 0.235 0.410 0.000 0.355
114000 0.235 0.410 0.000 0.355
114500 0.235 0.410 0.000 0.355
115000 0.235 0.410 0.000 0.355
115500 0.235 0.410 0.000 0.355
116000 0.235 0.410 0.000 0.355
116500 0.235 0.410 0.000 0.355
117000 0.235 0.410 0.000 0.355
117500 0.235 0.410 0.000 0.355
118000 0.235 0.410 0.000 0.355
118500 0.235 0.410 0.000 0.355
119000 0.235 0.410 0.000 0.355
119500 0.235 0.410 0.000 0.355
120000 0.235 0.410 0.000 0.355
120500 0.235 0.410 0.000 0.355
121000 0.235 0.410 0.000 0.355
121500 0.235 0.410 0.000 0.355
122000 0.235 0.410 0.000 0.355
122500 0.235 0.410 0.000 0.355
123000 0.235 0.410 0.000 0.355
123500 0.235 0.410 0.000 0.355
124000 0.235 0.410 0.000 0.355
124500 0.235 0.410 0.000 0.355
125000 0.235 0.410 0.000 0.355
125500 0.235 0.410 0.000 0.355
126000 0.235 0.410 0.000 0.355
126500 0.235 0.410 0.000 0.355
127000 0.235 0.410 0.000 0.355
127500 0.235 0.410 0.000 0.355
128000 0.235 0.410 0.000 0.355
128500 0.235 0.410 0.000 0.355
129000 0.235 0.410 0.000 0.355
129500 0.235 0.410 0.000 0.355
130000 0.235 0.410 0.000 0.355
130500 0.235 0.410 0.000 0.355
131000 0.235 0.410 0.000 0.355
131500 0.235 0.410 0.000 0.355
132000 0.235 0.410 0.000 0.355
132500 0.235 0.410 0.000 0.355
133000 0.235 0.410 0.000 0.355
133500 0.235 0.410 0.000 0.355
134000 0.235 0.410 0.000 0.355
134500 0.235 0.410 0.000 0.355
135000 0.235 0.410 0.000 0.355
135500 0.235 0.410 0.000 0.355
136000 0.235 0.410 0.000 0.355
136500 0.235 0.410 0.000 0.355
137000 0.235 0.410 0.000 0.355
137500 0.235 0.410 0.000 0.355
138000 0.235 0.410 0.000 0.355
138500 0.235 0.410 0.000 0.355
139000 0.235 0.410 0.000 0.355
139500 0.235 0.410 0.000 0.355
140000 0.235 0.410 0.000 0.355
140500 0.235 0.410 0.000 0.355
141000 0.235 0.410 0.000 0.355
141500 0.235 0.410 0.000 0.355
142000 0.235 0.410 0.000 0.355
142500 0.235 0.410 0.000 0.355
143000 0.235 0.410 0.000 0.355
143500 0.235 0.410 0.000 0.355
144000 0.235 0.410 0.000 0.355
144500 0.235 0.410 0.000 0.355
145000 0.235 0.410 0.000 0.355
145500 0.235 0.410 0.000 0.355
146000 0.235 0.410 0.000 0.355
146500 0.235 0.410 0.000 0.355
147000 0.235 0.410 0.000 0.355
147500 0.235 0.410 0.000 0.355
148000 0.235 0.410 0.000 0.355
148500 0.235 0.410 0.000 0.355
149000 0.235 0.410 0.000 0.355
149500 0.235 0.410 0.000 0.355
150000 0.235 0.410 0.000 0.355
150500 0.235 0.410 0.000 0.355
151000 0.235 0.410 0.000 0.355
151500 0.235 0.410 0.000 0.355
152000 0.235 0.410 0.000 0.355
152500 0.235 0.410 0.000 0.355
153000 0.235 0.410 0.000 0.355
153500 0.235 0.410 0.000 0.355
154000 0.235 0.410 0.000 0.355
154500 0.235 0.410 0.000 0.355
155000 0.235 0.410 0.000 0.355
155500 0.235 0.410 0.000 0.355
156000 0.235 0.410 0.000 0.355
156500 0.235 0.410 0.000 0.355
157000 0.235 0.410 0.000 0.355
157500 0.235 0.410 0.000 0.355
158000 0.235 0.410 0.000 0.355
158500 0.235 0.410 0.000 0.355
159000 0.235 0.410 0.000 0.355
159500 0.235 0.410 0.000 0.355
160000 0.235 0.410 0.000 0.355
160500 0.235 0.410 0.000 0.355
161000 0.235 0.410 0.000 0.355
161500 0.235 0.410 0.000 0.355
162000 0.235 0.410 0.000 0.355
162500 0.235 0.410 0.000 0.355
163000 0.235 0.410 0.000 0.355
163500 0.235 0.410 0.000 0.355
164000 0.235 0.410 0.000 0.355
164500 0.235 0.410 0.000 0.355
165000 0.235 0.410 0.000 0.355
165500 0.235 0.410 0.000 0.355
166000 0.235 0.410 0.000 0.355
166500 0.235 0.410 0.000 0.355
167000 0.235 0.410 0.000 0.355
167500 0.235 0.410 0.000 0.355
168000 0.235 0.410 0.000 0.355
168500 0.235 0.410 0.000 0.355
169000 0.235 0.410 0.000 0.355
169500 0.235 0.410 0.000 0.355
170000 0.235 0.410 0.000 0.355
170500 0.235 0.410 0.000 0.355
171000 0.235 0.410 0.000 0.355
171500 0.235 0.410 0.000 0.355
172000 0.235 0.410 0.000 0.355
172500 0.235 0.410 0.000 0.355
173000 0.235 0.410 0.000 0.355
173500 0.235 0.410 0.000 0.355
174000 0.235 0.410 0.000 0.355
174500 0.235 0.410 0.000 0.355
175000 0.235 0.410 0.000 0.355
175500 0.235 0.410 0.000 0.355
176000 0.235 0.410 0.000 0.355
176500 0.235 0.410 0.000 0.355
177000 0.235 0.410 0.000 0.355
177500 0.235 0.410 0.000 0.355
178000 0.235 0.410 0.000 0.355
178500 0.235 0.410 0.000 0.355
179000 0.235 0.410 0.000 0.355
179500 0.235 0.410 0.000 0.355
180000 0.235 0.410 0.000 0.355
180500 0.235 0.410 0.000 0.355
181000 0.235 0.410 0.000 0.355
181500 0.235 0.410 0.000 0.355
182000 0.235 0.410 0.000 0.355
182500 0.235 0.410 0.000 0.355
183000 0.235 0.410 0.000 0.355
183500 0.235 0.410 0.000 0.355
184000 0.235 0.410 0.000 0.355
184500 0.235 0.410 0.000 0.355
185000 0.235 0.410 0.000 0.355
185500 0.235 0.410 0.000 0.355
186000 0.235 0.410 0.000 0.355
186500 0.235 0.410 0.000 0.355
187000 0.235 0.410 0.000 0.355
187500 0.235 0.410 0.000 0.355
188000 0.235 0.410 0.000 0.355
188500 0.235 0.410 0.000 0.355
189000 0.235 0.410 0.000 0.355
189500 0.235 0.410 0.000 0.355
190000 0.235 0.410 0.000 0.355
190500 0.235 0.410 0.000 0.355
191000 0.235 0.410 0.000 0.355
191500 0.235 0.410 0.000 0.355
192000 0.235 0.410 0.000 0.355
192500 0.235 0.410 0.000 0.355
193000 0.235 0.410 0.000 0.355
193500 0.235 0.410 0.000 0.355
194000 0.235 0.410 0.000 0.355
194500 0.235 0.410 0.000 0.355
195000 0.235 0.410 0.000 0.355
195500 0.235 0.410 0.000 0.355
196000 0.235 0.410 0.000 0.355
196500 0.235 0.410 0.000 0.355
197000 0.235 0.410 0.000 0.355
197500 0.235 0.410 0.000 0.355
198000 0.235 0.410 0.000 0.355
198500 0.235 0.410 0.000 0.355
199000 0.235 0.410 0.000 0.355
199500 0.235 0.410 0.000 0.355
200000 0.235 0.410 0.000 0.355
200500 0.235 0.410 0.000 0.355
201000 0.235 0.410 0.000 0.355
201500 0.235 0.410 0.000 0.355
202000 0.235 0.410 0.000 0.355
202500 0.235 0.410 0.000 0.355
203000 0.235 0.410 0.000 0.355
203500 0.235 0.410 0.000 0.355
204000 0.235 0.410 0.000 0.355
204500 0.235 0.410 0.000 0.355
205000 0.235 0.410 0.000 0.355
205500 0.235 0.410 0.000 0.355
206000 0.235 0.410 0.000 0.355
206500 0.235 0.410 0.000 0.355
207000 0.235 0.410 0.000 0.355
207500 0.235 0.410 0.000 0.355
208000 0.235 0.410 0.000 0.355
208500 0.235 0.410 0.000 0.355
209000 0.235 0.410 0.000 0.355
209500 0.235 0.410 0.000 0.355
210000 0.235 0.410 0.000 0.355
210500 0.235 0.410 0.000 0.355
211000 0.235 0.410 0.000 0.355
211500 0.235 0.410 0.000 0.355
212000 0.235 0.410 0.000 0.355
212500 0.235 0.410 0.000 0.355
213000 0.235 0.410 0.000 0.355
213500 0.235 0.410 0.000 0.355
214000 0.235 0.410 0.000 0.355
214500 0.235 0.410 0.000 0.355
215000 0.235 0.410 0.000 0.355
215500 0.235 0.410 0.000 0.355
216000 0.235 0.410 0.000 0.355
216500 0.235 0.410 0.000 0.355
217000 0.235 0.410 0.000 0.355
217500 0.235 0.410 0.000 0.355
218000 0.235 0.410 0.000 0.355
218500 0.235 0.410 0.000 0.355
219000 0.235 0.410 0.000 0.355
219500 0.235 0.410 0.000 0.355
220000 0.235 0.410 0.000 0.355
220500 0.235 0.410 0.000 0.355
221000 0.235 0.410 0.000 0.355
221500 0.235 0.410 0.000 0.355
222000 0.235 0.410 0.000 0.355
222500 0.235 0.410 0.000 0.355
223000 0.235 0.410 0.000 0.355
223500 0.235 0.410 0.000 0.355
224000 0.235 0.410 0.000 0.355
224500 0.235 0.410 0.000 0.355
225000 0.235 0.410 0.000 0.355
225500 0.235 0.410 0.000 0.355
226000 0.235 0.410 0.000 0.355
226500 0.235 0.410 0.000 0.355
227000 0.235 0.410 0.000 0.355
227500 0.235 0.410 0.000 0.355
228000 0.235 0.410 0.000 0.355
228500 0.235 0.410 0.000 0.355
229000 0.235 0.410 0.000 0.355
229500 0.235 0.410 0.000 0.355
230000 0.235 0.410 0.000 0.355
230500 0.235 0.410 0.000 0.355
231000 0.235 0.410 0.000 0.355
231500 0.235 0.410 0.000 0.355
232000 0.235 0.410 0.000 0.355
232500 0.235 0.410 0.000 0.355
233000 0.235 0.410 0.000 0.355
233500 0.235 0.410 0.000 0.355
234000 0.235 0.410 0.000 0.355
234500 0.235 0.410 0.000 0.355
235000 0.235 0.410 0.000 0.355
235500 0.235 0.410 0.000 0.355
236000 0.235 0.410 0.000 0.355
236500 0.235 0.410 0.000 0.355
237000 0.235 0.410 0.000 0.355
237500 0.235 0.410 0.000 0.355
238000 0.235 0.410 0.000 0.355
238500 0.235 0.410 0.000 0.355
239000 0.235 0.410 0.000 0.355
239500 0.235 0.410 0.000 0.355
240000 0.235 0.410 0.000 0.355
240500 0.235 0.410 0.000 0.355
241000 0.235 0.410 0.000 0.355
241500 0.235 0.410 0.000 0.355
242000 0.235 0.410 0.000 0.355
242500 0.235 0.410 0.000 0.355
243000 0.235 0.410 0.000 0.355
243500 0.235 0.410 0.000 0.355
244000 0.235 0.410 0.000 0.355
244500 0.235 0.410 0.000 0.355
245000 0.235 0.410 0.000 0.355
245500 0.235 0.410 0.000 0.355
246000 0.235 0.410 0.000 0.355
246500 0.235 0.410 0.000 0.355
247000 0.235 0.410 0.000 0.355
247500 0.235 0.410 0.000 0.355
248000 0.235 0.410 0.000 0.355
248500 0.235 0.410 0.000 0.355
249000 0.235 0.410 0.000 0.355
249500 0.235 0.410 0.000 0.355
250000 0.235 0.410 0.000 0.355
250500 0.235 0.410 0.000 0.355
251000 0.235 0.410 0.000 0.355
251500 0.235 0.410 0.000 0.355
252000 0.235 0.410 0.000 0.355
252500 0.235 0.410 0.000 0.355
253000 0.235 0.410 0.000 0.355
253500 0.235 0.410 0.000 0.355
254000 0.235 0.410 0.000 0.355
254500 0.235 0.410 0.000 0.355
255000 0.235 0.410 0.000 0.355
255500 0.235 0.410 0.000 0.355
256000 0.235 0.410 0.000 0.355
256500 0.235 0.410 0.000 0.355
257000 0.235 0.410 0.000 0.355
257500 0.235 0.410 0.000 0.355
258000 0.235 0.410 0.000 0.355
258500 0.235 0.410 0.000 0.355
259000 0.235 0.410 0.000 0.355
259500 0.235 0.410 0.000 0.355
260000 0.235 0.410 0.000 0.355
260500 0.235 0.410 0.000 0.355
261000 0.235 0.410 0.000 0.355
261500 0.235 0.410 0.000 0.355
262000 0.235 0.410 0.000 0.355
262500 0.235 0.410 0.000 0.355
263000 0.235 0.410 0.000 0.355
263500 0.235 0.410 0.000 0.355
264000 0.235 0.410 0.000 0.355
264500 0.235 0.410 0.000 0.355
265000 0.235 0.410 0.000 0.355
265500 0.235 0.410 0.000 0.355
266000 0.235 0.410 0.000 0.355
266500 0.235 0.410 0.000 0.355
267000 0.235 0.410 0.000 0.355
267500 0.235 0.410 0.000 0.355
268000 0.235 0.410 0.000 0.355
268500 0.235 0.410 0.000 0.355
269000 0.235 0.410 0.000 0.355
269500 0.235 0.410 0.000 0.355
270000 0.235 0.410 0.000 0.355
270500 0.235 0.410 0.000 0.355
271000 0.235 0.410 0.000 0.355
271500 0.235 0.410 0.000 0.355
272000 0.235 0.410 0.000 0.355
272500 0.235 0.410 0.000 0.355
273000 0.235 0.410 0.000 0.355
273500 0.235 0.410 0.000 0.355
274000 0.235 0.410 0.000 0.355
274500 0.235 0.410 0.000 0.355
275000 0.235 0.410 0.000 0.355
275500 0.235 0.410 0.000 0.355
276000 0.235 0.410 0.000 0.355
276500 0.235 0.410 0.000 0.355
277000 0.235 0.410 0.000 0.355
277500 0.235 0.410 0.000 0.355
278000 0.235 0.410 0.000 0.355
278500 0.235 0.410 0.000 0.355
279000 0.235 0.410 0.000 0.355
279500 0.235 0.410 0.000 0.355
280000 0.235 0.410 0.000 0.355
280500 0.235 0.410 0.000 0.355
281000 0.235 0.410 0.000 0.355
281500 0.235 0.410 0.000 0.355
282000 0.235 0.410 0.000 0.355
282500 0.235 0.410 0.000 0.355
283000 0.235 0.410 0.000 0.355
283500 0.235 0.410 0.000 0.355
284000 0.235 0.410 0.000 0.355
284500 0.235 0.410 0.000 0.355
285000 0.235 0.410 0.000 0.355
285500 0.235 0.410 0.000 0.355
286000 0.235 0.410 0.000 0.355
286500 0.235 0.410 0.000 0.355
287000 0.235 0.410 0.000 0.355
287500 0.235 0.410 0.000 0.355
288000 0.235 0.410 0.000 0.355
288500 0.235 0.410 0.000 0.355
289000 0.235 0.410 0.000 0.355
289500 0.235 0.410 0.000 0.355
290000 0.235 0.410 0.000 0.355
290500 0.235 0.410 0.000 0.355
291000 0.235 0.410 0.000 0.355
291500 0.235 0.410 0.000 0.355
292000 0.235 0.410 0.000 0.355
292500 0.235 0.410 0.000 0.355
293000 0.235 0.410 0.000 0.355
293500 0.235 0.410 0.000 0.355
294000 0.235 0.410 0.000 0.355
294500 0.235 0.410 0.000 0.355
295000 0.235 0.410 0.000 0.355
295500 0.235 0.410 0.000 0.355
296000 0.235 0.410 0.000 0.355
296500 0.235 0.410 0.000 0.355
297000 0.235 0.410 0.000 0.355
297500 0.235 0.410 0.000 0.355
298000 0.235 0.410 0.000 0.355
298500 0.235 0.410 0.000 0.355
299000 0.235 0.410 0.000 0.355
299500 0.235 0.410 0.000 0.355
300000 0.235 0.410 0.000 0.355
300500 0.235 0.410 0.000 0.355
301000 0.235 0.410 0.000 0.355
301500 0.235 0.410 0.000 0.355
302000 0.235 0.410 0.000 0.355
302500 0.235 0.410 0.000 0.355
303000 0.235 0.410 0.000 0.355
303500 0.235 0.410 0.000 0.355
304000 0.235 0.410 0.000 0.355
304500 0.235 0.410 0.000 0.355
305000 0.235 0.410 0.000 0.355
305500 0.235 0.410 0.000 0.355
306000 0.235 0.410 0.000 0.355
306500 0.235 0.410 0.000 0.355
307000 0.235 0.410 0.000 0.355
307500 0.235 0.410 0.000 0.355
308000 0.235 0.410 0.000 0.355
308500 0.235 0.410 0.000 0.355
309000 0.235 0.410 0.000 0.355
309500 0.235 0.410 0.000 0.355
310000 0.235 0.410 0.000 0.355
310500 0.235 0.410 0.000 0.355
311000 0.235 0.410 0.000 0.355
311500 0.235 0.410 0.000 0.355
312000 0.235 0.410 0.000 0.355
312500 0.235 0.410 0.000 0.355
313000 0.235 0.410 0.000 0.355
313500 0.235 0.410 0.000 0.355
314000 0.235 0.410 0.000 0.355
314500 0.235 0.410 0.000 0.355
315000 0.235 0.410 0.000 0.355
315500 0.235 0.410 0.000 0.355
316000 0.235 0.410 0.000 0.355
316500 0.235 0.410 0.000 0.355
317000 0.235 0.410 0.000 0.355
317500 0.235 0.410 0.000 0.355
318000 0.235 0.410 0.000 0.355
318500 0.235 0.410 0.000 0.355
319000 0.235 0.410 0.000 0.355
319500 0.235 0.410 0.000 0.355
320000 0.235 0.410 0.000 0.355
320500 0.235 0.410 0.000 0.355
321000 0.235 0.410 0.000 0.355
321500 0.235 0.410 0.000 0.355
322000 0.235 0.410 0.000 0.355
322500 0.235 0.410 0.000 0.355
323000 0.235 0.410 0.000 0.355
323500 0.235 0.410 0.000 0.355
324000 0.235 0.410 0.000 0.355
324500 0.235 0.410 0.000 0.355
325000 0.235 0.410 0.000 0.355
325500 0.235 0.410 0.000 0.355
326000 0.235 0.410 0.000 0.355
326500 0.235 0.410 0.000 0.355
327000 0.235 0.410 0.000 0.355
327500 0.235 0.410 0.000 0.355
328000 0.235 0.410 0.000 0.355
328500 0.235 0.410 0.000 0.355
329000 0.235 0.410 0.000 0.355
329500 0.235 0.410 0.000 0.355
330000 0.235 0.410 0.000 0.355
330500 0.235 0.410 0.000 0.355
331000 0.235 0.410 0.000 0.355
331500 0.235 0.410 0.000 0.355
332000 0.235 0.410 0.000 0.355
332500 0.235 0.410 0.000 0.355
333000 0.235 0.410 0.000 0.355
333500 0.235 0.410 0.000 0.355
334000 0.235 0.410 0.000 0.355
334500 0.235 0.410 0.000 0.355
335000 0.235 0.410 0.000 0.355
335500 0.235 0.410 0.000 0.355
336000 0.235 0.410 0.000 0.355
336500 0.235 0.410 0.000 0.355
337000 0.235 0.410 0.000 0.355
337500 0.235 0.410 0.000 0.355
338000 0.235 0.410 0.000 0.355
338500 0.235 0.410 0.000 0.355
339000 0.235 0.410 0.000 0.355
339500 0.235 0.410 0.000 0.355
340000 0.235 0.410 0.000 0.355
340500 0.235 0.410 0.000 0.355
341000 0.235 0.410 0.000 0.355
341500 0.235 0.410 0.000 0.355
342000 0.235 0.410 0.000 0.355
342500 0.235 0.410 0.000 0.355
343000 0.235 0.410 0.000 0.355
343500 0.235 0.410 0.000 0.355
344000 0.235 0.410 0.000 0.355
344500 0.235 0.410 0.000 0.355
345000 0.235 0.410 0.000 0.355
345500 0.235 0.410 0.000 0.355
346000 0.235 0.410 0.000 0.355
346500 0.235 0.410 0.000 0.355
347000 0.235 0.410 0.000 0.355
347500 0.235 0.410 0.000 0.355
348000 0.235 0.410 0.000 0.355
348500 0.235 0.410 0.000 0.355
349000 0.235 0.410 0.000 0.355
349500 0.235 0.410 0.000 0.355
350000 0.235 0.410 0.000 0.355
350500 0.235 0.410 0.000 0.355
351000 0.235 0.410 0.000 0.355
351500 0.235 0.410 0.000 0.355
352000 0.235 0.410 0.000 0.355
352500 0.235 0.410 0.000 0.355
353000 0.235 0.410 0.000 0.355
353500 0.235 0.410 0.000 0.355
354000 0.235 0.410 0.000 0.355
354500 0.235 0.410 0.000 0.355
355000 0.235 0.410 0.000 0.355
355500 0.235 0.410 0.000 0.355
356000 0.235 0.410 0.000 0.355
356500 0.235 0.410 0.000 0.355
357000 0.235 0.410 0.000 0.355
357500 0.235 0.410 0.000 0.355
358000 0.235 0.410 0.000 0.355
358500 0.235 0.410 0.000 0.355
359000 0.235 0.410 0.000 0.355
359500 0.235 0.410 0.000 0.355
360000 0.235 0.410 0.000 0.355
360500 0.235 0.410 0.000 0.355
361000 0.235 0.410 0.000 0.355
361500 0.235 0.410 0.000 0.355
362000 0.235 0.410 0.000 0.355
362500 0.235 0.410 0.000 0.355
363000 0.235 0.410 0.000 0.355
363500 0.235 0.410 0.000 0.355
364000 0.235 0.410 0.000 0.355
364500 0.235 0.410 0.000 0.355
365000 0.235 0.410 0.000 0.355
365500 0.235 0.410 0.000 0.355
366000 0.235 0.410 0.000 0.355
366500 0.235 0.410 0.000 0.355
367000 0.235 0.410 0.000 0.355
367500 0.235 0.410 0.000 0.355
368000 0.235 0.410 0.000 0.355
368500 0.235 0.410 0.000 0.355
369000 0.235 0.410 0.000 0.355
369500 0.235 0.410 0.000 0.355
370000 0.235 0.410 0.000 0.355
370500 0.235 0.410 0.000 0.355
371000 0.235 0.410 0.000 0.355
371500 0.235 0.410 0.000 0.355
372000 0.235 0.410 0.000 0.355
372500 0.235 0.410 0.000 0.355
373000 0.235 0.410 0.000 0.355
373500 0.235 0.410 0.000 0.355
374000 0.235 0.410 0.000 0.355
374500 0.235 0.410 0.000 0.355
375000 0.235 0.410 0.000 0.355
375500 0.235 0.410 0.000 0.355
376000 0.235 0.410 0.000 0.355
376500 0.235 0.410 0.000 0.355
377000 0.235 0.410 0.000 0.355
377500 0.235 0.410 0.000 0.355
378000 0.235 0.410 0.000 0.355
378500 0.235 0.410 0.000 0.355
379000 0.235 0.410 0.000 0.355
379500 0.235 0.410 0.000 0.355
380000 0.235 0.410 0.000 0.355
380500 0.235 0.410 0.000 0.355
381000 0.235 0.410 0.000 0.355
381500 0.235 0.410 0.000 0.355
382000 0.235 0.410 0.000 0.355
382500 0.235 0.410 0.000 0.355
383000 0.235 0.410 0.000 0.355
383500 0.235 0.410 0.000 0.355
384000 0.235 0.410 0.000 0.355
384500 0.235 0.410 0.000 0.355
385000 0.235 0.410 0.000 0.355
385500 0.235 0.410 0.000 0.355
386000 0.235 0.410 0.000 0.355
386500 0.235 0.410 0.000 0.355
387000 0.235 0.410 0.000 0.355
387500 0.235 0.410 0.000 0.355
388000 0.235 0.410 0.000 0.355
388500 0.235 0.410 0.000 0.355
389000 0.235 0.410 0.000 0.355
389500 0.235 0.410 0.000 0.355
390000 0.235 0.410 0.000 0.355
390500 0.235 0.410 0.000 0.355
391000 0.235 0.410 0.000 0.355
391500 0.235 0.410 0.000 0.355
392000 0.235 0.410 0.000 0.355
392500 0.235 0.410 0.000 0.355
393000 0.235 0.410 0.000 0.355
393500 0.235 0.410 0.000 0.355
394000 0.235 0.410 0.000 0.355
394500 0.235 0.410 0.000 0.355
395000 0.235 0.410 0.000 0.355
395500 0.235 0.410 0.000 0.355
396000 0.235 0.410 0.000 0.355
396500 0.235 0.410 0.000 0.355
397000 0.235 0.410 0.000 0.355
397500 0.235 0.410 0.000 0.355
398000 0.235 0.410 0.000 0.355
398500 0.235 0.410 0.000 0.355
399000 0.235 0.410 0.000 0.355
399500 0.235 0.410 0.000 0.355
400000 0.235 0.410 0.000 0.355
400500 0.235 0.410 0.000 0.355
401000 0.235 0.410 0.000 0.355
401500 0.235 0.410 0.000 0.355
402000 0.235 0.410 0.000 0.355
402500 0.235 0.410 0.000 0.355
403000 0.235 0.410 0.000 0.355
403500 0.235 0.410 0.000 0.355
404000 0.235 0.410 0.000 0.355
404500 0.235 0.410 0.000 0.355
405000 0.235 0.410 0.000 0.355
405500 0.235 0.410 0.000 0.355
406000 0.235 0.410 0.000 0.355
406500 0.235 0.410 0.000 0.355
407000 0.235 0.410 0.000 0.355
407500 0.235 0.410 0.000 0.355
408000 0.235 0.410 0.000 0.355
408500 0.235 0.410 0.000 0.355
409000 0.235 0.410 0.000 0.355
409500 0.235 0.410 0.000 0.355
410000 0.235 0.410 0.000 0.355
410500 0.235 0.410 0.000 0.355
411000 0.235 0.410 0.000 0.355
411500 0.235 0.410 0.000 0.355
412000 0.235 0.410 0.000 0.355
412500 0.235 0.410 0.000 0.355
413000 0.235 0.410 0.000 0.355
413500 0.235 0.410 0.000 0.355
414000 0.235 0.410 0.000 0.355
414500 0.235 0.410 0.000 0.355
415000 0.235 0.410 0.000 0.355
415500 0.235 0.410 0.000 0.355
416000 0.235 0.410 0.000 0.355
416500 0.235 0.410 0.000 0.355
417000 0.235 0.410 0.000 0.355
417500 0.235 0.410 0.000 0.355
418000 0.235 0.410 0.000 0.355
418500 0.235 0.410 0.000 0.355
419000 0.235 0.410 0.000 0.355
419500 0.235 0.410 0.000 0.355
420000 0.235 0.410 0.000 0.355
420500 0.235 0.410 0.000 0.355
421000 0.235 0.410 0.000 0.355
421500 0.235 0.410 0.000 0.355
422000 0.235 0.410 0.000 0.355
422500 0.235 0.410 0.000 0.355
423000 0.235 0.410 0.000 0.355
423500 0.235 0.410 0.000 0.355
424000 0.235 0.410 0.000 0.355
424500 0.235 0.410 0.000 0.355
425000 0.235 0.410 0.000 0.355
425500 0.235 0.410 0.000 0.355
426000 0.235 0.410 0.000 0.355
426500 0.235 0.410 0.000 0.355
427000 0.235 0.410 0.000 0.355
427500 0.235 0.410 0.000 0.355
428000 0.235 0.410 0.000 0.355
428500 0.235 0.410 0.000 0.355
429000 0.235 0.410 0.000 0.355
429500 0.235 0.410 0.000 0.355
430000 0.235 0.410 0.000 0.355
430500 0.235 0.410 0.000 0.355
431000 0.235 0.410 0.000 0.355
431500 0.235 0.410 0.000 0.355
432000 0.235 0.410 0.000 0.355
432500 0.235 0.410 0.000 0.355
433000 0.235 0.410 0.000 0.355
433500 0.235 0.410 0.000 0.355
434000 0.235 0.410 0.000 0.355
434500 0.235 0.410 0.000 0.355
435000 0.235 0.410 0.000 0.355
435500 0.235 0.410 0.000 0.355
436000 0.235 0.410 0.000 0.355
436500 0.235 0.410 0.000 0.355
437000 0.235 0.410 0.000 0.355
437500 0.235 0.410 0.000 0.355
438000 0.235 0.410 0.000 0.355
438500 0.235 0.410 0.000 0.355
439000 0.235 0.410 0.000 0.355
439500 0.235 0.410 0.000 0.355
440000 0.235 0.410 0.000 0.355
440500 0.235 0.410 0.000 0.355
441000 0.235 0.410 0.000 0.355
441500 0.235 0.410 0.000 0.355
442000 0.235 0.410 0.000 0.355
442500 0.235 0.410 0.000 0.355
443000 0.235 0.410 0.000 0.355
443500 0.235 0.410 0.000 0.355
444000 0.235 0.410 0.000 0.355
444500 0.235 0.410 0.000 0.355
445000 0.235 0.410 0.000 0.355
445500 0.235 0.410 0.000 0.355
446000 0.235 0.410 0.000 0.355
446500 0.235 0.410 0.000 0.355
447000 0.235 0.410 0.000 0.355
447500 0.235 0.410 0.000 0.355
448000 0.235 0.410 0.000 0.355
448500 0.235 0.410 0.000 0.355
449000 0.235 0.410 0.000 0.355
449500 0.235 0.410 0.000 0.355
450000 0.235 0.410 0.000 0.355
450500 0.235 0.410 0.000 0.355
451000 0.235 0.410 0.000 0.355
451500 0.235 0.410 0.000 0.355
452000 0.235 0.410 0.000 0.355
452500 0.235 0.410 0.000 0.355
453000 0.235 0.410 0.000 0.355
453500 0.235 0.410 0.000 0.355
454000 0.235 0.410 0.000 0.355
454500 0.235 0.410 0.000 0.355
455000 0.235 0.410 0.000 0.355
455500 0.235 0.410 0.000 0.355
456000 0.235 0.410 0.000 0.355
456500 0.235 0.410 0.000 0.355
457000 0.235 0.410 0.000 0.355
457500 0.235 0.410 0.000 0.355
458000 0.235 0.410 0.000 0.355
458500 0.235 0.410 0.000 0.355
459000 0.235 0.410 0.000 0.355
459500 0.235 0.410 0.000 0.355
460000 0.235 0.410 0.000 0.355
460500 0.235 0.410 0.000 0.355
461000 0.235 0.410 0.000 0.355
461500 0.235 0.410 0.000 0.355
462000 0.235 0.410 0.000 0.355
462500 0.235 0.410 0.000 0.355
463000 0.235 0.410 0.000 0.355
463500 0.235 0.410 0.000 0.355
464000 0.235 0.410 0.000 0.355
464500 0.235 0.410 0.000 0.355
465000 0.235 0.410 0.000 0.355
465500 0.235 0.410 0.000 0.355
466000 0.235 0.410 0.000 0.355
466500 0.235 0.410 0.000 0.355
467000 0.235 0.410 0.000 0.355
467500 0.235 0.410 0.000 0.355
468000 0.235 0.410 0.000 0.355
468500 0.235 0.410 0.000 0.355
469000 0.235 0.410 0.000 0.355
469500 0.235 0.410 0.000 0.355
470000 0.235 0.410 0.000 0.355
470500 0.235 0.410 0.000 0.355
471000 0.235 0.410 0.000 0.355
471500 0.235 0.410 0.000 0.355
472000 0.235 0.410 0.000 0.355
472500 0.235 0.410 0.000 0.355
473000 0.235 0.410 0.000 0.355
473500 0.235 0.410 0.000 0.355
474000 0.235 0.410 0.000 0.355
474500 0.235 0.410 0.000 0.355
475000 0.235 0.410 0.000 0.355
475500 0.235 0.410 0.000 0.355
476000 0.235 0.410 0.000 0.355
476500 0.235 0.410 0.000 0.355
477000 0.235 0.410 0.000 0.355
477500 0.235 0.410 0.000 0.355
478000 0.235 0.410 0.000 0.355
478500 0.235 0.410 0.000 0.355
479000 0.235 0.410 0.000 0.355
479500 0.235 0.410 0.000 0.355
480000 0.235 0.410 0.000 0.355
480500 0.235 0.410 0.000 0.355
481000 0.235 0.410 0.000 0.355
481500 0.235 0.410 0.000 0.355
482000 0.235 0.410 0.000 0.355
482500 0.235 0.410 0.000 0.355
483000 0.235 0.410 0.000 0.355
483500 0.235 0.410 0.000 0.355
484000 0.235 0.410 0.000 0.355
484500 0.235 0.410 0.000 0.355
485000 0.235 0.410 0.000 0.355
485500 0.235 0.410 0.000 0.355
486000 0.235 0.410 0.000 0.355
486500 0.235 0.410 0.000 0.355
487000 0.235 0.410 0.000 0.355
487500 0.235 0.410 0.000 0.355
488000 0.235 0.410 0.000 0.355
488500 0.235 0.410 0.000 0.355
489000 0.235 0.410 0.000 0.355
489500 0.235 0.410 0.000 0.355
490000 0.235 0.410 0.000 0.355
490500 0.235 0.410 0.000 0.355
491000 0.235 0.410 0.000 0.355
491500 0.235 0.410 0.000 0.355
492000 0.235 0.410 0.000 0.355
492500 0.235 0.410 0.000 0.355
493000 0.235 0.410 0.000 0.355
493500 0.235 0.410 0.000 0.355
494000 0.235 0.410 0.000 0.355
494500 0.235 0.410 0.000 0.355
495000 0.235 0.410 0.000 0.355
495500 0.235 0.410 0.000 0.355
496000 0.235 0.410 0.000 0.355
496500 0.235 0.410 0.000 0.355
497000 0.235 0.410 0.000 0.355
497500 0.235 0.410 0.000 0.355
498000 0.235 0.410 0.000 0.355
498500 0.235 0.410 0.000 0.355
499000 0.235 0.410 0.000 0.355
499500 0.235 0.410 0.000 0.355
500000 0.235 0.410 0.000 0.355
