000000 0.250 0.250 0.250 0.250
000500 0.114 0.521 0.000 0.365
001000 0.111 0.532 0.000 0.356
001500 0.111 0.542 0.000 0.348
002000 0.111 0.548 0.000 0.342
002500 0.111 0.551 0.000 0.338
003000 0.111 0.555 0.000 0.335
003500 0.111 0.556 0.000 0.333
004000 0.111 0.560 0.000 0.330
004500 0.111 0.562 0.000 0.327
005000 0.111 0.563 0.000 0.326
005500 0.111 0.564 0.000 0.325
006000 0.111 0.564 0.000 0.326
006500 0.111 0.564 0.000 0.325
007000 0.111 0.564 0.000 0.325
007500 0.111 0.564 0.000 0.325
008000 0.111 0.564 0.000 0.325
008500 0.111 0.564 0.000 0.325
009000 0.111 0.564 0.000 0.325
009500 0.111 0.564 0.000 0.325
010000 0.111 0.564 0.000 0.325
010500 0.111 0.564 0.000 0.325
011000 0.111 0.564 0.000 0.325
011500 0.111 0.564 0.000 0.325
012000 0.111 0.564 0.000 0.325
012500 0.111 0.564 0.000 0.325
013000 0.111 0.564 0.000 0.325
013500 0.111 0.564 0.000 0.325
014000 0.111 0.564 0.000 0.325
014500 0.111 0.564 0.000 0.325
015000 0.111 0.564 0.000 0.325
015500 0.111 0.564 0.000 0.325
016000 0.111 0.564 0.000 0.325
016500 0.111 0.564 0.000 0.325
017000 0.111 0.564 0.000 0.325
017500 0.111 0.564 0.000 0.325
018000 0.111 0.564 0.000 0.325
018500 0.111 0.564 0.000 0.325
019000 0.111 0.564 0.000 0.325
019500 0.111 0.564 0.000 0.325
020000 0.111 0.564 0.000 0.325
020500 0.111 0.564 0.000 0.325
021000 0.111 0.564 0.000 0.325
021500 0.111 0.564 0.000 0.325
022000 0.111 0.564 0.000 0.325
022500 0.111 0.564 0.000 0.325
023000 0.111 0.564 0.000 0.325
023500 0.111 0.564 0.000 0.325
024000 0.111 0.564 0.000 0.325
024500 0.111 0.564 0.000 0.325
025000 0.111 0.564 0.000 0.325
025500 0.111 0.564 0.000 0.325
026000 0.111 0.564 0.000 0.325
026500 0.111 0.564 0.000 0.325
027000 0.111 0.564 0.000 0.325
027500 0.111 0.564 0.000 0.325
028000 0.111 0.564 0.000 0.325
028500 0.111 0.564 0.000 0.325
029000 0.111 0.564 0.000 0.325
029500 0.111 0.564 0.000 0.325
030000 0.111 0.564 0.000 0.325
030500 0.111 0.564 0.000 0.325
031000 0.111 0.564 0.000 0.325
031500 0.111 0.564 0.000 0.325
032000 0.111 0.564 0.000 0.325
032500 0.111 0.564 0.000 0.325
033000 0.111 0.564 0.000 0.325
033500 0.111 0.564 0.000 0.325
034000 0.111 0.564 0.000 0.325
034500 0.111 0.564 0.000 0.325
035000 0.111 0.564 0.000 0.325
035500 0.111 0.564 0.000 0.325
036000 0.111 0.564 0.000 0.325
036500 0.111 0.564 0.000 0.325
037000 0.111 0.564 0.000 0.325
037500 0.111 0.564 0.000 0.325
038000 0.111 0.564 0.000 0.325
038500 0.111 0.564 0.000 0.325
039000 0.111 0.564 0.000 0.325
039500 0.111 0.564 0.000 0.325
040000 0.111 0.564 0.000 0.325
040500 0.111 0.564 0.000 0.325
041000 0.111 0.564 0.000 0.325
041500 0.111 0.564 0.000 0.325
042000 0.111 0.564 0.000 0.325
042500 0.111 0.564 0.000 0.325
043000 0.111 0.564 0.000 0.325
043500 0.111 0.564 0.000 0.325
044000 0.111 0.564 0.000 0.325
044500 0.111 0.564 0.000 0.325
045000 0.111 0.564 0.000 0.325
045500 0.111 0.564 0.000 0.325
046000 0.111 0.564 0.000 0.325
046500 0.111 0.564 0.000 0.325
047000 0.111 0.564 0.000 0.325
047500 0.111 0.564 0.000 0.325
048000 0.111 0.564 0.000 0.325
048500 0.111 0.564 0.000 0.325
049000 0.111 0.564 0.000 0.325
049500 0.111 0.564 0.000 0.325
050000 0.111 0.564 0.000 0.325
050500 0.111 0.564 0.000 0.325
051000 0.111 0.564 0.000 0.325
051500 0.111 0.564 0.000 0.325
052000 0.111 0.564 0.000 0.325
052500 0.111 0.564 0.000 0.325
053000 0.111 0.564 0.000 0.325
053500 0.111 0.564 0.000 0.325
054000 0.111 0.564 0.000 0.325
054500 0.111 0.564 0.000 0.325
055000 0.111 0.564 0.000 0.325
055500 0.111 0.564 0.000 0.325
056000 0.111 0.564 0.000 0.325
056500 0.111 0.564 0.000 0.325
057000 0.111 0.564 0.000 0.325
057500 0.111 0.564 0.000 0.325
058000 0.111 0.564 0.000 0.325
058500 0.111 0.564 0.000 0.325
059000 0.111 0.564 0.000 0.325
059500 0.111 0.564 0.000 0.325
060000 0.111 0.564 0.000 0.325
060500 0.111 0.564 0.000 0.325
061000 0.111 0.564 0.000 0.325
061500 0.111 0.564 0.000 0.325
062000 0.111 0.564 0.000 0.325
062500 0.111 0.564 0.000 0.325
063000 0.111 0.564 0.000 0.325
063500 0.111 0.564 0.000 0.325
064000 0.111 0.564 0.000 0.325
064500 0.111 0.564 0.000 0.325
065000 0.111 0.564 0.000 0.325
065500 0.111 0.564 0.000 0.325
066000 0.111 0.564 0.000 0.325
066500 0.111 0.564 0.000 0.325
067000 0.111 0.564 0.000 0.325
067500 0.111 0.564 0.000 0.325
068000 0.111 0.564 0.000 0.325
068500 0.111 0.564 0.000 0.325
069000 0.111 0.564 0.000 0.325
069500 0.111 0.564 0.000 0.325
070000 0.111 0.564 0.000 0.325
070500 0.111 0.564 0.000 0.325
071000 0.111 0.564 0.000 0.325
071500 0.111 0.564 0.000 0.325
072000 0.111 0.564 0.000 0.325
072500 0.111 0.564 0.000 0.325
073000 0.111 0.564 0.000 0.325
073500 0.111 0.564 0.000 0.325
074000 0.111 0.564 0.000 0.325
074500 0.111 0.564 0.000 0.325
075000 0.111 0.564 0.000 0.325
075500 0.111 0.564 0.000 0.325
076000 0.111 0.564 0.000 0.325
076500 0.111 0.564 0.000 0.325
077000 0.111 0.564 0.000 0.325
077500 0.111 0.564 0.000 0.325
078000 0.111 0.564 0.000 0.325
078500 0.111 0.564 0.000 0.325
079000 0.111 0.564 0.000 0.325
079500 0.111 0.564 0.000 0.325
080000 0.111 0.564 0.000 0.325
080500 0.111 0.564 0.000 0.325
081000 0.111 0.564 0.000 0.325
081500 0.111 0.564 0.000 0.325
082000 0.111 0.564 0.000 0.325
082500 0.111 0.564 0.000 0.325
083000 0.111 0.564 0.000 0.325
083500 0.111 0.564 0.000 0.325
084000 0.111 0.564 0.000 0.325
084500 0.111 0.564 0.000 0.325
085000 0.111 0.564 0.000 0.325
085500 0.111 0.564 0.000 0.325
086000 0.111 0.564 0.000 0.325
086500 0.111 0.564 0.000 0.325
087000 0.111 0.564 0.000 0.325
087500 0.111 0.564 0.000 0.325
088000 0.111 0.564 0.000 0.325
088500 0.111 0.564 0.000 0.325
089000 0.111 0.564 0.000 0.325
089500 0.111 0.564 0.000 0.325
090000 0.111 0.564 0.000 0.325
090500 0.111 0.564 0.000 0.325
091000 0.111 0.564 0.000 0.325
091500 0.111 0.564 0.000 0.325
092000 0.111 0.564 0.000 0.325
092500 0.111 0.564 0.000 0.325
093000 0.111 0.564 0.000 0.325
093500 0.111 0.564 0.000 0.325
094000 0.111 0.564 0.000 0.325
094500 0.111 0.564 0.000 0.325
095000 0.111 0.564 0.000 0.325
095500 0.111 0.564 0.000 0.325
096000 0.111 0.564 0.000 0.325
096500 0.111 0.564 0.000 0.325
097000 0.111 0.564 0.000 0.325
097500 0.111 0.564 0.000 0.325
098000 0.111 0.564 0.000 0.325
098500 0.111 0.564 0.000 0.325
099000 0.111 0.564 0.000 0.325
099500 0.111 0.564 0.000 0.325
100000 0.111 0.564 0.000 0.325
100500 0.111 0.564 0.000 0.325
101000 0.111 0.564 0.000 0.325
101500 0.111 0.564 0.000 0.325
102000 0.111 0.564 0.000 0.325
102500 0.111 0.564 0.000 0.325
103000 0.111 0.564 0.000 0.325
103500 0.111 0.564 0.000 0.325
104000 0.111 0.564 0.000 0.325
104500 0.111 0.564 0.000 0.325
105000 0.111 0.564 0.000 0.325
105500 0.111 0.564 0.000 0.325
106000 0.111 0.564 0.000 0.325
106500 0.111 0.564 0.000 0.325
107000 0.111 0.564 0.000 0.325
107500 0.111 0.564 0.000 0.325
108000 0.111 0.564 0.000 0.325
108500 0.111 0.564 0.000 0.325
109000 0.111 0.564 0.000 0.325
109500 0.111 0.564 0.000 0.325
110000 0.111 0.564 0.000 0.325
110500 0.111 0.564 0.000 0.325
111000 0.111 0.564 0.000 0.325
111500 0.111 0.564 0.000 0.325
112000 0.111 0.564 0.000 0.325
112500 0.111 0.564 0.000 0.325
113000 0.111 0.564 0.000 0.325
113500 0.111 0.564 0.000 0.325
114000 0.111 0.564 0.000 0.325
114500 0.111 0.564 0.000 0.325
115000 0.111 0.564 0.000 0.325
115500 0.111 0.564 0.000 0.325
116000 0.111 0.564 0.000 0.325
116500 0.111 0.564 0.000 0.325
117000 0.111 0.564 0.000 0.325
117500 0.111 0.564 0.000 0.325
118000 0.111 0.564 0.000 0.325
118500 0.111 0.564 0.000 0.325
119000 0.111 0.564 0.000 0.325
119500 0.111 0.564 0.000 0.325
120000 0.111 0.564 0.000 0.325
120500 0.111 0.564 0.000 0.325
121000 0.111 0.564 0.000 0.325
121500 0.111 0.564 0.000 0.325
122000 0.111 0.564 0.000 0.325
122500 0.111 0.564 0.000 0.325
123000 0.111 0.564 0.000 0.325
123500 0.111 0.564 0.000 0.325
124000 0.111 0.564 0.000 0.325
124500 0.111 0.564 0.000 0.325
125000 0.111 0.564 0.000 0.325
125500 0.111 0.564 0.000 0.325
126000 0.111 0.564 0.000 0.325
126500 0.111 0.564 0.000 0.325
127000 0.111 0.564 0.000 0.325
127500 0.111 0.564 0.000 0.325
128000 0.111 0.564 0.000 0.325
128500 0.111 0.564 0.000 0.325
129000 0.111 0.564 0.000 0.325
129500 0.111 0.564 0.000 0.325
130000 0.111 0.564 0.000 0.325
130500 0.111 0.564 0.000 0.325
131000 0.111 0.564 0.000 0.325
131500 0.111 0.564 0.000 0.325
132000 0.111 0.564 0.000 0.325
132500 0.111 0.564 0.000 0.325
133000 0.111 0.564 0.000 0.325
133500 0.111 0.564 0.000 0.325
134000 0.111 0.564 0.000 0.325
134500 0.111 0.564 0.000 0.325
135000 0.111 0.564 0.000 0.325
135500 0.111 0.564 0.000 0.325
136000 0.111 0.564 0.000 0.325
136500 0.111 0.564 0.000 0.325
137000 0.111 0.564 0.000 0.325
137500 0.111 0.564 0.000 0.325
138000 0.111 0.564 0.000 0.325
138500 0.111 0.564 0.000 0.325
139000 0.111 0.564 0.000 0.325
139500 0.111 0.564 0.000 0.325
140000 0.111 0.564 0.000 0.325
140500 0.111 0.564 0.000 0.325
141000 0.111 0.564 0.000 0.325
141500 0.111 0.564 0.000 0.325
142000 0.111 0.564 0.000 0.325
142500 0.111 0.564 0.000 0.325
143000 0.111 0.564 0.000 0.325
143500 0.111 0.564 0.000 0.325
144000 0.111 0.564 0.000 0.325
144500 0.111 0.564 0.000 0.325
145000 0.111 0.564 0.000 0.325
145500 0.111 0.564 0.000 0.325
146000 0.111 0.564 0.000 0.325
146500 0.111 0.564 0.000 0.325
147000 0.111 0.564 0.000 0.325
147500 0.111 0.564 0.000 0.325
148000 0.111 0.564 0.000 0.325
148500 0.111 0.564 0.000 0.325
149000 0.111 0.564 0.000 0.325
149500 0.111 0.564 0.000 0.325
150000 0.111 0.564 0.000 0.325
150500 0.111 0.564 0.000 0.325
151000 0.111 0.564 0.000 0.325
151500 0.111 0.564 0.000 0.325
152000 0.111 0.564 0.000 0.325
152500 0.111 0.564 0.000 0.325
153000 0.111 0.564 0.000 0.325
153500 0.111 0.564 0.000 0.325
154000 0.111 0.564 0.000 0.325
154500 0.111 0.564 0.000 0.325
155000 0.111 0.564 0.000 0.325
155500 0.111 0.564 0.000 0.325
156000 0.111 0.564 0.000 0.325
156500 0.111 0.564 0.000 0.325
157000 0.111 0.564 0.000 0.325
157500 0.111 0.564 0.000 0.325
158000 0.111 0.564 0.000 0.325
158500 0.111 0.564 0.000 0.325
159000 0.111 0.564 0.000 0.325
159500 0.111 0.564 0.000 0.325
160000 0.111 0.564 0.000 0.325
160500 0.111 0.564 0.000 0.325
161000 0.111 0.564 0.000 0.325
161500 0.111 0.564 0.000 0.325
162000 0.111 0.564 0.000 0.325
162500 0.111 0.564 0.000 0.325
163000 0.111 0.564 0.000 0.325
163500 0.111 0.564 0.000 0.325
164000 0.111 0.564 0.000 0.325
164500 0.111 0.564 0.000 0.325
165000 0.111 0.564 0.000 0.325
165500 0.111 0.564 0.000 0.325
166000 0.111 0.564 0.000 0.325
166500 0.111 0.564 0.000 0.325
167000 0.111 0.564 0.000 0.325
167500 0.111 0.564 0.000 0.325
168000 0.111 0.564 0.000 0.325
168500 0.111 0.564 0.000 0.325
169000 0.111 0.564 0.000 0.325
169500 0.111 0.564 0.000 0.325
170000 0.111 0.564 0.000 0.325
170500 0.111 0.564 0.000 0.325
171000 0.111 0.564 0.000 0.325
171500 0.111 0.564 0.000 0.325
172000 0.111 0.564 0.000 0.325
172500 0.111 0.564 0.000 0.325
173000 0.111 0.564 0.000 0.325
173500 0.111 0.564 0.000 0.325
174000 0.111 0.564 0.000 0.325
174500 0.111 0.564 0.000 0.325
175000 0.111 0.564 0.000 0.325
175500 0.111 0.564 0.000 0.325
176000 0.111 0.564 0.000 0.325
176500 0.111 0.564 0.000 0.325
177000 0.111 0.564 0.000 0.325
177500 0.111 0.564 0.000 0.325
178000 0.111 0.564 0.000 0.325
178500 0.111 0.564 0.000 0.325
179000 0.111 0.564 0.000 0.325
179500 0.111 0.564 0.000 0.325
180000 0.111 0.564 0.000 0.325
180500 0.111 0.564 0.000 0.325
181000 0.111 0.564 0.000 0.325
181500 0.111 0.564 0.000 0.325
182000 0.111 0.564 0.000 0.325
182500 0.111 0.564 0.000 0.325
183000 0.111 0.564 0.000 0.325
183500 0.111 0.564 0.000 0.325
184000 0.111 0.564 0.000 0.325
184500 0.111 0.564 0.000 0.325
185000 0.111 0.564 0.000 0.325
185500 0.111 0.564 0.000 0.325
186000 0.111 0.564 0.000 0.325
186500 0.111 0.564 0.000 0.325
187000 0.111 0.564 0.000 0.325
187500 0.111 0.564 0.000 0.325
188000 0.111 0.564 0.000 0.325
188500 0.111 0.564 0.000 0.325
189000 0.111 0.564 0.000 0.325
189500 0.111 0.564 0.000 0.325
190000 0.111 0.564 0.000 0.325
190500 0.111 0.564 0.000 0.325
191000 0.111 0.564 0.000 0.325
191500 0.111 0.564 0.000 0.325
192000 0.111 0.564 0.000 0.325
192500 0.111 0.564 0.000 0.325
193000 0.111 0.564 0.000 0.325
193500 0.111 0.564 0.000 0.325
194000 0.111 0.564 0.000 0.325
194500 0.111 0.564 0.000 0.325
195000 0.111 0.564 0.000 0.325
195500 0.111 0.564 0.000 0.325
196000 0.111 0.564 0.000 0.325
196500 0.111 0.564 0.000 0.325
197000 0.111 0.564 0.000 0.325
197500 0.111 0.564 0.000 0.325
198000 0.111 0.564 0.000 0.325
198500 0.111 0.564 0.000 0.325
199000 0.111 0.564 0.000 0.325
199500 0.111 0.564 0.000 0.325
200000 0.111 0.564 0.000 0.325
200500 0.111 0.564 0.000 0.325
201000 0.111 0.564 0.000 0.325
201500 0.111 0.564 0.000 0.325
202000 0.111 0.564 0.000 0.325
202500 0.111 0.564 0.000 0.325
203000 0.111 0.564 0.000 0.325
203500 0.111 0.564 0.000 0.325
204000 0.111 0.564 0.000 0.325
204500 0.111 0.564 0.000 0.325
205000 0.111 0.564 0.000 0.325
205500 0.111 0.564 0.000 0.325
206000 0.111 0.564 0.000 0.325
206500 0.111 0.564 0.000 0.325
207000 0.111 0.564 0.000 0.325
207500 0.111 0.564 0.000 0.325
208000 0.111 0.564 0.000 0.325
208500 0.111 0.564 0.000 0.325
209000 0.111 0.564 0.000 0.325
209500 0.111 0.564 0.000 0.325
210000 0.111 0.564 0.000 0.325
210500 0.111 0.564 0.000 0.325
211000 0.111 0.564 0.000 0.325
211500 0.111 0.564 0.000 0.325
212000 0.111 0.564 0.000 0.325
212500 0.111 0.564 0.000 0.325
213000 0.111 0.564 0.000 0.325
213500 0.111 0.564 0.000 0.325
214000 0.111 0.564 0.000 0.325
214500 0.111 0.564 0.000 0.325
215000 0.111 0.564 0.000 0.325
215500 0.111 0.564 0.000 0.325
216000 0.111 0.564 0.000 0.325
216500 0.111 0.564 0.000 0.325
217000 0.111 0.564 0.000 0.325
217500 0.111 0.564 0.000 0.325
218000 0.111 0.564 0.000 0.325
218500 0.111 0.564 0.000 0.325
219000 0.111 0.564 0.000 0.325
219500 0.111 0.564 0.000 0.325
220000 0.111 0.564 0.000 0.325
220500 0.111 0.564 0.000 0.325
221000 0.111 0.564 0.000 0.325
221500 0.111 0.564 0.000 0.325
222000 0.111 0.564 0.000 0.325
222500 0.111 0.564 0.000 0.325
223000 0.111 0.564 0.000 0.325
223500 0.111 0.564 0.000 0.325
224000 0.111 0.564 0.000 0.325
224500 0.111 0.564 0.000 0.325
225000 0.111 0.564 0.000 0.325
225500 0.111 0.564 0.000 0.325
226000 0.111 0.564 0.000 0.325
226500 0.111 0.564 0.000 0.325
227000 0.111 0.564 0.000 0.325
227500 0.111 0.564 0.000 0.325
228000 0.111 0.564 0.000 0.325
228500 0.111 0.564 0.000 0.325
229000 0.111 0.564 0.000 0.325
229500 0.111 0.564 0.000 0.325
230000 0.111 0.564 0.000 0.325
230500 0.111 0.564 0.000 0.325
231000 0.111 0.564 0.000 0.325
231500 0.111 0.564 0.000 0.325
232000 0.111 0.564 0.000 0.325
232500 0.111 0.564 0.000 0.325
233000 0.111 0.564 0.000 0.325
233500 0.111 0.564 0.000 0.325
234000 0.111 0.564 0.000 0.325
234500 0.111 0.564 0.000 0.325
235000 0.111 0.564 0.000 0.325
235500 0.111 0.564 0.000 0.325
236000 0.111 0.564 0.000 0.325
236500 0.111 0.564 0.000 0.325
237000 0.111 0.564 0.000 0.325
237500 0.111 0.564 0.000 0.325
238000 0.111 0.564 0.000 0.325
238500 0.111 0.564 0.000 0.325
239000 0.111 0.564 0.000 0.325
239500 0.111 0.564 0.000 0.325
240000 0.111 0.564 0.000 0.325
240500 0.111 0.564 0.000 0.325
241000 0.111 0.564 0.000 0.325
241500 0.111 0.564 0.000 0.325
242000 0.111 0.564 0.000 0.325
242500 0.111 0.564 0.000 0.325
243000 0.111 0.564 0.000 0.325
243500 0.111 0.564 0.000 0.325
244000 0.111 0.564 0.000 0.325
244500 0.111 0.564 0.000 0.325
245000 0.111 0.564 0.000 0.325
245500 0.111 0.564 0.000 0.325
246000 0.111 0.564 0.000 0.325
246500 0.111 0.564 0.000 0.325
247000 0.111 0.564 0.000 0.325
247500 0.111 0.564 0.000 0.325
248000 0.111 0.564 0.000 0.325
248500 0.111 0.564 0.000 0.325
249000 0.111 0.564 0.000 0.325
249500 0.111 0.564 0.000 0.325
250000 0.111 0.564 0.000 0.325
250500 0.111 0.564 0.000 0.325
251000 0.111 0.564 0.000 0.325
251500 0.111 0.564 0.000 0.325
252000 0.111 0.564 0.000 0.325
252500 0.111 0.564 0.000 0.325
253000 0.111 0.564 0.000 0.325
253500 0.111 0.564 0.000 0.325
254000 0.111 0.564 0.000 0.325
254500 0.111 0.564 0.000 0.325
255000 0.111 0.564 0.000 0.325
255500 0.111 0.564 0.000 0.325
256000 0.111 0.564 0.000 0.325
256500 0.111 0.564 0.000 0.325
257000 0.111 0.564 0.000 0.325
257500 0.111 0.564 0.000 0.325
258000 0.111 0.564 0.000 0.325
258500 0.111 0.564 0.000 0.325
259000 0.111 0.564 0.000 0.325
259500 0.111 0.564 0.000 0.325
260000 0.111 0.564 0.000 0.325
260500 0.111 0.564 0.000 0.325
261000 0.111 0.564 0.000 0.325
261500 0.111 0.564 0.000 0.325
262000 0.111 0.564 0.000 0.325
262500 0.111 0.564 0.000 0.325
263000 0.111 0.564 0.000 0.325
263500 0.111 0.564 0.000 0.325
264000 0.111 0.564 0.000 0.325
264500 0.111 0.564 0.000 0.325
265000 0.111 0.564 0.000 0.325
265500 0.111 0.564 0.000 0.325
266000 0.111 0.564 0.000 0.325
266500 0.111 0.564 0.000 0.325
267000 0.111 0.564 0.000 0.325
267500 0.111 0.564 0.000 0.325
268000 0.111 0.564 0.000 0.325
268500 0.111 0.564 0.000 0.325
269000 0.111 0.564 0.000 0.325
269500 0.111 0.564 0.000 0.325
270000 0.111 0.564 0.000 0.325
270500 0.111 0.564 0.000 0.325
271000 0.111 0.564 0.000 0.325
271500 0.111 0.564 0.000 0.325
272000 0.111 0.564 0.000 0.325
272500 0.111 0.564 0.000 0.325
273000 0.111 0.564 0.000 0.325
273500 0.111 0.564 0.000 0.325
274000 0.111 0.564 0.000 0.325
274500 0.111 0.564 0.000 0.325
275000 0.111 0.564 0.000 0.325
275500 0.111 0.564 0.000 0.325
276000 0.111 0.564 0.000 0.325
276500 0.111 0.564 0.000 0.325
277000 0.111 0.564 0.000 0.325
277500 0.111 0.564 0.000 0.325
278000 0.111 0.564 0.000 0.325
278500 0.111 0.564 0.000 0.325
279000 0.111 0.564 0.000 0.325
279500 0.111 0.564 0.000 0.325
280000 0.111 0.564 0.000 0.325
280500 0.111 0.564 0.000 0.325
281000 0.111 0.564 0.000 0.325
281500 0.111 0.564 0.000 0.325
282000 0.111 0.564 0.000 0.325
282500 0.111 0.564 0.000 0.325
283000 0.111 0.564 0.000 0.325
283500 0.111 0.564 0.000 0.325
284000 0.111 0.564 0.000 0.325
284500 0.111 0.564 0.000 0.325
285000 0.111 0.564 0.000 0.325
285500 0.111 0.564 0.000 0.325
286000 0.111 0.564 0.000 0.325
286500 0.111 0.564 0.000 0.325
287000 0.111 0.564 0.000 0.325
287500 0.111 0.564 0.000 0.325
288000 0.111 0.564 0.000 0.325
288500 0.111 0.564 0.000 0.325
289000 0.111 0.564 0.000 0.325
289500 0.111 0.564 0.000 0.325
290000 0.111 0.564 0.000 0.325
290500 0.111 0.564 0.000 0.325
291000 0.111 0.564 0.000 0.325
291500 0.111 0.564 0.000 0.325
292000 0.111 0.564 0.000 0.325
292500 0.111 0.564 0.000 0.325
293000 0.111 0.564 0.000 0.325
293500 0.111 0.564 0.000 0.325
294000 0.111 0.564 0.000 0.325
294500 0.111 0.564 0.000 0.325
295000 0.111 0.564 0.000 0.325
295500 0.111 0.564 0.000 0.325
296000 0.111 0.564 0.000 0.325
296500 0.111 0.564 0.000 0.325
297000 0.111 0.564 0.000 0.325
297500 0.111 0.564 0.000 0.325
298000 0.111 0.564 0.000 0.325
298500 0.111 0.564 0.000 0.325
299000 0.111 0.564 0.000 0.325
299500 0.111 0.564 0.000 0.325
300000 0.111 0.564 0.000 0.325
300500 0.111 0.564 0.000 0.325
301000 0.111 0.564 0.000 0.325
301500 0.111 0.564 0.000 0.325
302000 0.111 0.564 0.000 0.325
302500 0.111 0.564 0.000 0.325
303000 0.111 0.564 0.000 0.325
303500 0.111 0.564 0.000 0.325
304000 0.111 0.564 0.000 0.325
304500 0.111 0.564 0.000 0.325
305000 0.111 0.564 0.000 0.325
305500 0.111 0.564 0.000 0.325
306000 0.111 0.564 0.000 0.325
306500 0.111 0.564 0.000 0.325
307000 0.111 0.564 0.000 0.325
307500 0.111 0.564 0.000 0.325
308000 0.111 0.564 0.000 0.325
308500 0.111 0.564 0.000 0.325
309000 0.111 0.564 0.000 0.325
309500 0.111 0.564 0.000 0.325
310000 0.111 0.564 0.000 0.325
310500 0.111 0.564 0.000 0.325
311000 0.111 0.564 0.000 0.325
311500 0.111 0.564 0.000 0.325
312000 0.111 0.564 0.000 0.325
312500 0.111 0.564 0.000 0.325
313000 0.111 0.564 0.000 0.325
313500 0.111 0.564 0.000 0.325
314000 0.111 0.564 0.000 0.325
314500 0.111 0.564 0.000 0.325
315000 0.111 0.564 0.000 0.325
315500 0.111 0.564 0.000 0.325
316000 0.111 0.564 0.000 0.325
316500 0.111 0.564 0.000 0.325
317000 0.111 0.564 0.000 0.325
317500 0.111 0.564 0.000 0.325
318000 0.111 0.564 0.000 0.325
318500 0.111 0.564 0.000 0.325
319000 0.111 0.564 0.000 0.325
319500 0.111 0.564 0.000 0.325
320000 0.111 0.564 0.000 0.325
320500 0.111 0.564 0.000 0.325
321000 0.111 0.564 0.000 0.325
321500 0.111 0.564 0.000 0.325
322000 0.111 0.564 0.000 0.325
322500 0.111 0.564 0.000 0.325
323000 0.111 0.564 0.000 0.325
323500 0.111 0.564 0.000 0.325
324000 0.111 0.564 0.000 0.325
324500 0.111 0.564 0.000 0.325
325000 0.111 0.564 0.000 0.325
325500 0.111 0.564 0.000 0.325
326000 0.111 0.564 0.000 0.325
326500 0.111 0.564 0.000 0.325
327000 0.111 0.564 0.000 0.325
327500 0.111 0.564 0.000 0.325
328000 0.111 0.564 0.000 0.325
328500 0.111 0.564 0.000 0.325
329000 0.111 0.564 0.000 0.325
329500 0.111 0.564 0.000 0.325
330000 0.111 0.564 0.000 0.325
330500 0.111 0.564 0.000 0.325
331000 0.111 0.564 0.000 0.325
331500 0.111 0.564 0.000 0.325
332000 0.111 0.564 0.000 0.325
332500 0.111 0.564 0.000 0.325
333000 0.111 0.564 0.000 0.325
333500 0.111 0.564 0.000 0.325
334000 0.111 0.564 0.000 0.325
334500 0.111 0.564 0.000 0.325
335000 0.111 0.564 0.000 0.325
335500 0.111 0.564 0.000 0.325
336000 0.111 0.564 0.000 0.325
336500 0.111 0.564 0.000 0.325
337000 0.111 0.564 0.000 0.325
337500 0.111 0.564 0.000 0.325
338000 0.111 0.564 0.000 0.325
338500 0.111 0.564 0.000 0.325
339000 0.111 0.564 0.000 0.325
339500 0.111 0.564 0.000 0.325
340000 0.111 0.564 0.000 0.325
340500 0.111 0.564 0.000 0.325
341000 0.111 0.564 0.000 0.325
341500 0.111 0.564 0.000 0.325
342000 0.111 0.564 0.000 0.325
342500 0.111 0.564 0.000 0.325
343000 0.111 0.564 0.000 0.325
343500 0.111 0.564 0.000 0.325
344000 0.111 0.564 0.000 0.325
344500 0.111 0.564 0.000 0.325
345000 0.111 0.564 0.000 0.325
345500 0.111 0.564 0.000 0.325
346000 0.111 0.564 0.000 0.325
346500 0.111 0.564 0.000 0.325
347000 0.111 0.564 0.000 0.325
347500 0.111 0.564 0.000 0.325
348000 0.111 0.564 0.000 0.325
348500 0.111 0.564 0.000 0.325
349000 0.111 0.564 0.000 0.325
349500 0.111 0.564 0.000 0.325
350000 0.111 0.564 0.000 0.325
350500 0.111 0.564 0.000 0.325
351000 0.111 0.564 0.000 0.325
351500 0.111 0.564 0.000 0.325
352000 0.111 0.564 0.000 0.325
352500 0.111 0.564 0.000 0.325
353000 0.111 0.564 0.000 0.325
353500 0.111 0.564 0.000 0.325
354000 0.111 0.564 0.000 0.325
354500 0.111 0.564 0.000 0.325
355000 0.111 0.564 0.000 0.325
355500 0.111 0.564 0.000 0.325
356000 0.111 0.564 0.000 0.325
356500 0.111 0.564 0.000 0.325
357000 0.111 0.564 0.000 0.325
357500 0.111 0.564 0.000 0.325
358000 0.111 0.564 0.000 0.325
358500 0.111 0.564 0.000 0.325
359000 0.111 0.564 0.000 0.325
359500 0.111 0.564 0.000 0.325
360000 0.111 0.564 0.000 0.325
360500 0.111 0.564 0.000 0.325
361000 0.111 0.564 0.000 0.325
361500 0.111 0.564 0.000 0.325
362000 0.111 0.564 0.000 0.325
362500 0.111 0.564 0.000 0.325
363000 0.111 0.564 0.000 0.325
363500 0.111 0.564 0.000 0.325
364000 0.111 0.564 0.000 0.325
364500 0.111 0.564 0.000 0.325
365000 0.111 0.564 0.000 0.325
365500 0.111 0.564 0.000 0.325
366000 0.111 0.564 0.000 0.325
366500 0.111 0.564 0.000 0.325
367000 0.111 0.564 0.000 0.325
367500 0.111 0.564 0.000 0.325
368000 0.111 0.564 0.000 0.325
368500 0.111 0.564 0.000 0.325
369000 0.111 0.564 0.000 0.325
369500 0.111 0.564 0.000 0.325
370000 0.111 0.564 0.000 0.325
370500 0.111 0.564 0.000 0.325
371000 0.111 0.564 0.000 0.325
371500 0.111 0.564 0.000 0.325
372000 0.111 0.564 0.000 0.325
372500 0.111 0.564 0.000 0.325
373000 0.111 0.564 0.000 0.325
373500 0.111 0.564 0.000 0.325
374000 0.111 0.564 0.000 0.325
374500 0.111 0.564 0.000 0.325
375000 0.111 0.564 0.000 0.325
375500 0.111 0.564 0.000 0.325
376000 0.111 0.564 0.000 0.325
376500 0.111 0.564 0.000 0.325
377000 0.111 0.564 0.000 0.325
377500 0.111 0.564 0.000 0.325
378000 0.111 0.564 0.000 0.325
378500 0.111 0.564 0.000 0.325
379000 0.111 0.564 0.000 0.325
379500 0.111 0.564 0.000 0.325
380000 0.111 0.564 0.000 0.325
380500 0.111 0.564 0.000 0.325
381000 0.111 0.564 0.000 0.325
381500 0.111 0.564 0.000 0.325
382000 0.111 0.564 0.000 0.325
382500 0.111 0.564 0.000 0.325
383000 0.111 0.564 0.000 0.325
383500 0.111 0.564 0.000 0.325
384000 0.111 0.564 0.000 0.325
384500 0.111 0.564 0.000 0.325
385000 0.111 0.564 0.000 0.325
385500 0.111 0.564 0.000 0.325
386000 0.111 0.564 0.000 0.325
386500 0.111 0.564 0.000 0.325
387000 0.111 0.564 0.000 0.325
387500 0.111 0.564 0.000 0.325
388000 0.111 0.564 0.000 0.325
388500 0.111 0.564 0.000 0.325
389000 0.111 0.564 0.000 0.325
389500 0.111 0.564 0.000 0.325
390000 0.111 0.564 0.000 0.325
390500 0.111 0.564 0.000 0.325
391000 0.111 0.564 0.000 0.325
391500 0.111 0.564 0.000 0.325
392000 0.111 0.564 0.000 0.325
392500 0.111 0.564 0.000 0.325
393000 0.111 0.564 0.000 0.325
393500 0.111 0.564 0.000 0.325
394000 0.111 0.564 0.000 0.325
394500 0.111 0.564 0.000 0.325
395000 0.111 0.564 0.000 0.325
395500 0.111 0.564 0.000 0.325
396000 0.111 0.564 0.000 0.325
396500 0.111 0.564 0.000 0.325
397000 0.111 0.564 0.000 0.325
397500 0.111 0.564 0.000 0.325
398000 0.111 0.564 0.000 0.325
398500 0.111 0.564 0.000 0.325
399000 0.111 0.564 0.000 0.325
399500 0.111 0.564 0.000 0.325
400000 0.111 0.564 0.000 0.325
400500 0.111 0.564 0.000 0.325
401000 0.111 0.564 0.000 0.325
401500 0.111 0.564 0.000 0.325
402000 0.111 0.564 0.000 0.325
402500 0.111 0.564 0.000 0.325
403000 0.111 0.564 0.000 0.325
403500 0.111 0.564 0.000 0.325
404000 0.111 0.564 0.000 0.325
404500 0.111 0.564 0.000 0.325
405000 0.111 0.564 0.000 0.325
405500 0.111 0.564 0.000 0.325
406000 0.111 0.564 0.000 0.325
406500 0.111 0.564 0.000 0.325
407000 0.111 0.564 0.000 0.325
407500 0.111 0.564 0.000 0.325
408000 0.111 0.564 0.000 0.325
408500 0.111 0.564 0.000 0.325
409000 0.111 0.564 0.000 0.325
409500 0.111 0.564 0.000 0.325
410000 0.111 0.564 0.000 0.325
410500 0.111 0.564 0.000 0.325
411000 0.111 0.564 0.000 0.325
411500 0.111 0.564 0.000 0.325
412000 0.111 0.564 0.000 0.325
412500 0.111 0.564 0.000 0.325
413000 0.111 0.564 0.000 0.325
413500 0.111 0.564 0.000 0.325
414000 0.111 0.564 0.000 0.325
414500 0.111 0.564 0.000 0.325
415000 0.111 0.564 0.000 0.325
415500 0.111 0.564 0.000 0.325
416000 0.111 0.564 0.000 0.325
416500 0.111 0.564 0.000 0.325
417000 0.111 0.564 0.000 0.325
417500 0.111 0.564 0.000 0.325
418000 0.111 0.564 0.000 0.325
418500 0.111 0.564 0.000 0.325
419000 0.111 0.564 0.000 0.325
419500 0.111 0.564 0.000 0.325
420000 0.111 0.564 0.000 0.325
420500 0.111 0.564 0.000 0.325
421000 0.111 0.564 0.000 0.325
421500 0.111 0.564 0.000 0.325
422000 0.111 0.564 0.000 0.325
422500 0.111 0.564 0.000 0.325
423000 0.111 0.564 0.000 0.325
423500 0.111 0.564 0.000 0.325
424000 0.111 0.564 0.000 0.325
424500 0.111 0.564 0.000 0.325
425000 0.111 0.564 0.000 0.325
425500 0.111 0.564 0.000 0.325
426000 0.111 0.564 0.000 0.325
426500 0.111 0.564 0.000 0.325
427000 0.111 0.564 0.000 0.325
427500 0.111 0.564 0.000 0.325
428000 0.111 0.564 0.000 0.325
428500 0.111 0.564 0.000 0.325
429000 0.111 0.564 0.000 0.325
429500 0.111 0.564 0.000 0.325
430000 0.111 0.564 0.000 0.325
430500 0.111 0.564 0.000 0.325
431000 0.111 0.564 0.000 0.325
431500 0.111 0.564 0.000 0.325
432000 0.111 0.564 0.000 0.325
432500 0.111 0.564 0.000 0.325
433000 0.111 0.564 0.000 0.325
433500 0.111 0.564 0.000 0.325
434000 0.111 0.564 0.000 0.325
434500 0.111 0.564 0.000 0.325
435000 0.111 0.564 0.000 0.325
435500 0.111 0.564 0.000 0.325
436000 0.111 0.564 0.000 0.325
436500 0.111 0.564 0.000 0.325
437000 0.111 0.564 0.000 0.325
437500 0.111 0.564 0.000 0.325
438000 0.111 0.564 0.000 0.325
438500 0.111 0.564 0.000 0.325
439000 0.111 0.564 0.000 0.325
439500 0.111 0.564 0.000 0.325
440000 0.111 0.564 0.000 0.325
440500 0.111 0.564 0.000 0.325
441000 0.111 0.564 0.000 0.325
441500 0.111 0.564 0.000 0.325
442000 0.111 0.564 0.000 0.325
442500 0.111 0.564 0.000 0.325
443000 0.111 0.564 0.000 0.325
443500 0.111 0.564 0.000 0.325
444000 0.111 0.564 0.000 0.325
444500 0.111 0.564 0.000 0.325
445000 0.111 0.564 0.000 0.325
445500 0.111 0.564 0.000 0.325
446000 0.111 0.564 0.000 0.325
446500 0.111 0.564 0.000 0.325
447000 0.111 0.564 0.000 0.325
447500 0.111 0.564 0.000 0.325
448000 0.111 0.564 0.000 0.325
448500 0.111 0.564 0.000 0.325
449000 0.111 0.564 0.000 0.325
449500 0.111 0.564 0.000 0.325
450000 0.111 0.564 0.000 0.325
450500 0.111 0.564 0.000 0.325
451000 0.111 0.564 0.000 0.325
451500 0.111 0.564 0.000 0.325
452000 0.111 0.564 0.000 0.325
452500 0.111 0.564 0.000 0.325
453000 0.111 0.564 0.000 0.325
453500 0.111 0.564 0.000 0.325
454000 0.111 0.564 0.000 0.325
454500 0.111 0.564 0.000 0.325
455000 0.111 0.564 0.000 0.325
455500 0.111 0.564 0.000 0.325
456000 0.111 0.564 0.000 0.325
456500 0.111 0.564 0.000 0.325
457000 0.111 0.564 0.000 0.325
457500 0.111 0.564 0.000 0.325
458000 0.111 0.564 0.000 0.325
458500 0.111 0.564 0.000 0.325
459000 0.111 0.564 0.000 0.325
459500 0.111 0.564 0.000 0.325
460000 0.111 0.564 0.000 0.325
460500 0.111 0.564 0.000 0.325
461000 0.111 0.564 0.000 0.325
461500 0.111 0.564 0.000 0.325
462000 0.111 0.564 0.000 0.325
462500 0.111 0.564 0.000 0.325
463000 0.111 0.564 0.000 0.325
463500 0.111 0.564 0.000 0.325
464000 0.111 0.564 0.000 0.325
464500 0.111 0.564 0.000 0.325
465000 0.111 0.564 0.000 0.325
465500 0.111 0.564 0.000 0.325
466000 0.111 0.564 0.000 0.325
466500 0.111 0.564 0.000 0.325
467000 0.111 0.564 0.000 0.325
467500 0.111 0.564 0.000 0.325
468000 0.111 0.564 0.000 0.325
468500 0.111 0.564 0.000 0.325
469000 0.111 0.564 0.000 0.325
469500 0.111 0.564 0.000 0.325
470000 0.111 0.564 0.000 0.325
470500 0.111 0.564 0.000 0.325
471000 0.111 0.564 0.000 0.325
471500 0.111 0.564 0.000 0.325
472000 0.111 0.564 0.000 0.325
472500 0.111 0.564 0.000 0.325
473000 0.111 0.564 0.000 0.325
473500 0.111 0.564 0.000 0.325
474000 0.111 0.564 0.000 0.325
474500 0.111 0.564 0.000 0.325
475000 0.111 0.564 0.000 0.325
475500 0.111 0.564 0.000 0.325
476000 0.111 0.564 0.000 0.325
476500 0.111 0.564 0.000 0.325
477000 0.111 0.564 0.000 0.325
477500 0.111 0.564 0.000 0.325
478000 0.111 0.564 0.000 0.325
478500 0.111 0.564 0.000 0.325
479000 0.111 0.564 0.000 0.325
479500 0.111 0.564 0.000 0.325
480000 0.111 0.564 0.000 0.325
480500 0.111 0.564 0.000 0.325
481000 0.111 0.564 0.000 0.325
481500 0.111 0.564 0.000 0.325
482000 0.111 0.564 0.000 0.325
482500 0.111 0.564 0.000 0.325
483000 0.111 0.564 0.000 0.325
483500 0.111 0.564 0.000 0.325
484000 0.111 0.564 0.000 0.325
484500 0.111 0.564 0.000 0.325
485000 0.111 0.564 0.000 0.325
485500 0.111 0.564 0.000 0.325
486000 0.111 0.564 0.000 0.325
486500 0.111 0.564 0.000 0.325
487000 0.111 0.564 0.000 0.325
487500 0.111 0.564 0.000 0.325
488000 0.111 0.564 0.000 0.325
488500 0.111 0.564 0.000 0.325
489000 0.111 0.564 0.000 0.325
489500 0.111 0.564 0.000 0.325
490000 0.111 0.564 0.000 0.325
490500 0.111 0.564 0.000 0.325
491000 0.111 0.564 0.000 0.325
491500 0.111 0.564 0.000 0.325
492000 0.111 0.564 0.000 0.325
492500 0.111 0.564 0.000 0.325
493000 0.111 0.564 0.000 0.325
493500 0.111 0.564 0.000 0.325
494000 0.111 0.564 0.000 0.325
494500 0.111 0.564 0.000 0.325
495000 0.111 0.564 0.000 0.325
495500 0.111 0.564 0.000 0.325
496000 0.111 0.564 0.000 0.325
496500 0.111 0.564 0.000 0.325
497000 0.111 0.564 0.000 0.325
497500 0.111 0.564 0.000 0.325
498000 0.111 0.564 0.000 0.325
498500 0.111 0.564 0.000 0.325
499000 0.111 0.564 0.000 0.325
499500 0.111 0.564 0.000 0.325
500000 0.111 0.564 0.000 0.325
