000000 0.250 0.250 0.250 0.250
000500 0.840 0.003 0.109 0.048
001000 0.848 0.000 0.104 0.048
001500 0.860 0.000 0.086 0.054
002000 0.843 0.000 0.098 0.059
002500 0.856 0.000 0.091 0.053
003000 0.847 0.000 0.099 0.055
003500 0.857 0.000 0.087 0.056
004000 0.857 0.000 0.090 0.053
004500 0.863 0.000 0.088 0.049
005000 0.846 0.000 0.096 0.057
005500 0.860 0.000 0.088 0.053
006000 0.851 0.000 0.096 0.053
006500 0.859 0.000 0.092 0.049
007000 0.848 0.000 0.096 0.055
007500 0.863 0.000 0.092 0.045
008000 0.852 0.000 0.096 0.052
008500 0.854 0.000 0.095 0.052
009000 0.853 0.000 0.094 0.053
009500 0.839 0.000 0.101 0.060
010000 0.853 0.000 0.098 0.049
010500 0.864 0.000 0.087 0.050
011000 0.861 0.000 0.091 0.048
011500 0.850 0.000 0.101 0.050
012000 0.835 0.000 0.113 0.052
012500 0.845 0.000 0.100 0.055
013000 0.854 0.000 0.095 0.051
013500 0.851 0.000 0.101 0.047
014000 0.847 0.000 0.097 0.057
014500 0.854 0.000 0.095 0.051
015000 0.845 0.000 0.102 0.054
015500 0.835 0.000 0.111 0.054
016000 0.848 0.000 0.098 0.054
016500 0.853 0.000 0.099 0.048
017000 0.848 0.000 0.099 0.053
017500 0.846 0.000 0.103 0.051
018000 0.843 0.000 0.102 0.055
018500 0.854 0.000 0.095 0.052
019000 0.850 0.000 0.096 0.054
019500 0.840 0.000 0.106 0.055
020000 0.845 0.000 0.100 0.054
020500 0.847 0.000 0.099 0.054
021000 0.855 0.000 0.091 0.054
021500 0.859 0.000 0.090 0.052
022000 0.841 0.000 0.103 0.055
022500 0.845 0.000 0.098 0.057
023000 0.853 0.000 0.097 0.050
023500 0.863 0.000 0.088 0.050
024000 0.856 0.000 0.091 0.053
024500 0.852 0.000 0.092 0.055
025000 0.855 0.000 0.091 0.053
025500 0.853 0.000 0.093 0.054
026000 0.848 0.000 0.097 0.055
026500 0.848 0.000 0.101 0.051
027000 0.847 0.000 0.102 0.051
027500 0.854 0.000 0.094 0.052
028000 0.852 0.000 0.094 0.054
028500 0.846 0.000 0.104 0.050
029000 0.850 0.000 0.095 0.055
029500 0.846 0.000 0.099 0.056
030000 0.856 0.000 0.093 0.051
030500 0.862 0.000 0.087 0.051
031000 0.837 0.000 0.107 0.056
031500 0.849 0.000 0.096 0.054
032000 0.849 0.000 0.097 0.054
032500 0.847 0.000 0.096 0.058
033000 0.847 0.000 0.095 0.058
033500 0.846 0.000 0.098 0.055
034000 0.854 0.000 0.092 0.054
034500 0.860 0.000 0.090 0.050
035000 0.857 0.000 0.093 0.049
035500 0.865 0.000 0.083 0.053
036000 0.862 0.000 0.087 0.052
036500 0.866 0.000 0.084 0.051
037000 0.856 0.000 0.091 0.053
037500 0.849 0.000 0.100 0.051
038000 0.868 0.000 0.086 0.046
038500 0.847 0.000 0.099 0.054
039000 0.835 0.000 0.107 0.058
039500 0.849 0.000 0.100 0.050
040000 0.830 0.000 0.115 0.055
040500 0.847 0.000 0.097 0.057
041000 0.855 0.000 0.096 0.048
041500 0.868 0.000 0.083 0.050
042000 0.849 0.000 0.090 0.060
042500 0.852 0.000 0.095 0.053
043000 0.856 0.000 0.095 0.049
043500 0.857 0.000 0.090 0.054
044000 0.870 0.000 0.085 0.045
044500 0.843 0.000 0.099 0.058
045000 0.872 0.000 0.084 0.045
045500 0.848 0.000 0.097 0.055
046000 0.847 0.000 0.096 0.057
046500 0.851 0.000 0.098 0.051
047000 0.856 0.000 0.091 0.053
047500 0.858 0.000 0.092 0.050
048000 0.855 0.000 0.090 0.055
048500 0.851 0.000 0.091 0.057
049000 0.866 0.000 0.086 0.048
049500 0.850 0.000 0.098 0.052
050000 0.859 0.000 0.095 0.046
050500 0.851 0.000 0.096 0.054
051000 0.860 0.000 0.089 0.051
051500 0.852 0.000 0.093 0.055
052000 0.861 0.000 0.088 0.052
052500 0.861 0.000 0.088 0.050
053000 0.859 0.000 0.091 0.050
053500 0.855 0.000 0.093 0.052
054000 0.843 0.000 0.102 0.055
054500 0.845 0.000 0.097 0.058
055000 0.850 0.000 0.098 0.053
055500 0.856 0.000 0.092 0.052
056000 0.839 0.000 0.104 0.057
056500 0.848 0.000 0.100 0.052
057000 0.846 0.000 0.103 0.051
057500 0.848 0.000 0.096 0.056
058000 0.843 0.000 0.108 0.049
058500 0.861 0.000 0.084 0.055
059000 0.862 0.000 0.088 0.050
059500 0.858 0.000 0.091 0.051
060000 0.856 0.000 0.093 0.051
060500 0.839 0.000 0.103 0.058
061000 0.848 0.000 0.095 0.057
061500 0.858 0.000 0.092 0.050
062000 0.853 0.000 0.097 0.050
062500 0.859 0.000 0.090 0.051
063000 0.852 0.000 0.096 0.053
063500 0.846 0.000 0.095 0.059
064000 0.856 0.000 0.092 0.051
064500 0.846 0.000 0.097 0.056
065000 0.847 0.000 0.095 0.058
065500 0.850 0.000 0.092 0.058
066000 0.849 0.000 0.096 0.055
066500 0.854 0.000 0.088 0.058
067000 0.855 0.000 0.091 0.054
067500 0.859 0.000 0.089 0.052
068000 0.866 0.000 0.086 0.049
068500 0.856 0.000 0.089 0.055
069000 0.861 0.000 0.087 0.051
069500 0.855 0.000 0.099 0.046
070000 0.856 0.000 0.094 0.051
070500 0.834 0.000 0.108 0.058
071000 0.851 0.000 0.093 0.056
071500 0.846 0.000 0.101 0.053
072000 0.864 0.000 0.084 0.052
072500 0.842 0.000 0.106 0.052
073000 0.842 0.000 0.099 0.059
073500 0.857 0.000 0.090 0.052
074000 0.854 0.000 0.091 0.055
074500 0.858 0.000 0.090 0.052
075000 0.844 0.000 0.103 0.053
075500 0.853 0.000 0.096 0.052
076000 0.844 0.000 0.103 0.053
076500 0.852 0.000 0.093 0.055
077000 0.851 0.000 0.095 0.054
077500 0.843 0.000 0.107 0.050
078000 0.849 0.000 0.099 0.051
078500 0.849 0.000 0.092 0.059
079000 0.842 0.000 0.105 0.053
079500 0.855 0.000 0.093 0.052
080000 0.850 0.000 0.100 0.051
080500 0.854 0.000 0.090 0.056
081000 0.859 0.000 0.093 0.048
081500 0.862 0.000 0.089 0.049
082000 0.841 0.000 0.107 0.053
082500 0.842 0.000 0.102 0.056
083000 0.851 0.000 0.094 0.055
083500 0.844 0.000 0.098 0.058
084000 0.851 0.000 0.098 0.051
084500 0.844 0.000 0.099 0.057
085000 0.847 0.000 0.098 0.055
085500 0.855 0.000 0.093 0.052
086000 0.853 0.000 0.098 0.049
086500 0.845 0.000 0.100 0.055
087000 0.855 0.000 0.089 0.056
087500 0.845 0.000 0.100 0.055
088000 0.856 0.000 0.093 0.051
088500 0.855 0.000 0.091 0.054
089000 0.846 0.000 0.094 0.059
089500 0.849 0.000 0.096 0.054
090000 0.843 0.000 0.103 0.054
090500 0.845 0.000 0.104 0.051
091000 0.841 0.000 0.105 0.054
091500 0.847 0.000 0.098 0.055
092000 0.851 0.000 0.093 0.057
092500 0.854 0.000 0.091 0.055
093000 0.848 0.000 0.099 0.053
093500 0.858 0.000 0.091 0.051
094000 0.851 0.000 0.098 0.052
094500 0.848 0.000 0.097 0.055
095000 0.835 0.000 0.110 0.055
095500 0.852 0.000 0.095 0.054
096000 0.850 0.000 0.095 0.054
096500 0.840 0.000 0.104 0.056
097000 0.861 0.000 0.091 0.048
097500 0.855 0.000 0.090 0.055
098000 0.851 0.000 0.092 0.057
098500 0.858 0.000 0.093 0.050
099000 0.855 0.000 0.096 0.049
099500 0.857 0.000 0.094 0.049
100000 0.849 0.000 0.096 0.055
100500 0.844 0.000 0.098 0.058
101000 0.836 0.000 0.104 0.059
101500 0.852 0.000 0.097 0.051
102000 0.866 0.000 0.089 0.045
102500 0.846 0.000 0.096 0.058
103000 0.843 0.000 0.101 0.057
103500 0.864 0.000 0.088 0.048
104000 0.849 0.000 0.100 0.051
104500 0.854 0.000 0.097 0.049
105000 0.848 0.000 0.101 0.052
105500 0.859 0.000 0.087 0.054
106000 0.851 0.000 0.097 0.052
106500 0.852 0.000 0.097 0.051
107000 0.863 0.000 0.088 0.049
107500 0.860 0.000 0.095 0.046
108000 0.863 0.000 0.088 0.049
108500 0.862 0.000 0.089 0.049
109000 0.860 0.000 0.090 0.050
109500 0.847 0.000 0.101 0.052
110000 0.848 0.000 0.105 0.047
110500 0.849 0.000 0.101 0.050
111000 0.858 0.000 0.096 0.046
111500 0.845 0.000 0.103 0.052
112000 0.849 0.000 0.096 0.056
112500 0.859 0.000 0.093 0.048
113000 0.845 0.000 0.102 0.053
113500 0.838 0.000 0.109 0.053
114000 0.850 0.000 0.097 0.053
114500 0.850 0.000 0.090 0.060
115000 0.862 0.000 0.087 0.051
115500 0.854 0.000 0.097 0.049
116000 0.857 0.000 0.090 0.053
116500 0.864 0.000 0.086 0.050
117000 0.847 0.000 0.095 0.059
117500 0.859 0.000 0.087 0.054
118000 0.838 0.000 0.109 0.053
118500 0.846 0.000 0.102 0.052
119000 0.854 0.000 0.095 0.051
119500 0.857 0.000 0.087 0.056
120000 0.860 0.000 0.092 0.048
120500 0.858 0.000 0.086 0.056
121000 0.847 0.000 0.103 0.050
121500 0.852 0.000 0.094 0.054
122000 0.837 0.000 0.109 0.054
122500 0.846 0.000 0.100 0.054
123000 0.859 0.000 0.087 0.053
123500 0.854 0.000 0.097 0.049
124000 0.850 0.000 0.095 0.054
124500 0.875 0.000 0.074 0.051
125000 0.858 0.000 0.087 0.055
125500 0.860 0.000 0.090 0.051
126000 0.851 0.000 0.099 0.049
126500 0.836 0.000 0.109 0.055
127000 0.829 0.000 0.117 0.054
127500 0.860 0.000 0.092 0.048
128000 0.839 0.000 0.112 0.049
128500 0.851 0.000 0.097 0.052
129000 0.849 0.000 0.092 0.058
129500 0.855 0.000 0.092 0.052
130000 0.855 0.000 0.094 0.051
130500 0.862 0.000 0.087 0.051
131000 0.836 0.000 0.111 0.053
131500 0.860 0.000 0.089 0.050
132000 0.855 0.000 0.093 0.052
132500 0.860 0.000 0.089 0.051
133000 0.842 0.000 0.098 0.060
133500 0.845 0.000 0.101 0.054
134000 0.849 0.000 0.095 0.056
134500 0.851 0.000 0.098 0.051
135000 0.852 0.000 0.101 0.047
135500 0.853 0.000 0.092 0.055
136000 0.860 0.000 0.086 0.055
136500 0.867 0.000 0.087 0.047
137000 0.841 0.000 0.107 0.052
137500 0.859 0.000 0.096 0.045
138000 0.859 0.000 0.092 0.049
138500 0.852 0.000 0.094 0.054
139000 0.841 0.000 0.103 0.057
139500 0.841 0.000 0.102 0.057
140000 0.844 0.000 0.101 0.054
140500 0.860 0.000 0.090 0.051
141000 0.854 0.000 0.096 0.049
141500 0.853 0.000 0.094 0.053
142000 0.835 0.000 0.110 0.054
142500 0.851 0.000 0.097 0.052
143000 0.850 0.000 0.098 0.053
143500 0.853 0.000 0.094 0.053
144000 0.861 0.000 0.088 0.051
144500 0.859 0.000 0.089 0.053
145000 0.846 0.000 0.101 0.053
145500 0.845 0.000 0.094 0.062
146000 0.855 0.000 0.091 0.054
146500 0.847 0.000 0.102 0.051
147000 0.845 0.000 0.098 0.057
147500 0.852 0.000 0.099 0.049
148000 0.847 0.000 0.104 0.049
148500 0.848 0.000 0.099 0.052
149000 0.855 0.000 0.094 0.051
149500 0.859 0.000 0.089 0.052
150000 0.842 0.000 0.103 0.055
150500 0.843 0.000 0.105 0.052
151000 0.829 0.000 0.113 0.058
151500 0.840 0.000 0.099 0.061
152000 0.862 0.000 0.087 0.051
152500 0.852 0.000 0.093 0.055
153000 0.834 0.000 0.113 0.053
153500 0.842 0.000 0.104 0.053
154000 0.848 0.000 0.094 0.057
154500 0.852 0.000 0.096 0.052
155000 0.838 0.000 0.102 0.060
155500 0.847 0.000 0.101 0.052
156000 0.843 0.000 0.103 0.054
156500 0.858 0.000 0.089 0.053
157000 0.838 0.000 0.105 0.057
157500 0.850 0.000 0.097 0.053
158000 0.858 0.000 0.088 0.054
158500 0.860 0.000 0.091 0.050
159000 0.850 0.000 0.102 0.047
159500 0.846 0.000 0.101 0.053
160000 0.871 0.000 0.080 0.049
160500 0.854 0.000 0.096 0.050
161000 0.865 0.000 0.083 0.052
161500 0.862 0.000 0.086 0.052
162000 0.844 0.000 0.101 0.056
162500 0.847 0.000 0.100 0.054
163000 0.841 0.000 0.105 0.054
163500 0.853 0.000 0.092 0.055
164000 0.852 0.000 0.095 0.053
164500 0.841 0.000 0.106 0.053
165000 0.850 0.000 0.095 0.054
165500 0.853 0.000 0.094 0.053
166000 0.848 0.000 0.100 0.052
166500 0.854 0.000 0.093 0.054
167000 0.856 0.000 0.094 0.050
167500 0.857 0.000 0.087 0.056
168000 0.853 0.000 0.095 0.052
168500 0.851 0.000 0.098 0.051
169000 0.841 0.000 0.101 0.059
169500 0.832 0.000 0.111 0.057
170000 0.848 0.000 0.103 0.050
170500 0.845 0.000 0.102 0.054
171000 0.857 0.000 0.087 0.057
171500 0.849 0.000 0.094 0.057
172000 0.861 0.000 0.092 0.047
172500 0.843 0.000 0.102 0.055
173000 0.858 0.000 0.092 0.050
173500 0.846 0.000 0.100 0.054
174000 0.843 0.000 0.103 0.054
174500 0.847 0.000 0.096 0.057
175000 0.851 0.000 0.098 0.051
175500 0.857 0.000 0.094 0.049
176000 0.850 0.000 0.098 0.052
176500 0.864 0.000 0.085 0.051
177000 0.863 0.000 0.085 0.052
177500 0.846 0.000 0.097 0.057
178000 0.839 0.000 0.103 0.058
178500 0.840 0.000 0.109 0.051
179000 0.843 0.000 0.103 0.054
179500 0.842 0.000 0.103 0.055
180000 0.843 0.000 0.102 0.056
180500 0.847 0.000 0.100 0.053
181000 0.845 0.000 0.101 0.054
181500 0.848 0.000 0.098 0.054
182000 0.838 0.000 0.106 0.056
182500 0.852 0.000 0.098 0.050
183000 0.852 0.000 0.097 0.051
183500 0.856 0.000 0.089 0.055
184000 0.849 0.000 0.100 0.051
184500 0.841 0.000 0.106 0.053
185000 0.833 0.000 0.113 0.054
185500 0.840 0.000 0.103 0.057
186000 0.846 0.000 0.102 0.051
186500 0.839 0.000 0.108 0.053
187000 0.849 0.000 0.098 0.053
187500 0.868 0.000 0.079 0.053
188000 0.860 0.000 0.085 0.055
188500 0.859 0.000 0.093 0.048
189000 0.850 0.000 0.098 0.052
189500 0.839 0.000 0.106 0.055
190000 0.850 0.000 0.093 0.056
190500 0.853 0.000 0.091 0.056
191000 0.828 0.000 0.109 0.063
191500 0.845 0.000 0.100 0.055
192000 0.842 0.000 0.103 0.055
192500 0.854 0.000 0.102 0.044
193000 0.862 0.000 0.087 0.051
193500 0.852 0.000 0.088 0.060
194000 0.857 0.000 0.091 0.051
194500 0.845 0.000 0.105 0.050
195000 0.856 0.000 0.093 0.051
195500 0.855 0.000 0.094 0.051
196000 0.855 0.000 0.096 0.050
196500 0.849 0.000 0.100 0.051
197000 0.843 0.000 0.097 0.060
197500 0.848 0.000 0.099 0.053
198000 0.833 0.000 0.112 0.055
198500 0.855 0.000 0.095 0.050
199000 0.852 0.000 0.097 0.051
199500 0.841 0.000 0.103 0.056
200000 0.851 0.000 0.095 0.054
200500 0.854 0.000 0.093 0.053
201000 0.845 0.000 0.101 0.054
201500 0.855 0.000 0.091 0.054
202000 0.857 0.000 0.091 0.052
202500 0.857 0.000 0.091 0.051
203000 0.853 0.000 0.094 0.053
203500 0.859 0.000 0.088 0.053
204000 0.857 0.000 0.092 0.051
204500 0.846 0.000 0.100 0.054
205000 0.843 0.000 0.101 0.056
205500 0.844 0.000 0.101 0.055
206000 0.843 0.000 0.102 0.055
206500 0.841 0.000 0.106 0.053
207000 0.848 0.000 0.093 0.059
207500 0.871 0.000 0.083 0.046
208000 0.851 0.000 0.100 0.049
208500 0.849 0.000 0.092 0.059
209000 0.845 0.000 0.100 0.054
209500 0.851 0.000 0.098 0.051
210000 0.851 0.000 0.096 0.053
210500 0.839 0.000 0.104 0.057
211000 0.871 0.000 0.079 0.050
211500 0.842 0.000 0.107 0.051
212000 0.855 0.000 0.095 0.049
212500 0.843 0.000 0.105 0.053
213000 0.849 0.000 0.095 0.057
213500 0.844 0.000 0.104 0.052
214000 0.843 0.000 0.103 0.054
214500 0.847 0.000 0.098 0.055
215000 0.844 0.000 0.106 0.050
215500 0.859 0.000 0.087 0.054
216000 0.863 0.000 0.091 0.046
216500 0.851 0.000 0.097 0.052
217000 0.844 0.000 0.104 0.052
217500 0.850 0.000 0.099 0.052
218000 0.850 0.000 0.097 0.053
218500 0.842 0.000 0.103 0.054
219000 0.860 0.000 0.090 0.050
219500 0.848 0.000 0.098 0.054
220000 0.852 0.000 0.097 0.050
220500 0.850 0.000 0.097 0.053
221000 0.851 0.000 0.096 0.052
221500 0.846 0.000 0.104 0.050
222000 0.851 0.000 0.099 0.050
222500 0.838 0.000 0.107 0.055
223000 0.855 0.000 0.091 0.054
223500 0.852 0.000 0.095 0.053
224000 0.845 0.000 0.104 0.051
224500 0.859 0.000 0.088 0.053
225000 0.850 0.000 0.098 0.053
225500 0.844 0.000 0.103 0.053
226000 0.852 0.000 0.096 0.052
226500 0.846 0.000 0.103 0.050
227000 0.853 0.000 0.097 0.050
227500 0.860 0.000 0.088 0.053
228000 0.847 0.000 0.102 0.052
228500 0.837 0.000 0.106 0.057
229000 0.859 0.000 0.089 0.051
229500 0.863 0.000 0.085 0.052
230000 0.853 0.000 0.093 0.054
230500 0.852 0.000 0.094 0.054
231000 0.851 0.000 0.096 0.053
231500 0.822 0.000 0.119 0.059
232000 0.855 0.000 0.092 0.053
232500 0.852 0.000 0.091 0.057
233000 0.849 0.000 0.101 0.050
233500 0.863 0.000 0.089 0.048
234000 0.851 0.000 0.096 0.053
234500 0.854 0.000 0.098 0.048
235000 0.857 0.000 0.093 0.050
235500 0.850 0.000 0.099 0.051
236000 0.850 0.000 0.095 0.055
236500 0.840 0.000 0.107 0.052
237000 0.846 0.000 0.097 0.057
237500 0.855 0.000 0.094 0.051
238000 0.859 0.000 0.091 0.050
238500 0.846 0.000 0.103 0.051
239000 0.847 0.000 0.100 0.053
239500 0.838 0.000 0.109 0.052
240000 0.842 0.000 0.102 0.056
240500 0.859 0.000 0.087 0.054
241000 0.855 0.000 0.092 0.054
241500 0.861 0.000 0.086 0.053
242000 0.855 0.000 0.095 0.049
242500 0.857 0.000 0.093 0.051
243000 0.841 0.000 0.107 0.052
243500 0.866 0.000 0.085 0.049
244000 0.849 0.000 0.094 0.057
244500 0.851 0.000 0.096 0.054
245000 0.855 0.000 0.091 0.053
245500 0.862 0.000 0.086 0.052
246000 0.860 0.000 0.089 0.051
246500 0.855 0.000 0.096 0.049
247000 0.840 0.000 0.108 0.052
247500 0.852 0.000 0.095 0.053
248000 0.851 0.000 0.100 0.049
248500 0.871 0.000 0.082 0.047
249000 0.841 0.000 0.106 0.053
249500 0.851 0.000 0.097 0.052
250000 0.863 0.000 0.088 0.049
250500 0.846 0.000 0.100 0.054
251000 0.842 0.000 0.104 0.054
251500 0.847 0.000 0.101 0.052
252000 0.855 0.000 0.091 0.054
252500 0.860 0.000 0.087 0.053
253000 0.846 0.000 0.097 0.056
253500 0.842 0.000 0.103 0.055
254000 0.855 0.000 0.088 0.057
254500 0.858 0.000 0.097 0.045
255000 0.857 0.000 0.091 0.052
255500 0.857 0.000 0.094 0.050
256000 0.856 0.000 0.088 0.056
256500 0.862 0.000 0.087 0.050
257000 0.851 0.000 0.098 0.051
257500 0.851 0.000 0.095 0.054
258000 0.853 0.000 0.098 0.049
258500 0.851 0.000 0.097 0.053
259000 0.852 0.000 0.089 0.058
259500 0.857 0.000 0.094 0.049
260000 0.863 0.000 0.089 0.049
260500 0.853 0.000 0.090 0.057
261000 0.854 0.000 0.095 0.051
261500 0.850 0.000 0.103 0.048
262000 0.856 0.000 0.091 0.053
262500 0.845 0.000 0.104 0.051
263000 0.861 0.000 0.086 0.052
263500 0.853 0.000 0.091 0.056
264000 0.855 0.000 0.093 0.052
264500 0.850 0.000 0.103 0.048
265000 0.852 0.000 0.093 0.055
265500 0.861 0.000 0.090 0.049
266000 0.854 0.000 0.096 0.050
266500 0.847 0.000 0.097 0.056
267000 0.859 0.000 0.087 0.055
267500 0.864 0.000 0.087 0.049
268000 0.854 0.000 0.093 0.053
268500 0.851 0.000 0.094 0.055
269000 0.854 0.000 0.100 0.047
269500 0.848 0.000 0.095 0.057
270000 0.856 0.000 0.089 0.054
270500 0.860 0.000 0.086 0.053
271000 0.852 0.000 0.093 0.055
271500 0.847 0.000 0.097 0.056
272000 0.860 0.000 0.091 0.049
272500 0.860 0.000 0.090 0.050
273000 0.853 0.000 0.092 0.055
273500 0.847 0.000 0.100 0.053
274000 0.851 0.000 0.097 0.051
274500 0.851 0.000 0.095 0.054
275000 0.844 0.000 0.102 0.054
275500 0.850 0.000 0.096 0.054
276000 0.851 0.000 0.096 0.053
276500 0.858 0.000 0.092 0.051
277000 0.849 0.000 0.101 0.050
277500 0.849 0.000 0.094 0.057
278000 0.856 0.000 0.086 0.058
278500 0.859 0.000 0.094 0.047
279000 0.854 0.000 0.097 0.049
279500 0.851 0.000 0.097 0.052
280000 0.858 0.000 0.096 0.046
280500 0.851 0.000 0.097 0.051
281000 0.862 0.000 0.091 0.047
281500 0.847 0.000 0.096 0.057
282000 0.848 0.000 0.093 0.059
282500 0.854 0.000 0.100 0.046
283000 0.870 0.000 0.079 0.051
283500 0.859 0.000 0.090 0.051
284000 0.854 0.000 0.095 0.050
284500 0.860 0.000 0.088 0.052
285000 0.850 0.000 0.100 0.050
285500 0.847 0.000 0.100 0.054
286000 0.850 0.000 0.098 0.051
286500 0.852 0.000 0.095 0.054
287000 0.845 0.000 0.099 0.056
287500 0.866 0.000 0.081 0.053
288000 0.865 0.000 0.083 0.052
288500 0.856 0.000 0.094 0.050
289000 0.852 0.000 0.098 0.050
289500 0.849 0.000 0.100 0.050
290000 0.862 0.000 0.088 0.050
290500 0.854 0.000 0.094 0.052
291000 0.850 0.000 0.097 0.053
291500 0.855 0.000 0.089 0.056
292000 0.853 0.000 0.097 0.050
292500 0.854 0.000 0.088 0.058
293000 0.841 0.000 0.103 0.056
293500 0.850 0.000 0.099 0.051
294000 0.842 0.000 0.102 0.055
294500 0.852 0.000 0.095 0.053
295000 0.851 0.000 0.099 0.051
295500 0.861 0.000 0.089 0.050
296000 0.862 0.000 0.088 0.050
296500 0.842 0.000 0.104 0.055
297000 0.850 0.000 0.094 0.057
297500 0.856 0.000 0.095 0.048
298000 0.848 0.000 0.096 0.055
298500 0.857 0.000 0.096 0.048
299000 0.856 0.000 0.091 0.053
299500 0.850 0.000 0.094 0.056
300000 0.861 0.000 0.083 0.056
300500 0.845 0.000 0.101 0.054
301000 0.854 0.000 0.096 0.050
301500 0.846 0.000 0.098 0.056
302000 0.849 0.000 0.101 0.049
302500 0.847 0.000 0.101 0.052
303000 0.841 0.000 0.105 0.053
303500 0.848 0.000 0.097 0.056
304000 0.839 0.000 0.105 0.057
304500 0.867 0.000 0.080 0.053
305000 0.846 0.000 0.100 0.054
305500 0.840 0.000 0.099 0.061
306000 0.860 0.000 0.089 0.051
306500 0.855 0.000 0.097 0.048
307000 0.843 0.000 0.104 0.053
307500 0.841 0.000 0.102 0.056
308000 0.839 0.000 0.107 0.054
308500 0.842 0.000 0.100 0.058
309000 0.850 0.000 0.095 0.055
309500 0.852 0.000 0.095 0.053
310000 0.835 0.000 0.108 0.057
310500 0.848 0.000 0.099 0.053
311000 0.845 0.000 0.100 0.055
311500 0.854 0.000 0.092 0.054
312000 0.848 0.000 0.095 0.058
312500 0.854 0.000 0.089 0.057
313000 0.859 0.000 0.087 0.054
313500 0.848 0.000 0.098 0.054
314000 0.838 0.000 0.105 0.057
314500 0.841 0.000 0.103 0.057
315000 0.853 0.000 0.096 0.051
315500 0.844 0.000 0.100 0.056
316000 0.847 0.000 0.099 0.054
316500 0.849 0.000 0.096 0.055
317000 0.860 0.000 0.090 0.050
317500 0.839 0.000 0.105 0.056
318000 0.850 0.000 0.094 0.056
318500 0.860 0.000 0.089 0.052
319000 0.854 0.000 0.096 0.050
319500 0.854 0.000 0.093 0.053
320000 0.859 0.000 0.090 0.051
320500 0.853 0.000 0.096 0.051
321000 0.851 0.000 0.099 0.050
321500 0.857 0.000 0.094 0.049
322000 0.844 0.000 0.104 0.052
322500 0.852 0.000 0.091 0.058
323000 0.851 0.000 0.097 0.052
323500 0.850 0.000 0.096 0.055
324000 0.847 0.000 0.101 0.052
324500 0.859 0.000 0.096 0.045
325000 0.859 0.000 0.094 0.048
325500 0.861 0.000 0.086 0.053
326000 0.848 0.000 0.098 0.054
326500 0.850 0.000 0.101 0.050
327000 0.848 0.000 0.097 0.055
327500 0.859 0.000 0.090 0.051
328000 0.846 0.000 0.103 0.050
328500 0.845 0.000 0.105 0.050
329000 0.860 0.000 0.086 0.055
329500 0.850 0.000 0.093 0.057
330000 0.854 0.000 0.094 0.053
330500 0.843 0.000 0.101 0.056
331000 0.851 0.000 0.096 0.052
331500 0.848 0.000 0.107 0.045
332000 0.856 0.000 0.096 0.048
332500 0.847 0.000 0.099 0.054
333000 0.833 0.000 0.111 0.057
333500 0.853 0.000 0.098 0.049
334000 0.850 0.000 0.096 0.055
334500 0.857 0.000 0.087 0.056
335000 0.864 0.000 0.084 0.052
335500 0.843 0.000 0.106 0.051
336000 0.851 0.000 0.098 0.052
336500 0.860 0.000 0.092 0.048
337000 0.845 0.000 0.104 0.050
337500 0.841 0.000 0.105 0.054
338000 0.855 0.000 0.095 0.050
338500 0.845 0.000 0.102 0.053
339000 0.855 0.000 0.093 0.052
339500 0.861 0.000 0.088 0.051
340000 0.845 0.000 0.101 0.054
340500 0.855 0.000 0.091 0.055
341000 0.857 0.000 0.095 0.048
341500 0.846 0.000 0.100 0.054
342000 0.856 0.000 0.092 0.051
342500 0.854 0.000 0.094 0.052
343000 0.841 0.000 0.105 0.054
343500 0.845 0.000 0.100 0.055
344000 0.863 0.000 0.089 0.049
344500 0.858 0.000 0.093 0.049
345000 0.853 0.000 0.091 0.055
345500 0.846 0.000 0.096 0.058
346000 0.851 0.000 0.100 0.049
346500 0.851 0.000 0.095 0.054
347000 0.853 0.000 0.095 0.052
347500 0.866 0.000 0.086 0.048
348000 0.852 0.000 0.095 0.053
348500 0.854 0.000 0.101 0.045
349000 0.846 0.000 0.101 0.053
349500 0.838 0.000 0.104 0.058
350000 0.854 0.000 0.091 0.055
350500 0.866 0.000 0.085 0.049
351000 0.862 0.000 0.094 0.044
351500 0.845 0.000 0.101 0.055
352000 0.849 0.000 0.095 0.056
352500 0.852 0.000 0.091 0.057
353000 0.849 0.000 0.099 0.052
353500 0.841 0.000 0.105 0.054
354000 0.855 0.000 0.094 0.051
354500 0.851 0.000 0.098 0.051
355000 0.851 0.000 0.098 0.051
355500 0.865 0.000 0.087 0.048
356000 0.848 0.000 0.100 0.052
356500 0.852 0.000 0.101 0.047
357000 0.852 0.000 0.095 0.053
357500 0.851 0.000 0.094 0.055
358000 0.840 0.000 0.105 0.055
358500 0.864 0.000 0.088 0.048
359000 0.853 0.000 0.095 0.051
359500 0.844 0.000 0.098 0.058
360000 0.855 0.000 0.091 0.053
360500 0.844 0.000 0.103 0.054
361000 0.860 0.000 0.091 0.049
361500 0.843 0.000 0.100 0.057
362000 0.853 0.000 0.093 0.054
362500 0.855 0.000 0.093 0.052
363000 0.851 0.000 0.092 0.057
363500 0.844 0.000 0.100 0.056
364000 0.854 0.000 0.092 0.053
364500 0.855 0.000 0.090 0.054
365000 0.850 0.000 0.097 0.053
365500 0.843 0.000 0.105 0.051
366000 0.857 0.000 0.096 0.047
366500 0.853 0.000 0.098 0.049
367000 0.848 0.000 0.102 0.051
367500 0.842 0.000 0.102 0.056
368000 0.848 0.000 0.102 0.050
368500 0.856 0.000 0.090 0.054
369000 0.853 0.000 0.093 0.054
369500 0.844 0.000 0.104 0.051
370000 0.848 0.000 0.098 0.054
370500 0.854 0.000 0.091 0.054
371000 0.855 0.000 0.092 0.053
371500 0.850 0.000 0.094 0.056
372000 0.832 0.000 0.112 0.056
372500 0.854 0.000 0.089 0.057
373000 0.851 0.000 0.092 0.057
373500 0.856 0.000 0.094 0.050
374000 0.853 0.000 0.099 0.048
374500 0.861 0.000 0.085 0.054
375000 0.846 0.000 0.097 0.057
375500 0.860 0.000 0.085 0.056
376000 0.868 0.000 0.081 0.051
376500 0.840 0.000 0.105 0.056
377000 0.863 0.000 0.085 0.051
377500 0.850 0.000 0.094 0.057
378000 0.863 0.000 0.085 0.052
378500 0.860 0.000 0.088 0.052
379000 0.838 0.000 0.109 0.053
379500 0.857 0.000 0.086 0.058
380000 0.839 0.000 0.109 0.052
380500 0.857 0.000 0.095 0.048
381000 0.852 0.000 0.095 0.052
381500 0.847 0.000 0.097 0.056
382000 0.845 0.000 0.099 0.056
382500 0.842 0.000 0.107 0.051
383000 0.856 0.000 0.095 0.049
383500 0.844 0.000 0.102 0.054
384000 0.863 0.000 0.089 0.048
384500 0.851 0.000 0.095 0.054
385000 0.860 0.000 0.085 0.054
385500 0.852 0.000 0.098 0.049
386000 0.856 0.000 0.091 0.053
386500 0.869 0.000 0.079 0.052
387000 0.840 0.000 0.106 0.054
387500 0.867 0.000 0.083 0.049
388000 0.861 0.000 0.086 0.053
388500 0.864 0.000 0.080 0.056
389000 0.853 0.000 0.094 0.053
389500 0.862 0.000 0.085 0.052
390000 0.847 0.000 0.103 0.050
390500 0.852 0.000 0.096 0.051
391000 0.849 0.000 0.096 0.054
391500 0.843 0.000 0.102 0.055
392000 0.849 0.000 0.096 0.055
392500 0.857 0.000 0.090 0.054
393000 0.845 0.000 0.102 0.053
393500 0.852 0.000 0.093 0.055
394000 0.846 0.000 0.102 0.052
394500 0.850 0.000 0.093 0.056
395000 0.844 0.000 0.101 0.055
395500 0.862 0.000 0.088 0.050
396000 0.855 0.000 0.090 0.055
396500 0.855 0.000 0.097 0.047
397000 0.858 0.000 0.091 0.050
397500 0.863 0.000 0.089 0.047
398000 0.851 0.000 0.094 0.055
398500 0.849 0.000 0.100 0.051
399000 0.843 0.000 0.105 0.052
399500 0.867 0.000 0.085 0.048
400000 0.853 0.000 0.099 0.049
400500 0.844 0.000 0.101 0.055
401000 0.858 0.000 0.090 0.052
401500 0.852 0.000 0.101 0.048
402000 0.851 0.000 0.093 0.056
402500 0.829 0.000 0.117 0.055
403000 0.830 0.000 0.113 0.057
403500 0.847 0.000 0.104 0.050
404000 0.838 0.000 0.106 0.055
404500 0.859 0.000 0.089 0.053
405000 0.848 0.000 0.095 0.057
405500 0.858 0.000 0.089 0.052
406000 0.849 0.000 0.104 0.046
406500 0.850 0.000 0.098 0.051
407000 0.845 0.000 0.096 0.059
407500 0.852 0.000 0.088 0.060
408000 0.847 0.000 0.101 0.052
408500 0.852 0.000 0.095 0.053
409000 0.847 0.000 0.101 0.053
409500 0.862 0.000 0.088 0.050
410000 0.855 0.000 0.097 0.048
410500 0.842 0.000 0.106 0.052
411000 0.868 0.000 0.087 0.045
411500 0.833 0.000 0.109 0.058
412000 0.849 0.000 0.095 0.056
412500 0.866 0.000 0.085 0.050
413000 0.851 0.000 0.100 0.049
413500 0.839 0.000 0.105 0.056
414000 0.844 0.000 0.105 0.051
414500 0.858 0.000 0.086 0.056
415000 0.845 0.000 0.105 0.050
415500 0.858 0.000 0.094 0.048
416000 0.855 0.000 0.097 0.049
416500 0.852 0.000 0.093 0.055
417000 0.848 0.000 0.097 0.055
417500 0.866 0.000 0.085 0.049
418000 0.852 0.000 0.096 0.052
418500 0.851 0.000 0.097 0.052
419000 0.843 0.000 0.102 0.055
419500 0.868 0.000 0.079 0.053
420000 0.854 0.000 0.093 0.052
420500 0.847 0.000 0.102 0.051
421000 0.851 0.000 0.094 0.055
421500 0.853 0.000 0.098 0.050
422000 0.842 0.000 0.105 0.053
422500 0.847 0.000 0.099 0.054
423000 0.838 0.000 0.105 0.058
423500 0.845 0.000 0.101 0.054
424000 0.853 0.000 0.094 0.053
424500 0.856 0.000 0.092 0.052
425000 0.842 0.000 0.104 0.054
425500 0.848 0.000 0.099 0.053
426000 0.870 0.000 0.084 0.046
426500 0.859 0.000 0.093 0.048
427000 0.851 0.000 0.095 0.054
427500 0.847 0.000 0.099 0.054
428000 0.855 0.000 0.094 0.051
428500 0.847 0.000 0.095 0.058
429000 0.849 0.000 0.094 0.057
429500 0.850 0.000 0.096 0.054
430000 0.863 0.000 0.085 0.052
430500 0.835 0.000 0.107 0.058
431000 0.843 0.000 0.106 0.051
431500 0.857 0.000 0.092 0.051
432000 0.844 0.000 0.101 0.055
432500 0.845 0.000 0.100 0.055
433000 0.853 0.000 0.092 0.056
433500 0.856 0.000 0.095 0.049
434000 0.851 0.000 0.098 0.052
434500 0.847 0.000 0.096 0.057
435000 0.842 0.000 0.102 0.056
435500 0.847 0.000 0.107 0.047
436000 0.855 0.000 0.090 0.055
436500 0.845 0.000 0.100 0.055
437000 0.865 0.000 0.087 0.047
437500 0.849 0.000 0.099 0.052
438000 0.849 0.000 0.102 0.049
438500 0.858 0.000 0.085 0.057
439000 0.847 0.000 0.101 0.052
439500 0.863 0.000 0.085 0.052
440000 0.846 0.000 0.096 0.058
440500 0.852 0.000 0.099 0.050
441000 0.853 0.000 0.094 0.052
441500 0.848 0.000 0.106 0.046
442000 0.851 0.000 0.094 0.055
442500 0.851 0.000 0.099 0.050
443000 0.856 0.000 0.091 0.053
443500 0.860 0.000 0.088 0.052
444000 0.857 0.000 0.092 0.052
444500 0.837 0.000 0.104 0.059
445000 0.845 0.000 0.103 0.052
445500 0.845 0.000 0.099 0.056
446000 0.855 0.000 0.091 0.053
446500 0.849 0.000 0.099 0.052
447000 0.854 0.000 0.099 0.047
447500 0.844 0.000 0.103 0.053
448000 0.867 0.000 0.086 0.047
448500 0.848 0.000 0.101 0.051
449000 0.848 0.000 0.099 0.053
449500 0.861 0.000 0.087 0.052
450000 0.841 0.000 0.105 0.054
450500 0.854 0.000 0.094 0.052
451000 0.857 0.000 0.090 0.053
451500 0.842 0.000 0.103 0.055
452000 0.856 0.000 0.095 0.049
452500 0.843 0.000 0.101 0.056
453000 0.858 0.000 0.089 0.053
453500 0.839 0.000 0.107 0.054
454000 0.844 0.000 0.099 0.057
454500 0.850 0.000 0.100 0.050
455000 0.841 0.000 0.107 0.053
455500 0.849 0.000 0.095 0.055
456000 0.854 0.000 0.093 0.054
456500 0.844 0.000 0.105 0.051
457000 0.840 0.000 0.100 0.059
457500 0.845 0.000 0.103 0.052
458000 0.845 0.000 0.104 0.051
458500 0.844 0.000 0.097 0.059
459000 0.843 0.000 0.104 0.053
459500 0.851 0.000 0.095 0.054
460000 0.860 0.000 0.091 0.049
460500 0.841 0.000 0.105 0.054
461000 0.861 0.000 0.094 0.045
461500 0.847 0.000 0.104 0.049
462000 0.846 0.000 0.103 0.052
462500 0.848 0.000 0.101 0.051
463000 0.833 0.000 0.112 0.055
463500 0.852 0.000 0.093 0.054
464000 0.848 0.000 0.100 0.052
464500 0.855 0.000 0.093 0.052
465000 0.856 0.000 0.090 0.054
465500 0.856 0.000 0.093 0.050
466000 0.846 0.000 0.104 0.050
466500 0.839 0.000 0.105 0.056
467000 0.852 0.000 0.097 0.051
467500 0.853 0.000 0.094 0.052
468000 0.860 0.000 0.095 0.045
468500 0.836 0.000 0.109 0.055
469000 0.858 0.000 0.089 0.052
469500 0.837 0.000 0.107 0.055
470000 0.859 0.000 0.090 0.051
470500 0.856 0.000 0.089 0.055
471000 0.854 0.000 0.091 0.055
471500 0.837 0.000 0.105 0.057
472000 0.859 0.000 0.085 0.056
472500 0.852 0.000 0.095 0.054
473000 0.847 0.000 0.094 0.059
473500 0.841 0.000 0.100 0.060
474000 0.860 0.000 0.090 0.050
474500 0.849 0.000 0.101 0.050
475000 0.846 0.000 0.096 0.057
475500 0.850 0.000 0.098 0.052
476000 0.831 0.000 0.113 0.056
476500 0.856 0.000 0.090 0.055
477000 0.846 0.000 0.098 0.056
477500 0.838 0.000 0.104 0.058
478000 0.860 0.000 0.089 0.051
478500 0.844 0.000 0.104 0.052
479000 0.859 0.000 0.084 0.057
479500 0.851 0.000 0.095 0.054
480000 0.850 0.000 0.098 0.053
480500 0.852 0.000 0.095 0.053
481000 0.841 0.000 0.112 0.047
481500 0.855 0.000 0.088 0.057
482000 0.848 0.000 0.100 0.052
482500 0.853 0.000 0.098 0.049
483000 0.844 0.000 0.102 0.054
483500 0.860 0.000 0.089 0.051
484000 0.843 0.000 0.104 0.053
484500 0.841 0.000 0.105 0.054
485000 0.841 0.000 0.105 0.053
485500 0.858 0.000 0.085 0.057
486000 0.850 0.000 0.097 0.053
486500 0.850 0.000 0.099 0.050
487000 0.852 0.000 0.097 0.051
487500 0.850 0.000 0.098 0.053
488000 0.848 0.000 0.096 0.057
488500 0.859 0.000 0.087 0.054
489000 0.847 0.000 0.098 0.055
489500 0.842 0.000 0.101 0.057
490000 0.841 0.000 0.102 0.057
490500 0.843 0.000 0.104 0.053
491000 0.851 0.000 0.099 0.049
491500 0.839 0.000 0.108 0.052
492000 0.842 0.000 0.105 0.053
492500 0.843 0.000 0.102 0.055
493000 0.842 0.000 0.105 0.053
493500 0.849 0.000 0.095 0.056
494000 0.849 0.000 0.097 0.054
494500 0.848 0.000 0.101 0.051
495000 0.836 0.000 0.108 0.055
495500 0.845 0.000 0.099 0.057
496000 0.854 0.000 0.090 0.056
496500 0.844 0.000 0.105 0.051
497000 0.861 0.000 0.088 0.051
497500 0.844 0.000 0.107 0.050
498000 0.860 0.000 0.088 0.053
498500 0.854 0.000 0.095 0.051
499000 0.850 0.000 0.100 0.050
499500 0.855 0.000 0.091 0.054
500000 0.849 0.000 0.096 0.055
