000000 0.250 0.250 0.250 0.250
000500 0.788 0.075 0.000 0.137
001000 0.782 0.082 0.000 0.136
001500 0.787 0.077 0.000 0.136
002000 0.789 0.077 0.000 0.134
002500 0.789 0.077 0.000 0.134
003000 0.788 0.078 0.000 0.134
003500 0.790 0.076 0.000 0.133
004000 0.792 0.075 0.000 0.133
004500 0.789 0.078 0.000 0.133
005000 0.791 0.076 0.000 0.132
005500 0.791 0.077 0.000 0.132
006000 0.793 0.076 0.000 0.132
006500 0.788 0.080 0.000 0.132
007000 0.788 0.080 0.000 0.132
007500 0.790 0.078 0.000 0.132
008000 0.785 0.083 0.000 0.132
008500 0.783 0.085 0.000 0.132
009000 0.785 0.083 0.000 0.132
009500 0.786 0.083 0.000 0.132
010000 0.782 0.086 0.000 0.132
010500 0.785 0.084 0.000 0.132
011000 0.785 0.083 0.000 0.132
011500 0.782 0.086 0.000 0.132
012000 0.784 0.084 0.000 0.132
012500 0.785 0.084 0.000 0.132
013000 0.778 0.091 0.000 0.132
013500 0.778 0.090 0.000 0.132
014000 0.782 0.087 0.000 0.132
014500 0.779 0.089 0.000 0.132
015000 0.787 0.081 0.000 0.132
015500 0.781 0.087 0.000 0.132
016000 0.783 0.085 0.000 0.132
016500 0.786 0.082 0.000 0.132
017000 0.788 0.080 0.000 0.132
017500 0.787 0.081 0.000 0.132
018000 0.792 0.076 0.000 0.132
018500 0.789 0.079 0.000 0.132
019000 0.789 0.079 0.000 0.132
019500 0.785 0.083 0.000 0.132
020000 0.792 0.076 0.000 0.132
020500 0.786 0.082 0.000 0.132
021000 0.788 0.080 0.000 0.132
021500 0.786 0.082 0.000 0.132
022000 0.783 0.085 0.000 0.132
022500 0.780 0.088 0.000 0.132
023000 0.782 0.087 0.000 0.132
023500 0.781 0.087 0.000 0.132
024000 0.786 0.082 0.000 0.132
024500 0.779 0.089 0.000 0.132
025000 0.779 0.089 0.000 0.132
025500 0.775 0.093 0.000 0.132
026000 0.783 0.085 0.000 0.132
026500 0.785 0.083 0.000 0.132
027000 0.778 0.090 0.000 0.132
027500 0.785 0.083 0.000 0.132
028000 0.783 0.086 0.000 0.132
028500 0.788 0.081 0.000 0.132
029000 0.783 0.085 0.000 0.132
029500 0.781 0.087 0.000 0.132
030000 0.785 0.083 0.000 0.132
030500 0.783 0.085 0.000 0.132
031000 0.783 0.085 0.000 0.132
031500 0.782 0.086 0.000 0.132
032000 0.783 0.085 0.000 0.132
032500 0.785 0.084 0.000 0.132
033000 0.780 0.088 0.000 0.132
033500 0.782 0.086 0.000 0.132
034000 0.781 0.087 0.000 0.132
034500 0.782 0.087 0.000 0.132
035000 0.784 0.084 0.000 0.132
035500 0.784 0.084 0.000 0.132
036000 0.782 0.087 0.000 0.132
036500 0.786 0.083 0.000 0.132
037000 0.781 0.087 0.000 0.132
037500 0.787 0.081 0.000 0.132
038000 0.787 0.082 0.000 0.132
038500 0.782 0.086 0.000 0.132
039000 0.787 0.080 0.000 0.132
039500 0.789 0.079 0.000 0.132
040000 0.789 0.078 0.000 0.132
040500 0.791 0.077 0.000 0.132
041000 0.791 0.077 0.000 0.132
041500 0.787 0.080 0.000 0.132
042000 0.786 0.082 0.000 0.132
042500 0.791 0.077 0.000 0.132
043000 0.786 0.081 0.000 0.132
043500 0.788 0.080 0.000 0.132
044000 0.791 0.077 0.000 0.132
044500 0.789 0.079 0.000 0.132
045000 0.788 0.080 0.000 0.132
045500 0.788 0.080 0.000 0.132
046000 0.790 0.078 0.000 0.132
046500 0.785 0.083 0.000 0.132
047000 0.790 0.078 0.000 0.132
047500 0.785 0.082 0.000 0.132
048000 0.791 0.077 0.000 0.132
048500 0.789 0.079 0.000 0.132
049000 0.790 0.078 0.000 0.132
049500 0.793 0.075 0.000 0.132
050000 0.792 0.076 0.000 0.132
050500 0.789 0.079 0.000 0.132
051000 0.788 0.079 0.000 0.132
051500 0.788 0.079 0.000 0.132
052000 0.788 0.079 0.000 0.132
052500 0.788 0.079 0.000 0.132
053000 0.788 0.079 0.000 0.132
053500 0.788 0.079 0.000 0.132
054000 0.788 0.079 0.000 0.132
054500 0.788 0.079 0.000 0.132
055000 0.788 0.079 0.000 0.132
055500 0.788 0.079 0.000 0.132
056000 0.788 0.079 0.000 0.132
056500 0.788 0.079 0.000 0.132
057000 0.788 0.079 0.000 0.132
057500 0.788 0.079 0.000 0.132
058000 0.788 0.079 0.000 0.132
058500 0.788 0.079 0.000 0.132
059000 0.788 0.079 0.000 0.132
059500 0.788 0.079 0.000 0.132
060000 0.788 0.079 0.000 0.132
060500 0.788 0.079 0.000 0.132
061000 0.788 0.079 0.000 0.132
061500 0.788 0.079 0.000 0.132
062000 0.788 0.079 0.000 0.132
062500 0.788 0.079 0.000 0.132
063000 0.788 0.079 0.000 0.132
063500 0.788 0.079 0.000 0.132
064000 0.788 0.079 0.000 0.132
064500 0.788 0.079 0.000 0.132
065000 0.788 0.079 0.000 0.132
065500 0.788 0.079 0.000 0.132
066000 0.788 0.079 0.000 0.132
066500 0.788 0.079 0.000 0.132
067000 0.788 0.079 0.000 0.132
067500 0.788 0.079 0.000 0.132
068000 0.788 0.079 0.000 0.132
068500 0.788 0.079 0.000 0.132
069000 0.788 0.079 0.000 0.132
069500 0.788 0.079 0.000 0.132
070000 0.788 0.079 0.000 0.132
070500 0.788 0.079 0.000 0.132
071000 0.788 0.079 0.000 0.132
071500 0.788 0.079 0.000 0.132
072000 0.788 0.079 0.000 0.132
072500 0.788 0.079 0.000 0.132
073000 0.788 0.079 0.000 0.132
073500 0.788 0.079 0.000 0.132
074000 0.788 0.079 0.000 0.132
074500 0.788 0.079 0.000 0.132
075000 0.788 0.079 0.000 0.132
075500 0.788 0.079 0.000 0.132
076000 0.788 0.079 0.000 0.132
076500 0.788 0.079 0.000 0.132
077000 0.788 0.079 0.000 0.132
077500 0.788 0.079 0.000 0.132
078000 0.788 0.079 0.000 0.132
078500 0.788 0.079 0.000 0.132
079000 0.788 0.079 0.000 0.132
079500 0.788 0.079 0.000 0.132
080000 0.788 0.079 0.000 0.132
080500 0.788 0.079 0.000 0.132
081000 0.788 0.079 0.000 0.132
081500 0.788 0.079 0.000 0.132
082000 0.788 0.079 0.000 0.132
082500 0.788 0.079 0.000 0.132
083000 0.788 0.079 0.000 0.132
083500 0.788 0.079 0.000 0.132
084000 0.788 0.079 0.000 0.132
084500 0.788 0.079 0.000 0.132
085000 0.788 0.079 0.000 0.132
085500 0.788 0.079 0.000 0.132
086000 0.788 0.079 0.000 0.132
086500 0.788 0.079 0.000 0.132
087000 0.788 0.079 0.000 0.132
087500 0.788 0.079 0.000 0.132
088000 0.788 0.079 0.000 0.132
088500 0.788 0.079 0.000 0.132
089000 0.788 0.079 0.000 0.132
089500 0.788 0.079 0.000 0.132
090000 0.788 0.079 0.000 0.132
090500 0.788 0.079 0.000 0.132
091000 0.788 0.079 0.000 0.132
091500 0.788 0.079 0.000 0.132
092000 0.788 0.079 0.000 0.132
092500 0.788 0.079 0.000 0.132
093000 0.788 0.079 0.000 0.132
093500 0.788 0.079 0.000 0.132
094000 0.788 0.079 0.000 0.132
094500 0.788 0.079 0.000 0.132
095000 0.788 0.079 0.000 0.132
095500 0.788 0.079 0.000 0.132
096000 0.788 0.079 0.000 0.132
096500 0.788 0.079 0.000 0.132
097000 0.788 0.079 0.000 0.132
097500 0.788 0.079 0.000 0.132
098000 0.788 0.079 0.000 0.132
098500 0.788 0.079 0.000 0.132
099000 0.788 0.079 0.000 0.132
099500 0.788 0.079 0.000 0.132
100000 0.788 0.079 0.000 0.132
100500 0.788 0.079 0.000 0.132
101000 0.788 0.079 0.000 0.132
101500 0.788 0.079 0.000 0.132
102000 0.788 0.079 0.000 0.132
102500 0.788 0.079 0.000 0.132
103000 0.788 0.079 0.000 0.132
103500 0.788 0.079 0.000 0.132
104000 0.788 0.079 0.000 0.132
104500 0.788 0.079 0.000 0.132
105000 0.788 0.079 0.000 0.132
105500 0.788 0.079 0.000 0.132
106000 0.788 0.079 0.000 0.132
106500 0.788 0.079 0.000 0.132
107000 0.788 0.079 0.000 0.132
107500 0.788 0.079 0.000 0.132
108000 0.788 0.079 0.000 0.132
108500 0.788 0.079 0.000 0.132
109000 0.788 0.079 0.000 0.132
109500 0.788 0.079 0.000 0.132
110000 0.788 0.079 0.000 0.132
110500 0.788 0.079 0.000 0.132
111000 0.788 0.079 0.000 0.132
111500 0.788 0.079 0.000 0.132
112000 0.788 0.079 0.000 0.132
112500 0.788 0.079 0.000 0.132
113000 0.788 0.079 0.000 0.132
113500 0.788 0.079 0.000 0.132
114000 0.788 0.079 0.000 0.132
114500 0.788 0.079 0.000 0.132
115000 0.788 0.079 0.000 0.132
115500 0.788 0.079 0.000 0.132
116000 0.788 0.079 0.000 0.132
116500 0.788 0.079 0.000 0.132
117000 0.788 0.079 0.000 0.132
117500 0.788 0.079 0.000 0.132
118000 0.788 0.079 0.000 0.132
118500 0.788 0.079 0.000 0.132
119000 0.788 0.079 0.000 0.132
119500 0.788 0.079 0.000 0.132
120000 0.788 0.079 0.000 0.132
120500 0.788 0.079 0.000 0.132
121000 0.788 0.079 0.000 0.132
121500 0.788 0.079 0.000 0.132
122000 0.788 0.079 0.000 0.132
122500 0.788 0.079 0.000 0.132
123000 0.788 0.079 0.000 0.132
123500 0.788 0.079 0.000 0.132
124000 0.788 0.079 0.000 0.132
124500 0.788 0.079 0.000 0.132
125000 0.788 0.079 0.000 0.132
125500 0.788 0.079 0.000 0.132
126000 0.788 0.079 0.000 0.132
126500 0.788 0.079 0.000 0.132
127000 0.788 0.079 0.000 0.132
127500 0.788 0.079 0.000 0.132
128000 0.788 0.079 0.000 0.132
128500 0.788 0.079 0.000 0.132
129000 0.788 0.079 0.000 0.132
129500 0.788 0.079 0.000 0.132
130000 0.788 0.079 0.000 0.132
130500 0.788 0.079 0.000 0.132
131000 0.788 0.079 0.000 0.132
131500 0.788 0.079 0.000 0.132
132000 0.788 0.079 0.000 0.132
132500 0.788 0.079 0.000 0.132
133000 0.788 0.079 0.000 0.132
133500 0.788 0.079 0.000 0.132
134000 0.788 0.079 0.000 0.132
134500 0.788 0.079 0.000 0.132
135000 0.788 0.079 0.000 0.132
135500 0.788 0.079 0.000 0.132
136000 0.788 0.079 0.000 0.132
136500 0.788 0.079 0.000 0.132
137000 0.788 0.079 0.000 0.132
137500 0.788 0.079 0.000 0.132
138000 0.788 0.079 0.000 0.132
138500 0.788 0.079 0.000 0.132
139000 0.788 0.079 0.000 0.132
139500 0.788 0.079 0.000 0.132
140000 0.788 0.079 0.000 0.132
140500 0.788 0.079 0.000 0.132
141000 0.788 0.079 0.000 0.132
141500 0.788 0.079 0.000 0.132
142000 0.788 0.079 0.000 0.132
142500 0.788 0.079 0.000 0.132
143000 0.788 0.079 0.000 0.132
143500 0.788 0.079 0.000 0.132
144000 0.788 0.079 0.000 0.132
144500 0.788 0.079 0.000 0.132
145000 0.788 0.079 0.000 0.132
145500 0.788 0.079 0.000 0.132
146000 0.788 0.079 0.000 0.132
146500 0.788 0.079 0.000 0.132
147000 0.788 0.079 0.000 0.132
147500 0.788 0.079 0.000 0.132
148000 0.788 0.079 0.000 0.132
148500 0.788 0.079 0.000 0.132
149000 0.788 0.079 0.000 0.132
149500 0.788 0.079 0.000 0.132
150000 0.788 0.079 0.000 0.132
150500 0.788 0.079 0.000 0.132
151000 0.788 0.079 0.000 0.132
151500 0.788 0.079 0.000 0.132
152000 0.788 0.079 0.000 0.132
152500 0.788 0.079 0.000 0.132
153000 0.788 0.079 0.000 0.132
153500 0.788 0.079 0.000 0.132
154000 0.788 0.079 0.000 0.132
154500 0.788 0.079 0.000 0.132
155000 0.788 0.079 0.000 0.132
155500 0.788 0.079 0.000 0.132
156000 0.788 0.079 0.000 0.132
156500 0.788 0.079 0.000 0.132
157000 0.788 0.079 0.000 0.132
157500 0.788 0.079 0.000 0.132
158000 0.788 0.079 0.000 0.132
158500 0.788 0.079 0.000 0.132
159000 0.788 0.079 0.000 0.132
159500 0.788 0.079 0.000 0.132
160000 0.788 0.079 0.000 0.132
160500 0.788 0.079 0.000 0.132
161000 0.788 0.079 0.000 0.132
161500 0.788 0.079 0.000 0.132
162000 0.788 0.079 0.000 0.132
162500 0.788 0.079 0.000 0.132
163000 0.788 0.079 0.000 0.132
163500 0.788 0.079 0.000 0.132
164000 0.788 0.079 0.000 0.132
164500 0.788 0.079 0.000 0.132
165000 0.788 0.079 0.000 0.132
165500 0.788 0.079 0.000 0.132
166000 0.788 0.079 0.000 0.132
166500 0.788 0.079 0.000 0.132
167000 0.788 0.079 0.000 0.132
167500 0.788 0.079 0.000 0.132
168000 0.788 0.079 0.000 0.132
168500 0.788 0.079 0.000 0.132
169000 0.788 0.079 0.000 0.132
169500 0.788 0.079 0.000 0.132
170000 0.788 0.079 0.000 0.132
170500 0.788 0.079 0.000 0.132
171000 0.788 0.079 0.000 0.132
171500 0.788 0.079 0.000 0.132
172000 0.788 0.079 0.000 0.132
172500 0.788 0.079 0.000 0.132
173000 0.788 0.079 0.000 0.132
173500 0.788 0.079 0.000 0.132
174000 0.788 0.079 0.000 0.132
174500 0.788 0.079 0.000 0.132
175000 0.788 0.079 0.000 0.132
175500 0.788 0.079 0.000 0.132
176000 0.788 0.079 0.000 0.132
176500 0.788 0.079 0.000 0.132
177000 0.788 0.079 0.000 0.132
177500 0.788 0.079 0.000 0.132
178000 0.788 0.079 0.000 0.132
178500 0.788 0.079 0.000 0.132
179000 0.788 0.079 0.000 0.132
179500 0.788 0.079 0.000 0.132
180000 0.788 0.079 0.000 0.132
180500 0.788 0.079 0.000 0.132
181000 0.788 0.079 0.000 0.132
181500 0.788 0.079 0.000 0.132
182000 0.788 0.079 0.000 0.132
182500 0.788 0.079 0.000 0.132
183000 0.788 0.079 0.000 0.132
183500 0.788 0.079 0.000 0.132
184000 0.788 0.079 0.000 0.132
184500 0.788 0.079 0.000 0.132
185000 0.788 0.079 0.000 0.132
185500 0.788 0.079 0.000 0.132
186000 0.788 0.079 0.000 0.132
186500 0.788 0.079 0.000 0.132
187000 0.788 0.079 0.000 0.132
187500 0.788 0.079 0.000 0.132
188000 0.788 0.079 0.000 0.132
188500 0.788 0.079 0.000 0.132
189000 0.788 0.079 0.000 0.132
189500 0.788 0.079 0.000 0.132
190000 0.788 0.079 0.000 0.132
190500 0.788 0.079 0.000 0.132
191000 0.788 0.079 0.000 0.132
191500 0.788 0.079 0.000 0.132
192000 0.788 0.079 0.000 0.132
192500 0.788 0.079 0.000 0.132
193000 0.788 0.079 0.000 0.132
193500 0.788 0.079 0.000 0.132
194000 0.788 0.079 0.000 0.132
194500 0.788 0.079 0.000 0.132
195000 0.788 0.079 0.000 0.132
195500 0.788 0.079 0.000 0.132
196000 0.788 0.079 0.000 0.132
196500 0.788 0.079 0.000 0.132
197000 0.788 0.079 0.000 0.132
197500 0.788 0.079 0.000 0.132
198000 0.788 0.079 0.000 0.132
198500 0.788 0.079 0.000 0.132
199000 0.788 0.079 0.000 0.132
199500 0.788 0.079 0.000 0.132
200000 0.788 0.079 0.000 0.132
200500 0.788 0.079 0.000 0.132
201000 0.788 0.079 0.000 0.132
201500 0.788 0.079 0.000 0.132
202000 0.788 0.079 0.000 0.132
202500 0.788 0.079 0.000 0.132
203000 0.788 0.079 0.000 0.132
203500 0.788 0.079 0.000 0.132
204000 0.788 0.079 0.000 0.132
204500 0.788 0.079 0.000 0.132
205000 0.788 0.079 0.000 0.132
205500 0.788 0.079 0.000 0.132
206000 0.788 0.079 0.000 0.132
206500 0.788 0.079 0.000 0.132
207000 0.788 0.079 0.000 0.132
207500 0.788 0.079 0.000 0.132
208000 0.788 0.079 0.000 0.132
208500 0.788 0.079 0.000 0.132
209000 0.788 0.079 0.000 0.132
209500 0.788 0.079 0.000 0.132
210000 0.788 0.079 0.000 0.132
210500 0.788 0.079 0.000 0.132
211000 0.788 0.079 0.000 0.132
211500 0.788 0.079 0.000 0.132
212000 0.788 0.079 0.000 0.132
212500 0.788 0.079 0.000 0.132
213000 0.788 0.079 0.000 0.132
213500 0.788 0.079 0.000 0.132
214000 0.788 0.079 0.000 0.132
214500 0.788 0.079 0.000 0.132
215000 0.788 0.079 0.000 0.132
215500 0.788 0.079 0.000 0.132
216000 0.788 0.079 0.000 0.132
216500 0.788 0.079 0.000 0.132
217000 0.788 0.079 0.000 0.132
217500 0.788 0.079 0.000 0.132
218000 0.788 0.079 0.000 0.132
218500 0.788 0.079 0.000 0.132
219000 0.788 0.079 0.000 0.132
219500 0.788 0.079 0.000 0.132
220000 0.788 0.079 0.000 0.132
220500 0.788 0.079 0.000 0.132
221000 0.788 0.079 0.000 0.132
221500 0.788 0.079 0.000 0.132
222000 0.788 0.079 0.000 0.132
222500 0.788 0.079 0.000 0.132
223000 0.788 0.079 0.000 0.132
223500 0.788 0.079 0.000 0.132
224000 0.788 0.079 0.000 0.132
224500 0.788 0.079 0.000 0.132
225000 0.788 0.079 0.000 0.132
225500 0.788 0.079 0.000 0.132
226000 0.788 0.079 0.000 0.132
226500 0.788 0.079 0.000 0.132
227000 0.788 0.079 0.000 0.132
227500 0.788 0.079 0.000 0.132
228000 0.788 0.079 0.000 0.132
228500 0.788 0.079 0.000 0.132
229000 0.788 0.079 0.000 0.132
229500 0.788 0.079 0.000 0.132
230000 0.788 0.079 0.000 0.132
230500 0.788 0.079 0.000 0.132
231000 0.788 0.079 0.000 0.132
231500 0.788 0.079 0.000 0.132
232000 0.788 0.079 0.000 0.132
232500 0.788 0.079 0.000 0.132
233000 0.788 0.079 0.000 0.132
233500 0.788 0.079 0.000 0.132
234000 0.788 0.079 0.000 0.132
234500 0.788 0.079 0.000 0.132
235000 0.788 0.079 0.000 0.132
235500 0.788 0.079 0.000 0.132
236000 0.788 0.079 0.000 0.132
236500 0.788 0.079 0.000 0.132
237000 0.788 0.079 0.000 0.132
237500 0.788 0.079 0.000 0.132
238000 0.788 0.079 0.000 0.132
238500 0.788 0.079 0.000 0.132
239000 0.788 0.079 0.000 0.132
239500 0.788 0.079 0.000 0.132
240000 0.788 0.079 0.000 0.132
240500 0.788 0.079 0.000 0.132
241000 0.788 0.079 0.000 0.132
241500 0.788 0.079 0.000 0.132
242000 0.788 0.079 0.000 0.132
242500 0.788 0.079 0.000 0.132
243000 0.788 0.079 0.000 0.132
243500 0.788 0.079 0.000 0.132
244000 0.788 0.079 0.000 0.132
244500 0.788 0.079 0.000 0.132
245000 0.788 0.079 0.000 0.132
245500 0.788 0.079 0.000 0.132
246000 0.788 0.079 0.000 0.132
246500 0.788 0.079 0.000 0.132
247000 0.788 0.079 0.000 0.132
247500 0.788 0.079 0.000 0.132
248000 0.788 0.079 0.000 0.132
248500 0.788 0.079 0.000 0.132
249000 0.788 0.079 0.000 0.132
249500 0.788 0.079 0.000 0.132
250000 0.788 0.079 0.000 0.132
250500 0.788 0.079 0.000 0.132
251000 0.788 0.079 0.000 0.132
251500 0.788 0.079 0.000 0.132
252000 0.788 0.079 0.000 0.132
252500 0.788 0.079 0.000 0.132
253000 0.788 0.079 0.000 0.132
253500 0.788 0.079 0.000 0.132
254000 0.788 0.079 0.000 0.132
254500 0.788 0.079 0.000 0.132
255000 0.788 0.079 0.000 0.132
255500 0.788 0.079 0.000 0.132
256000 0.788 0.079 0.000 0.132
256500 0.788 0.079 0.000 0.132
257000 0.788 0.079 0.000 0.132
257500 0.788 0.079 0.000 0.132
258000 0.788 0.079 0.000 0.132
258500 0.788 0.079 0.000 0.132
259000 0.788 0.079 0.000 0.132
259500 0.788 0.079 0.000 0.132
260000 0.788 0.079 0.000 0.132
260500 0.788 0.079 0.000 0.132
261000 0.788 0.079 0.000 0.132
261500 0.788 0.079 0.000 0.132
262000 0.788 0.079 0.000 0.132
262500 0.788 0.079 0.000 0.132
263000 0.788 0.079 0.000 0.132
263500 0.788 0.079 0.000 0.132
264000 0.788 0.079 0.000 0.132
264500 0.788 0.079 0.000 0.132
265000 0.788 0.079 0.000 0.132
265500 0.788 0.079 0.000 0.132
266000 0.788 0.079 0.000 0.132
266500 0.788 0.079 0.000 0.132
267000 0.788 0.079 0.000 0.132
267500 0.788 0.079 0.000 0.132
268000 0.788 0.079 0.000 0.132
268500 0.788 0.079 0.000 0.132
269000 0.788 0.079 0.000 0.132
269500 0.788 0.079 0.000 0.132
270000 0.788 0.079 0.000 0.132
270500 0.788 0.079 0.000 0.132
271000 0.788 0.079 0.000 0.132
271500 0.788 0.079 0.000 0.132
272000 0.788 0.079 0.000 0.132
272500 0.788 0.079 0.000 0.132
273000 0.788 0.079 0.000 0.132
273500 0.788 0.079 0.000 0.132
274000 0.788 0.079 0.000 0.132
274500 0.788 0.079 0.000 0.132
275000 0.788 0.079 0.000 0.132
275500 0.788 0.079 0.000 0.132
276000 0.788 0.079 0.000 0.132
276500 0.788 0.079 0.000 0.132
277000 0.788 0.079 0.000 0.132
277500 0.788 0.079 0.000 0.132
278000 0.788 0.079 0.000 0.132
278500 0.788 0.079 0.000 0.132
279000 0.788 0.079 0.000 0.132
279500 0.788 0.079 0.000 0.132
280000 0.788 0.079 0.000 0.132
280500 0.788 0.079 0.000 0.132
281000 0.788 0.079 0.000 0.132
281500 0.788 0.079 0.000 0.132
282000 0.788 0.079 0.000 0.132
282500 0.788 0.079 0.000 0.132
283000 0.788 0.079 0.000 0.132
283500 0.788 0.079 0.000 0.132
284000 0.788 0.079 0.000 0.132
284500 0.788 0.079 0.000 0.132
285000 0.788 0.079 0.000 0.132
285500 0.788 0.079 0.000 0.132
286000 0.788 0.079 0.000 0.132
286500 0.788 0.079 0.000 0.132
287000 0.788 0.079 0.000 0.132
287500 0.788 0.079 0.000 0.132
288000 0.788 0.079 0.000 0.132
288500 0.788 0.079 0.000 0.132
289000 0.788 0.079 0.000 0.132
289500 0.788 0.079 0.000 0.132
290000 0.788 0.079 0.000 0.132
290500 0.788 0.079 0.000 0.132
291000 0.788 0.079 0.000 0.132
291500 0.788 0.079 0.000 0.132
292000 0.788 0.079 0.000 0.132
292500 0.788 0.079 0.000 0.132
293000 0.788 0.079 0.000 0.132
293500 0.788 0.079 0.000 0.132
294000 0.788 0.079 0.000 0.132
294500 0.788 0.079 0.000 0.132
295000 0.788 0.079 0.000 0.132
295500 0.788 0.079 0.000 0.132
296000 0.788 0.079 0.000 0.132
296500 0.788 0.079 0.000 0.132
297000 0.788 0.079 0.000 0.132
297500 0.788 0.079 0.000 0.132
298000 0.788 0.079 0.000 0.132
298500 0.788 0.079 0.000 0.132
299000 0.788 0.079 0.000 0.132
299500 0.788 0.079 0.000 0.132
300000 0.788 0.079 0.000 0.132
300500 0.788 0.079 0.000 0.132
301000 0.788 0.079 0.000 0.132
301500 0.788 0.079 0.000 0.132
302000 0.788 0.079 0.000 0.132
302500 0.788 0.079 0.000 0.132
303000 0.788 0.079 0.000 0.132
303500 0.788 0.079 0.000 0.132
304000 0.788 0.079 0.000 0.132
304500 0.788 0.079 0.000 0.132
305000 0.788 0.079 0.000 0.132
305500 0.788 0.079 0.000 0.132
306000 0.788 0.079 0.000 0.132
306500 0.788 0.079 0.000 0.132
307000 0.788 0.079 0.000 0.132
307500 0.788 0.079 0.000 0.132
308000 0.788 0.079 0.000 0.132
308500 0.788 0.079 0.000 0.132
309000 0.788 0.079 0.000 0.132
309500 0.788 0.079 0.000 0.132
310000 0.788 0.079 0.000 0.132
310500 0.788 0.079 0.000 0.132
311000 0.788 0.079 0.000 0.132
311500 0.788 0.079 0.000 0.132
312000 0.788 0.079 0.000 0.132
312500 0.788 0.079 0.000 0.132
313000 0.788 0.079 0.000 0.132
313500 0.788 0.079 0.000 0.132
314000 0.788 0.079 0.000 0.132
314500 0.788 0.079 0.000 0.132
315000 0.788 0.079 0.000 0.132
315500 0.788 0.079 0.000 0.132
316000 0.788 0.079 0.000 0.132
316500 0.788 0.079 0.000 0.132
317000 0.788 0.079 0.000 0.132
317500 0.788 0.079 0.000 0.132
318000 0.788 0.079 0.000 0.132
318500 0.788 0.079 0.000 0.132
319000 0.788 0.079 0.000 0.132
319500 0.788 0.079 0.000 0.132
320000 0.788 0.079 0.000 0.132
320500 0.788 0.079 0.000 0.132
321000 0.788 0.079 0.000 0.132
321500 0.788 0.079 0.000 0.132
322000 0.788 0.079 0.000 0.132
322500 0.788 0.079 0.000 0.132
323000 0.788 0.079 0.000 0.132
323500 0.788 0.079 0.000 0.132
324000 0.788 0.079 0.000 0.132
324500 0.788 0.079 0.000 0.132
325000 0.788 0.079 0.000 0.132
325500 0.788 0.079 0.000 0.132
326000 0.788 0.079 0.000 0.132
326500 0.788 0.079 0.000 0.132
327000 0.788 0.079 0.000 0.132
327500 0.788 0.079 0.000 0.132
328000 0.788 0.079 0.000 0.132
328500 0.788 0.079 0.000 0.132
329000 0.788 0.079 0.000 0.132
329500 0.788 0.079 0.000 0.132
330000 0.788 0.079 0.000 0.132
330500 0.788 0.079 0.000 0.132
331000 0.788 0.079 0.000 0.132
331500 0.788 0.079 0.000 0.132
332000 0.788 0.079 0.000 0.132
332500 0.788 0.079 0.000 0.132
333000 0.788 0.079 0.000 0.132
333500 0.788 0.079 0.000 0.132
334000 0.788 0.079 0.000 0.132
334500 0.788 0.079 0.000 0.132
335000 0.788 0.079 0.000 0.132
335500 0.788 0.079 0.000 0.132
336000 0.788 0.079 0.000 0.132
336500 0.788 0.079 0.000 0.132
337000 0.788 0.079 0.000 0.132
337500 0.788 0.079 0.000 0.132
338000 0.788 0.079 0.000 0.132
338500 0.788 0.079 0.000 0.132
339000 0.788 0.079 0.000 0.132
339500 0.788 0.079 0.000 0.132
340000 0.788 0.079 0.000 0.132
340500 0.788 0.079 0.000 0.132
341000 0.788 0.079 0.000 0.132
341500 0.788 0.079 0.000 0.132
342000 0.788 0.079 0.000 0.132
342500 0.788 0.079 0.000 0.132
343000 0.788 0.079 0.000 0.132
343500 0.788 0.079 0.000 0.132
344000 0.788 0.079 0.000 0.132
344500 0.788 0.079 0.000 0.132
345000 0.788 0.079 0.000 0.132
345500 0.788 0.079 0.000 0.132
346000 0.788 0.079 0.000 0.132
346500 0.788 0.079 0.000 0.132
347000 0.788 0.079 0.000 0.132
347500 0.788 0.079 0.000 0.132
348000 0.788 0.079 0.000 0.132
348500 0.788 0.079 0.000 0.132
349000 0.788 0.079 0.000 0.132
349500 0.788 0.079 0.000 0.132
350000 0.788 0.079 0.000 0.132
350500 0.788 0.079 0.000 0.132
351000 0.788 0.079 0.000 0.132
351500 0.788 0.079 0.000 0.132
352000 0.788 0.079 0.000 0.132
352500 0.788 0.079 0.000 0.132
353000 0.788 0.079 0.000 0.132
353500 0.788 0.079 0.000 0.132
354000 0.788 0.079 0.000 0.132
354500 0.788 0.079 0.000 0.132
355000 0.788 0.079 0.000 0.132
355500 0.788 0.079 0.000 0.132
356000 0.788 0.079 0.000 0.132
356500 0.788 0.079 0.000 0.132
357000 0.788 0.079 0.000 0.132
357500 0.788 0.079 0.000 0.132
358000 0.788 0.079 0.000 0.132
358500 0.788 0.079 0.000 0.132
359000 0.788 0.079 0.000 0.132
359500 0.788 0.079 0.000 0.132
360000 0.788 0.079 0.000 0.132
360500 0.788 0.079 0.000 0.132
361000 0.788 0.079 0.000 0.132
361500 0.788 0.079 0.000 0.132
362000 0.788 0.079 0.000 0.132
362500 0.788 0.079 0.000 0.132
363000 0.788 0.079 0.000 0.132
363500 0.788 0.079 0.000 0.132
364000 0.788 0.079 0.000 0.132
364500 0.788 0.079 0.000 0.132
365000 0.788 0.079 0.000 0.132
365500 0.788 0.079 0.000 0.132
366000 0.788 0.079 0.000 0.132
366500 0.788 0.079 0.000 0.132
367000 0.788 0.079 0.000 0.132
367500 0.788 0.079 0.000 0.132
368000 0.788 0.079 0.000 0.132
368500 0.788 0.079 0.000 0.132
369000 0.788 0.079 0.000 0.132
369500 0.788 0.079 0.000 0.132
370000 0.788 0.079 0.000 0.132
370500 0.788 0.079 0.000 0.132
371000 0.788 0.079 0.000 0.132
371500 0.788 0.079 0.000 0.132
372000 0.788 0.079 0.000 0.132
372500 0.788 0.079 0.000 0.132
373000 0.788 0.079 0.000 0.132
373500 0.788 0.079 0.000 0.132
374000 0.788 0.079 0.000 0.132
374500 0.788 0.079 0.000 0.132
375000 0.788 0.079 0.000 0.132
375500 0.788 0.079 0.000 0.132
376000 0.788 0.079 0.000 0.132
376500 0.788 0.079 0.000 0.132
377000 0.788 0.079 0.000 0.132
377500 0.788 0.079 0.000 0.132
378000 0.788 0.079 0.000 0.132
378500 0.788 0.079 0.000 0.132
379000 0.788 0.079 0.000 0.132
379500 0.788 0.079 0.000 0.132
380000 0.788 0.079 0.000 0.132
380500 0.788 0.079 0.000 0.132
381000 0.788 0.079 0.000 0.132
381500 0.788 0.079 0.000 0.132
382000 0.788 0.079 0.000 0.132
382500 0.788 0.079 0.000 0.132
383000 0.788 0.079 0.000 0.132
383500 0.788 0.079 0.000 0.132
384000 0.788 0.079 0.000 0.132
384500 0.788 0.079 0.000 0.132
385000 0.788 0.079 0.000 0.132
385500 0.788 0.079 0.000 0.132
386000 0.788 0.079 0.000 0.132
386500 0.788 0.079 0.000 0.132
387000 0.788 0.079 0.000 0.132
387500 0.788 0.079 0.000 0.132
388000 0.788 0.079 0.000 0.132
388500 0.788 0.079 0.000 0.132
389000 0.788 0.079 0.000 0.132
389500 0.788 0.079 0.000 0.132
390000 0.788 0.079 0.000 0.132
390500 0.788 0.079 0.000 0.132
391000 0.788 0.079 0.000 0.132
391500 0.788 0.079 0.000 0.132
392000 0.788 0.079 0.000 0.132
392500 0.788 0.079 0.000 0.132
393000 0.788 0.079 0.000 0.132
393500 0.788 0.079 0.000 0.132
394000 0.788 0.079 0.000 0.132
394500 0.788 0.079 0.000 0.132
395000 0.788 0.079 0.000 0.132
395500 0.788 0.079 0.000 0.132
396000 0.788 0.079 0.000 0.132
396500 0.788 0.079 0.000 0.132
397000 0.788 0.079 0.000 0.132
397500 0.788 0.079 0.000 0.132
398000 0.788 0.079 0.000 0.132
398500 0.788 0.079 0.000 0.132
399000 0.788 0.079 0.000 0.132
399500 0.788 0.079 0.000 0.132
400000 0.788 0.079 0.000 0.132
400500 0.788 0.079 0.000 0.132
401000 0.788 0.079 0.000 0.132
401500 0.788 0.079 0.000 0.132
402000 0.788 0.079 0.000 0.132
402500 0.788 0.079 0.000 0.132
403000 0.788 0.079 0.000 0.132
403500 0.788 0.079 0.000 0.132
404000 0.788 0.079 0.000 0.132
404500 0.788 0.079 0.000 0.132
405000 0.788 0.079 0.000 0.132
405500 0.788 0.079 0.000 0.132
406000 0.788 0.079 0.000 0.132
406500 0.788 0.079 0.000 0.132
407000 0.788 0.079 0.000 0.132
407500 0.788 0.079 0.000 0.132
408000 0.788 0.079 0.000 0.132
408500 0.788 0.079 0.000 0.132
409000 0.788 0.079 0.000 0.132
409500 0.788 0.079 0.000 0.132
410000 0.788 0.079 0.000 0.132
410500 0.788 0.079 0.000 0.132
411000 0.788 0.079 0.000 0.132
411500 0.788 0.079 0.000 0.132
412000 0.788 0.079 0.000 0.132
412500 0.788 0.079 0.000 0.132
413000 0.788 0.079 0.000 0.132
413500 0.788 0.079 0.000 0.132
414000 0.788 0.079 0.000 0.132
414500 0.788 0.079 0.000 0.132
415000 0.788 0.079 0.000 0.132
415500 0.788 0.079 0.000 0.132
416000 0.788 0.079 0.000 0.132
416500 0.788 0.079 0.000 0.132
417000 0.788 0.079 0.000 0.132
417500 0.788 0.079 0.000 0.132
418000 0.788 0.079 0.000 0.132
418500 0.788 0.079 0.000 0.132
419000 0.788 0.079 0.000 0.132
419500 0.788 0.079 0.000 0.132
420000 0.788 0.079 0.000 0.132
420500 0.788 0.079 0.000 0.132
421000 0.788 0.079 0.000 0.132
421500 0.788 0.079 0.000 0.132
422000 0.788 0.079 0.000 0.132
422500 0.788 0.079 0.000 0.132
423000 0.788 0.079 0.000 0.132
423500 0.788 0.079 0.000 0.132
424000 0.788 0.079 0.000 0.132
424500 0.788 0.079 0.000 0.132
425000 0.788 0.079 0.000 0.132
425500 0.788 0.079 0.000 0.132
426000 0.788 0.079 0.000 0.132
426500 0.788 0.079 0.000 0.132
427000 0.788 0.079 0.000 0.132
427500 0.788 0.079 0.000 0.132
428000 0.788 0.079 0.000 0.132
428500 0.788 0.079 0.000 0.132
429000 0.788 0.079 0.000 0.132
429500 0.788 0.079 0.000 0.132
430000 0.788 0.079 0.000 0.132
430500 0.788 0.079 0.000 0.132
431000 0.788 0.079 0.000 0.132
431500 0.788 0.079 0.000 0.132
432000 0.788 0.079 0.000 0.132
432500 0.788 0.079 0.000 0.132
433000 0.788 0.079 0.000 0.132
433500 0.788 0.079 0.000 0.132
434000 0.788 0.079 0.000 0.132
434500 0.788 0.079 0.000 0.132
435000 0.788 0.079 0.000 0.132
435500 0.788 0.079 0.000 0.132
436000 0.788 0.079 0.000 0.132
436500 0.788 0.079 0.000 0.132
437000 0.788 0.079 0.000 0.132
437500 0.788 0.079 0.000 0.132
438000 0.788 0.079 0.000 0.132
438500 0.788 0.079 0.000 0.132
439000 0.788 0.079 0.000 0.132
439500 0.788 0.079 0.000 0.132
440000 0.788 0.079 0.000 0.132
440500 0.788 0.079 0.000 0.132
441000 0.788 0.079 0.000 0.132
441500 0.788 0.079 0.000 0.132
442000 0.788 0.079 0.000 0.132
442500 0.788 0.079 0.000 0.132
443000 0.788 0.079 0.000 0.132
443500 0.788 0.079 0.000 0.132
444000 0.788 0.079 0.000 0.132
444500 0.788 0.079 0.000 0.132
445000 0.788 0.079 0.000 0.132
445500 0.788 0.079 0.000 0.132
446000 0.788 0.079 0.000 0.132
446500 0.788 0.079 0.000 0.132
447000 0.788 0.079 0.000 0.132
447500 0.788 0.079 0.000 0.132
448000 0.788 0.079 0.000 0.132
448500 0.788 0.079 0.000 0.132
449000 0.788 0.079 0.000 0.132
449500 0.788 0.079 0.000 0.132
450000 0.788 0.079 0.000 0.132
450500 0.788 0.079 0.000 0.132
451000 0.788 0.079 0.000 0.132
451500 0.788 0.079 0.000 0.132
452000 0.788 0.079 0.000 0.132
452500 0.788 0.079 0.000 0.132
453000 0.788 0.079 0.000 0.132
453500 0.788 0.079 0.000 0.132
454000 0.788 0.079 0.000 0.132
454500 0.788 0.079 0.000 0.132
455000 0.788 0.079 0.000 0.132
455500 0.788 0.079 0.000 0.132
456000 0.788 0.079 0.000 0.132
456500 0.788 0.079 0.000 0.132
457000 0.788 0.079 0.000 0.132
457500 0.788 0.079 0.000 0.132
458000 0.788 0.079 0.000 0.132
458500 0.788 0.079 0.000 0.132
459000 0.788 0.079 0.000 0.132
459500 0.788 0.079 0.000 0.132
460000 0.788 0.079 0.000 0.132
460500 0.788 0.079 0.000 0.132
461000 0.788 0.079 0.000 0.132
461500 0.788 0.079 0.000 0.132
462000 0.788 0.079 0.000 0.132
462500 0.788 0.079 0.000 0.132
463000 0.788 0.079 0.000 0.132
463500 0.788 0.079 0.000 0.132
464000 0.788 0.079 0.000 0.132
464500 0.788 0.079 0.000 0.132
465000 0.788 0.079 0.000 0.132
465500 0.788 0.079 0.000 0.132
466000 0.788 0.079 0.000 0.132
466500 0.788 0.079 0.000 0.132
467000 0.788 0.079 0.000 0.132
467500 0.788 0.079 0.000 0.132
468000 0.788 0.079 0.000 0.132
468500 0.788 0.079 0.000 0.132
469000 0.788 0.079 0.000 0.132
469500 0.788 0.079 0.000 0.132
470000 0.788 0.079 0.000 0.132
470500 0.788 0.079 0.000 0.132
471000 0.788 0.079 0.000 0.132
471500 0.788 0.079 0.000 0.132
472000 0.788 0.079 0.000 0.132
472500 0.788 0.079 0.000 0.132
473000 0.788 0.079 0.000 0.132
473500 0.788 0.079 0.000 0.132
474000 0.788 0.079 0.000 0.132
474500 0.788 0.079 0.000 0.132
475000 0.788 0.079 0.000 0.132
475500 0.788 0.079 0.000 0.132
476000 0.788 0.079 0.000 0.132
476500 0.788 0.079 0.000 0.132
477000 0.788 0.079 0.000 0.132
477500 0.788 0.079 0.000 0.132
478000 0.788 0.079 0.000 0.132
478500 0.788 0.079 0.000 0.132
479000 0.788 0.079 0.000 0.132
479500 0.788 0.079 0.000 0.132
480000 0.788 0.079 0.000 0.132
480500 0.788 0.079 0.000 0.132
481000 0.788 0.079 0.000 0.132
481500 0.788 0.079 0.000 0.132
482000 0.788 0.079 0.000 0.132
482500 0.788 0.079 0.000 0.132
483000 0.788 0.079 0.000 0.132
483500 0.788 0.079 0.000 0.132
484000 0.788 0.079 0.000 0.132
484500 0.788 0.079 0.000 0.132
485000 0.788 0.079 0.000 0.132
485500 0.788 0.079 0.000 0.132
486000 0.788 0.079 0.000 0.132
486500 0.788 0.079 0.000 0.132
487000 0.788 0.079 0.000 0.132
487500 0.788 0.079 0.000 0.132
488000 0.788 0.079 0.000 0.132
488500 0.788 0.079 0.000 0.132
489000 0.788 0.079 0.000 0.132
489500 0.788 0.079 0.000 0.132
490000 0.788 0.079 0.000 0.132
490500 0.788 0.079 0.000 0.132
491000 0.788 0.079 0.000 0.132
491500 0.788 0.079 0.000 0.132
492000 0.788 0.079 0.000 0.132
492500 0.788 0.079 0.000 0.132
493000 0.788 0.079 0.000 0.132
493500 0.788 0.079 0.000 0.132
494000 0.788 0.079 0.000 0.132
494500 0.788 0.079 0.000 0.132
495000 0.788 0.079 0.000 0.132
495500 0.788 0.079 0.000 0.132
496000 0.788 0.079 0.000 0.132
496500 0.788 0.079 0.000 0.132
497000 0.788 0.079 0.000 0.132
497500 0.788 0.079 0.000 0.132
498000 0.788 0.079 0.000 0.132
498500 0.788 0.079 0.000 0.132
499000 0.788 0.079 0.000 0.132
499500 0.788 0.079 0.000 0.132
500000 0.788 0.079 0.000 0.132
