000000 0.250 0.250 0.250 0.250
000500 0.054 0.547 0.000 0.398
001000 0.054 0.549 0.000 0.397
001500 0.054 0.553 0.000 0.392
002000 0.054 0.556 0.000 0.390
002500 0.054 0.559 0.000 0.387
003000 0.054 0.561 0.000 0.384
003500 0.054 0.563 0.000 0.382
004000 0.054 0.566 0.000 0.380
004500 0.054 0.568 0.000 0.378
005000 0.054 0.570 0.000 0.376
005500 0.054 0.569 0.000 0.376
006000 0.054 0.571 0.000 0.374
006500 0.054 0.575 0.000 0.371
007000 0.054 0.575 0.000 0.371
007500 0.054 0.576 0.000 0.370
008000 0.054 0.578 0.000 0.368
008500 0.054 0.582 0.000 0.364
009000 0.054 0.583 0.000 0.363
009500 0.054 0.585 0.000 0.361
010000 0.054 0.585 0.000 0.361
010500 0.054 0.587 0.000 0.359
011000 0.054 0.589 0.000 0.357
011500 0.054 0.591 0.000 0.355
012000 0.054 0.591 0.000 0.355
012500 0.054 0.594 0.000 0.352
013000 0.054 0.595 0.000 0.351
013500 0.054 0.597 0.000 0.349
014000 0.054 0.597 0.000 0.349
014500 0.054 0.598 0.000 0.348
015000 0.054 0.600 0.000 0.346
015500 0.054 0.600 0.000 0.346
016000 0.054 0.600 0.000 0.345
016500 0.054 0.601 0.000 0.345
017000 0.054 0.603 0.000 0.343
017500 0.054 0.603 0.000 0.343
018000 0.054 0.603 0.000 0.343
018500 0.054 0.603 0.000 0.343
019000 0.054 0.603 0.000 0.343
019500 0.054 0.603 0.000 0.343
020000 0.054 0.603 0.000 0.343
020500 0.054 0.603 0.000 0.343
021000 0.054 0.603 0.000 0.343
021500 0.054 0.603 0.000 0.343
022000 0.054 0.603 0.000 0.343
022500 0.054 0.603 0.000 0.343
023000 0.054 0.603 0.000 0.343
023500 0.054 0.603 0.000 0.343
024000 0.054 0.603 0.000 0.343
024500 0.054 0.603 0.000 0.343
025000 0.054 0.603 0.000 0.343
025500 0.054 0.603 0.000 0.343
026000 0.054 0.603 0.000 0.343
026500 0.054 0.603 0.000 0.343
027000 0.054 0.603 0.000 0.343
027500 0.054 0.603 0.000 0.343
028000 0.054 0.603 0.000 0.343
028500 0.054 0.603 0.000 0.343
029000 0.054 0.603 0.000 0.343
029500 0.054 0.603 0.000 0.343
030000 0.054 0.603 0.000 0.343
030500 0.054 0.603 0.000 0.343
031000 0.054 0.603 0.000 0.343
031500 0.054 0.603 0.000 0.343
032000 0.054 0.603 0.000 0.343
032500 0.054 0.603 0.000 0.343
033000 0.054 0.603 0.000 0.343
033500 0.054 0.603 0.000 0.343
034000 0.054 0.603 0.000 0.343
034500 0.054 0.603 0.000 0.343
035000 0.054 0.603 0.000 0.343
035500 0.054 0.603 0.000 0.343
036000 0.054 0.603 0.000 0.343
036500 0.054 0.603 0.000 0.343
037000 0.054 0.603 0.000 0.343
037500 0.054 0.603 0.000 0.343
038000 0.054 0.603 0.000 0.343
038500 0.054 0.603 0.000 0.343
039000 0.054 0.603 0.000 0.343
039500 0.054 0.603 0.000 0.343
040000 0.054 0.603 0.000 0.343
040500 0.054 0.603 0.000 0.343
041000 0.054 0.603 0.000 0.343
041500 0.054 0.603 0.000 0.343
042000 0.054 0.603 0.000 0.343
042500 0.054 0.603 0.000 0.343
043000 0.054 0.603 0.000 0.343
043500 0.054 0.603 0.000 0.343
044000 0.054 0.603 0.000 0.343
044500 0.054 0.603 0.000 0.343
045000 0.054 0.603 0.000 0.343
045500 0.054 0.603 0.000 0.343
046000 0.054 0.603 0.000 0.343
046500 0.054 0.603 0.000 0.343
047000 0.054 0.603 0.000 0.343
047500 0.054 0.603 0.000 0.343
048000 0.054 0.603 0.000 0.343
048500 0.054 0.603 0.000 0.343
049000 0.054 0.603 0.000 0.343
049500 0.054 0.603 0.000 0.343
050000 0.054 0.603 0.000 0.343
050500 0.054 0.603 0.000 0.343
051000 0.054 0.603 0.000 0.343
051500 0.054 0.603 0.000 0.343
052000 0.054 0.603 0.000 0.343
052500 0.054 0.603 0.000 0.343
053000 0.054 0.603 0.000 0.343
053500 0.054 0.603 0.000 0.343
054000 0.054 0.603 0.000 0.343
054500 0.054 0.603 0.000 0.343
055000 0.054 0.603 0.000 0.343
055500 0.054 0.603 0.000 0.343
056000 0.054 0.603 0.000 0.343
056500 0.054 0.603 0.000 0.343
057000 0.054 0.603 0.000 0.343
057500 0.054 0.603 0.000 0.343
058000 0.054 0.603 0.000 0.343
058500 0.054 0.603 0.000 0.343
059000 0.054 0.603 0.000 0.343
059500 0.054 0.603 0.000 0.343
060000 0.054 0.603 0.000 0.343
060500 0.054 0.603 0.000 0.343
061000 0.054 0.603 0.000 0.343
061500 0.054 0.603 0.000 0.343
062000 0.054 0.603 0.000 0.343
062500 0.054 0.603 0.000 0.343
063000 0.054 0.603 0.000 0.343
063500 0.054 0.603 0.000 0.343
064000 0.054 0.603 0.000 0.343
064500 0.054 0.603 0.000 0.343
065000 0.054 0.603 0.000 0.343
065500 0.054 0.603 0.000 0.343
066000 0.054 0.603 0.000 0.343
066500 0.054 0.603 0.000 0.343
067000 0.054 0.603 0.000 0.343
067500 0.054 0.603 0.000 0.343
068000 0.054 0.603 0.000 0.343
068500 0.054 0.603 0.000 0.343
069000 0.054 0.603 0.000 0.343
069500 0.054 0.603 0.000 0.343
070000 0.054 0.603 0.000 0.343
070500 0.054 0.603 0.000 0.343
071000 0.054 0.603 0.000 0.343
071500 0.054 0.603 0.000 0.343
072000 0.054 0.603 0.000 0.343
072500 0.054 0.603 0.000 0.343
073000 0.054 0.603 0.000 0.343
073500 0.054 0.603 0.000 0.343
074000 0.054 0.603 0.000 0.343
074500 0.054 0.603 0.000 0.343
075000 0.054 0.603 0.000 0.343
075500 0.054 0.603 0.000 0.343
076000 0.054 0.603 0.000 0.343
076500 0.054 0.603 0.000 0.343
077000 0.054 0.603 0.000 0.343
077500 0.054 0.603 0.000 0.343
078000 0.054 0.603 0.000 0.343
078500 0.054 0.603 0.000 0.343
079000 0.054 0.603 0.000 0.343
079500 0.054 0.603 0.000 0.343
080000 0.054 0.603 0.000 0.343
080500 0.054 0.603 0.000 0.343
081000 0.054 0.603 0.000 0.343
081500 0.054 0.603 0.000 0.343
082000 0.054 0.603 0.000 0.343
082500 0.054 0.603 0.000 0.343
083000 0.054 0.603 0.000 0.343
083500 0.054 0.603 0.000 0.343
084000 0.054 0.603 0.000 0.343
084500 0.054 0.603 0.000 0.343
085000 0.054 0.603 0.000 0.343
085500 0.054 0.603 0.000 0.343
086000 0.054 0.603 0.000 0.343
086500 0.054 0.603 0.000 0.343
087000 0.054 0.603 0.000 0.343
087500 0.054 0.603 0.000 0.343
088000 0.054 0.603 0.000 0.343
088500 0.054 0.603 0.000 0.343
089000 0.054 0.603 0.000 0.343
089500 0.054 0.603 0.000 0.343
090000 0.054 0.603 0.000 0.343
090500 0.054 0.603 0.000 0.343
091000 0.054 0.603 0.000 0.343
091500 0.054 0.603 0.000 0.343
092000 0.054 0.603 0.000 0.343
092500 0.054 0.603 0.000 0.343
093000 0.054 0.603 0.000 0.343
093500 0.054 0.603 0.000 0.343
094000 0.054 0.603 0.000 0.343
094500 0.054 0.603 0.000 0.343
095000 0.054 0.603 0.000 0.343
095500 0.054 0.603 0.000 0.343
096000 0.054 0.603 0.000 0.343
096500 0.054 0.603 0.000 0.343
097000 0.054 0.603 0.000 0.343
097500 0.054 0.603 0.000 0.343
098000 0.054 0.603 0.000 0.343
098500 0.054 0.603 0.000 0.343
099000 0.054 0.603 0.000 0.343
099500 0.054 0.603 0.000 0.343
100000 0.054 0.603 0.000 0.343
100500 0.054 0.603 0.000 0.343
101000 0.054 0.603 0.000 0.343
101500 0.054 0.603 0.000 0.343
102000 0.054 0.603 0.000 0.343
102500 0.054 0.603 0.000 0.343
103000 0.054 0.603 0.000 0.343
103500 0.054 0.603 0.000 0.343
104000 0.054 0.603 0.000 0.343
104500 0.054 0.603 0.000 0.343
105000 0.054 0.603 0.000 0.343
105500 0.054 0.603 0.000 0.343
106000 0.054 0.603 0.000 0.343
106500 0.054 0.603 0.000 0.343
107000 0.054 0.603 0.000 0.343
107500 0.054 0.603 0.000 0.343
108000 0.054 0.603 0.000 0.343
108500 0.054 0.603 0.000 0.343
109000 0.054 0.603 0.000 0.343
109500 0.054 0.603 0.000 0.343
110000 0.054 0.603 0.000 0.343
110500 0.054 0.603 0.000 0.343
111000 0.054 0.603 0.000 0.343
111500 0.054 0.603 0.000 0.343
112000 0.054 0.603 0.000 0.343
112500 0.054 0.603 0.000 0.343
113000 0.054 0.603 0.000 0.343
113500 0.054 0.603 0.000 0.343
114000 0.054 0.603 0.000 0.343
114500 0.054 0.603 0.000 0.343
115000 0.054 0.603 0.000 0.343
115500 0.054 0.603 0.000 0.343
116000 0.054 0.603 0.000 0.343
116500 0.054 0.603 0.000 0.343
117000 0.054 0.603 0.000 0.343
117500 0.054 0.603 0.000 0.343
118000 0.054 0.603 0.000 0.343
118500 0.054 0.603 0.000 0.343
119000 0.054 0.603 0.000 0.343
119500 0.054 0.603 0.000 0.343
120000 0.054 0.603 0.000 0.343
120500 0.054 0.603 0.000 0.343
121000 0.054 0.603 0.000 0.343
121500 0.054 0.603 0.000 0.343
122000 0.054 0.603 0.000 0.343
122500 0.054 0.603 0.000 0.343
123000 0.054 0.603 0.000 0.343
123500 0.054 0.603 0.000 0.343
124000 0.054 0.603 0.000 0.343
124500 0.054 0.603 0.000 0.343
125000 0.054 0.603 0.000 0.343
125500 0.054 0.603 0.000 0.343
126000 0.054 0.603 0.000 0.343
126500 0.054 0.603 0.000 0.343
127000 0.054 0.603 0.000 0.343
127500 0.054 0.603 0.000 0.343
128000 0.054 0.603 0.000 0.343
128500 0.054 0.603 0.000 0.343
129000 0.054 0.603 0.000 0.343
129500 0.054 0.603 0.000 0.343
130000 0.054 0.603 0.000 0.343
130500 0.054 0.603 0.000 0.343
131000 0.054 0.603 0.000 0.343
131500 0.054 0.603 0.000 0.343
132000 0.054 0.603 0.000 0.343
132500 0.054 0.603 0.000 0.343
133000 0.054 0.603 0.000 0.343
133500 0.054 0.603 0.000 0.343
134000 0.054 0.603 0.000 0.343
134500 0.054 0.603 0.000 0.343
135000 0.054 0.603 0.000 0.343
135500 0.054 0.603 0.000 0.343
136000 0.054 0.603 0.000 0.343
136500 0.054 0.603 0.000 0.343
137000 0.054 0.603 0.000 0.343
137500 0.054 0.603 0.000 0.343
138000 0.054 0.603 0.000 0.343
138500 0.054 0.603 0.000 0.343
139000 0.054 0.603 0.000 0.343
139500 0.054 0.603 0.000 0.343
140000 0.054 0.603 0.000 0.343
140500 0.054 0.603 0.000 0.343
141000 0.054 0.603 0.000 0.343
141500 0.054 0.603 0.000 0.343
142000 0.054 0.603 0.000 0.343
142500 0.054 0.603 0.000 0.343
143000 0.054 0.603 0.000 0.343
143500 0.054 0.603 0.000 0.343
144000 0.054 0.603 0.000 0.343
144500 0.054 0.603 0.000 0.343
145000 0.054 0.603 0.000 0.343
145500 0.054 0.603 0.000 0.343
146000 0.054 0.603 0.000 0.343
146500 0.054 0.603 0.000 0.343
147000 0.054 0.603 0.000 0.343
147500 0.054 0.603 0.000 0.343
148000 0.054 0.603 0.000 0.343
148500 0.054 0.603 0.000 0.343
149000 0.054 0.603 0.000 0.343
149500 0.054 0.603 0.000 0.343
150000 0.054 0.603 0.000 0.343
150500 0.054 0.603 0.000 0.343
151000 0.054 0.603 0.000 0.343
151500 0.054 0.603 0.000 0.343
152000 0.054 0.603 0.000 0.343
152500 0.054 0.603 0.000 0.343
153000 0.054 0.603 0.000 0.343
153500 0.054 0.603 0.000 0.343
154000 0.054 0.603 0.000 0.343
154500 0.054 0.603 0.000 0.343
155000 0.054 0.603 0.000 0.343
155500 0.054 0.603 0.000 0.343
156000 0.054 0.603 0.000 0.343
156500 0.054 0.603 0.000 0.343
157000 0.054 0.603 0.000 0.343
157500 0.054 0.603 0.000 0.343
158000 0.054 0.603 0.000 0.343
158500 0.054 0.603 0.000 0.343
159000 0.054 0.603 0.000 0.343
159500 0.054 0.603 0.000 0.343
160000 0.054 0.603 0.000 0.343
160500 0.054 0.603 0.000 0.343
161000 0.054 0.603 0.000 0.343
161500 0.054 0.603 0.000 0.343
162000 0.054 0.603 0.000 0.343
162500 0.054 0.603 0.000 0.343
163000 0.054 0.603 0.000 0.343
163500 0.054 0.603 0.000 0.343
164000 0.054 0.603 0.000 0.343
164500 0.054 0.603 0.000 0.343
165000 0.054 0.603 0.000 0.343
165500 0.054 0.603 0.000 0.343
166000 0.054 0.603 0.000 0.343
166500 0.054 0.603 0.000 0.343
167000 0.054 0.603 0.000 0.343
167500 0.054 0.603 0.000 0.343
168000 0.054 0.603 0.000 0.343
168500 0.054 0.603 0.000 0.343
169000 0.054 0.603 0.000 0.343
169500 0.054 0.603 0.000 0.343
170000 0.054 0.603 0.000 0.343
170500 0.054 0.603 0.000 0.343
171000 0.054 0.603 0.000 0.343
171500 0.054 0.603 0.000 0.343
172000 0.054 0.603 0.000 0.343
172500 0.054 0.603 0.000 0.343
173000 0.054 0.603 0.000 0.343
173500 0.054 0.603 0.000 0.343
174000 0.054 0.603 0.000 0.343
174500 0.054 0.603 0.000 0.343
175000 0.054 0.603 0.000 0.343
175500 0.054 0.603 0.000 0.343
176000 0.054 0.603 0.000 0.343
176500 0.054 0.603 0.000 0.343
177000 0.054 0.603 0.000 0.343
177500 0.054 0.603 0.000 0.343
178000 0.054 0.603 0.000 0.343
178500 0.054 0.603 0.000 0.343
179000 0.054 0.603 0.000 0.343
179500 0.054 0.603 0.000 0.343
180000 0.054 0.603 0.000 0.343
180500 0.054 0.603 0.000 0.343
181000 0.054 0.603 0.000 0.343
181500 0.054 0.603 0.000 0.343
182000 0.054 0.603 0.000 0.343
182500 0.054 0.603 0.000 0.343
183000 0.054 0.603 0.000 0.343
183500 0.054 0.603 0.000 0.343
184000 0.054 0.603 0.000 0.343
184500 0.054 0.603 0.000 0.343
185000 0.054 0.603 0.000 0.343
185500 0.054 0.603 0.000 0.343
186000 0.054 0.603 0.000 0.343
186500 0.054 0.603 0.000 0.343
187000 0.054 0.603 0.000 0.343
187500 0.054 0.603 0.000 0.343
188000 0.054 0.603 0.000 0.343
188500 0.054 0.603 0.000 0.343
189000 0.054 0.603 0.000 0.343
189500 0.054 0.603 0.000 0.343
190000 0.054 0.603 0.000 0.343
190500 0.054 0.603 0.000 0.343
191000 0.054 0.603 0.000 0.343
191500 0.054 0.603 0.000 0.343
192000 0.054 0.603 0.000 0.343
192500 0.054 0.603 0.000 0.343
193000 0.054 0.603 0.000 0.343
193500 0.054 0.603 0.000 0.343
194000 0.054 0.603 0.000 0.343
194500 0.054 0.603 0.000 0.343
195000 0.054 0.603 0.000 0.343
195500 0.054 0.603 0.000 0.343
196000 0.054 0.603 0.000 0.343
196500 0.054 0.603 0.000 0.343
197000 0.054 0.603 0.000 0.343
197500 0.054 0.603 0.000 0.343
198000 0.054 0.603 0.000 0.343
198500 0.054 0.603 0.000 0.343
199000 0.054 0.603 0.000 0.343
199500 0.054 0.603 0.000 0.343
200000 0.054 0.603 0.000 0.343
200500 0.054 0.603 0.000 0.343
201000 0.054 0.603 0.000 0.343
201500 0.054 0.603 0.000 0.343
202000 0.054 0.603 0.000 0.343
202500 0.054 0.603 0.000 0.343
203000 0.054 0.603 0.000 0.343
203500 0.054 0.603 0.000 0.343
204000 0.054 0.603 0.000 0.343
204500 0.054 0.603 0.000 0.343
205000 0.054 0.603 0.000 0.343
205500 0.054 0.603 0.000 0.343
206000 0.054 0.603 0.000 0.343
206500 0.054 0.603 0.000 0.343
207000 0.054 0.603 0.000 0.343
207500 0.054 0.603 0.000 0.343
208000 0.054 0.603 0.000 0.343
208500 0.054 0.603 0.000 0.343
209000 0.054 0.603 0.000 0.343
209500 0.054 0.603 0.000 0.343
210000 0.054 0.603 0.000 0.343
210500 0.054 0.603 0.000 0.343
211000 0.054 0.603 0.000 0.343
211500 0.054 0.603 0.000 0.343
212000 0.054 0.603 0.000 0.343
212500 0.054 0.603 0.000 0.343
213000 0.054 0.603 0.000 0.343
213500 0.054 0.603 0.000 0.343
214000 0.054 0.603 0.000 0.343
214500 0.054 0.603 0.000 0.343
215000 0.054 0.603 0.000 0.343
215500 0.054 0.603 0.000 0.343
216000 0.054 0.603 0.000 0.343
216500 0.054 0.603 0.000 0.343
217000 0.054 0.603 0.000 0.343
217500 0.054 0.603 0.000 0.343
218000 0.054 0.603 0.000 0.343
218500 0.054 0.603 0.000 0.343
219000 0.054 0.603 0.000 0.343
219500 0.054 0.603 0.000 0.343
220000 0.054 0.603 0.000 0.343
220500 0.054 0.603 0.000 0.343
221000 0.054 0.603 0.000 0.343
221500 0.054 0.603 0.000 0.343
222000 0.054 0.603 0.000 0.343
222500 0.054 0.603 0.000 0.343
223000 0.054 0.603 0.000 0.343
223500 0.054 0.603 0.000 0.343
224000 0.054 0.603 0.000 0.343
224500 0.054 0.603 0.000 0.343
225000 0.054 0.603 0.000 0.343
225500 0.054 0.603 0.000 0.343
226000 0.054 0.603 0.000 0.343
226500 0.054 0.603 0.000 0.343
227000 0.054 0.603 0.000 0.343
227500 0.054 0.603 0.000 0.343
228000 0.054 0.603 0.000 0.343
228500 0.054 0.603 0.000 0.343
229000 0.054 0.603 0.000 0.343
229500 0.054 0.603 0.000 0.343
230000 0.054 0.603 0.000 0.343
230500 0.054 0.603 0.000 0.343
231000 0.054 0.603 0.000 0.343
231500 0.054 0.603 0.000 0.343
232000 0.054 0.603 0.000 0.343
232500 0.054 0.603 0.000 0.343
233000 0.054 0.603 0.000 0.343
233500 0.054 0.603 0.000 0.343
234000 0.054 0.603 0.000 0.343
234500 0.054 0.603 0.000 0.343
235000 0.054 0.603 0.000 0.343
235500 0.054 0.603 0.000 0.343
236000 0.054 0.603 0.000 0.343
236500 0.054 0.603 0.000 0.343
237000 0.054 0.603 0.000 0.343
237500 0.054 0.603 0.000 0.343
238000 0.054 0.603 0.000 0.343
238500 0.054 0.603 0.000 0.343
239000 0.054 0.603 0.000 0.343
239500 0.054 0.603 0.000 0.343
240000 0.054 0.603 0.000 0.343
240500 0.054 0.603 0.000 0.343
241000 0.054 0.603 0.000 0.343
241500 0.054 0.603 0.000 0.343
242000 0.054 0.603 0.000 0.343
242500 0.054 0.603 0.000 0.343
243000 0.054 0.603 0.000 0.343
243500 0.054 0.603 0.000 0.343
244000 0.054 0.603 0.000 0.343
244500 0.054 0.603 0.000 0.343
245000 0.054 0.603 0.000 0.343
245500 0.054 0.603 0.000 0.343
246000 0.054 0.603 0.000 0.343
246500 0.054 0.603 0.000 0.343
247000 0.054 0.603 0.000 0.343
247500 0.054 0.603 0.000 0.343
248000 0.054 0.603 0.000 0.343
248500 0.054 0.603 0.000 0.343
249000 0.054 0.603 0.000 0.343
249500 0.054 0.603 0.000 0.343
250000 0.054 0.603 0.000 0.343
250500 0.054 0.603 0.000 0.343
251000 0.054 0.603 0.000 0.343
251500 0.054 0.603 0.000 0.343
252000 0.054 0.603 0.000 0.343
252500 0.054 0.603 0.000 0.343
253000 0.054 0.603 0.000 0.343
253500 0.054 0.603 0.000 0.343
254000 0.054 0.603 0.000 0.343
254500 0.054 0.603 0.000 0.343
255000 0.054 0.603 0.000 0.343
255500 0.054 0.603 0.000 0.343
256000 0.054 0.603 0.000 0.343
256500 0.054 0.603 0.000 0.343
257000 0.054 0.603 0.000 0.343
257500 0.054 0.603 0.000 0.343
258000 0.054 0.603 0.000 0.343
258500 0.054 0.603 0.000 0.343
259000 0.054 0.603 0.000 0.343
259500 0.054 0.603 0.000 0.343
260000 0.054 0.603 0.000 0.343
260500 0.054 0.603 0.000 0.343
261000 0.054 0.603 0.000 0.343
261500 0.054 0.603 0.000 0.343
262000 0.054 0.603 0.000 0.343
262500 0.054 0.603 0.000 0.343
263000 0.054 0.603 0.000 0.343
263500 0.054 0.603 0.000 0.343
264000 0.054 0.603 0.000 0.343
264500 0.054 0.603 0.000 0.343
265000 0.054 0.603 0.000 0.343
265500 0.054 0.603 0.000 0.343
266000 0.054 0.603 0.000 0.343
266500 0.054 0.603 0.000 0.343
267000 0.054 0.603 0.000 0.343
267500 0.054 0.603 0.000 0.343
268000 0.054 0.603 0.000 0.343
268500 0.054 0.603 0.000 0.343
269000 0.054 0.603 0.000 0.343
269500 0.054 0.603 0.000 0.343
270000 0.054 0.603 0.000 0.343
270500 0.054 0.603 0.000 0.343
271000 0.054 0.603 0.000 0.343
271500 0.054 0.603 0.000 0.343
272000 0.054 0.603 0.000 0.343
272500 0.054 0.603 0.000 0.343
273000 0.054 0.603 0.000 0.343
273500 0.054 0.603 0.000 0.343
274000 0.054 0.603 0.000 0.343
274500 0.054 0.603 0.000 0.343
275000 0.054 0.603 0.000 0.343
275500 0.054 0.603 0.000 0.343
276000 0.054 0.603 0.000 0.343
276500 0.054 0.603 0.000 0.343
277000 0.054 0.603 0.000 0.343
277500 0.054 0.603 0.000 0.343
278000 0.054 0.603 0.000 0.343
278500 0.054 0.603 0.000 0.343
279000 0.054 0.603 0.000 0.343
279500 0.054 0.603 0.000 0.343
280000 0.054 0.603 0.000 0.343
280500 0.054 0.603 0.000 0.343
281000 0.054 0.603 0.000 0.343
281500 0.054 0.603 0.000 0.343
282000 0.054 0.603 0.000 0.343
282500 0.054 0.603 0.000 0.343
283000 0.054 0.603 0.000 0.343
283500 0.054 0.603 0.000 0.343
284000 0.054 0.603 0.000 0.343
284500 0.054 0.603 0.000 0.343
285000 0.054 0.603 0.000 0.343
285500 0.054 0.603 0.000 0.343
286000 0.054 0.603 0.000 0.343
286500 0.054 0.603 0.000 0.343
287000 0.054 0.603 0.000 0.343
287500 0.054 0.603 0.000 0.343
288000 0.054 0.603 0.000 0.343
288500 0.054 0.603 0.000 0.343
289000 0.054 0.603 0.000 0.343
289500 0.054 0.603 0.000 0.343
290000 0.054 0.603 0.000 0.343
290500 0.054 0.603 0.000 0.343
291000 0.054 0.603 0.000 0.343
291500 0.054 0.603 0.000 0.343
292000 0.054 0.603 0.000 0.343
292500 0.054 0.603 0.000 0.343
293000 0.054 0.603 0.000 0.343
293500 0.054 0.603 0.000 0.343
294000 0.054 0.603 0.000 0.343
294500 0.054 0.603 0.000 0.343
295000 0.054 0.603 0.000 0.343
295500 0.054 0.603 0.000 0.343
296000 0.054 0.603 0.000 0.343
296500 0.054 0.603 0.000 0.343
297000 0.054 0.603 0.000 0.343
297500 0.054 0.603 0.000 0.343
298000 0.054 0.603 0.000 0.343
298500 0.054 0.603 0.000 0.343
299000 0.054 0.603 0.000 0.343
299500 0.054 0.603 0.000 0.343
300000 0.054 0.603 0.000 0.343
300500 0.054 0.603 0.000 0.343
301000 0.054 0.603 0.000 0.343
301500 0.054 0.603 0.000 0.343
302000 0.054 0.603 0.000 0.343
302500 0.054 0.603 0.000 0.343
303000 0.054 0.603 0.000 0.343
303500 0.054 0.603 0.000 0.343
304000 0.054 0.603 0.000 0.343
304500 0.054 0.603 0.000 0.343
305000 0.054 0.603 0.000 0.343
305500 0.054 0.603 0.000 0.343
306000 0.054 0.603 0.000 0.343
306500 0.054 0.603 0.000 0.343
307000 0.054 0.603 0.000 0.343
307500 0.054 0.603 0.000 0.343
308000 0.054 0.603 0.000 0.343
308500 0.054 0.603 0.000 0.343
309000 0.054 0.603 0.000 0.343
309500 0.054 0.603 0.000 0.343
310000 0.054 0.603 0.000 0.343
310500 0.054 0.603 0.000 0.343
311000 0.054 0.603 0.000 0.343
311500 0.054 0.603 0.000 0.343
312000 0.054 0.603 0.000 0.343
312500 0.054 0.603 0.000 0.343
313000 0.054 0.603 0.000 0.343
313500 0.054 0.603 0.000 0.343
314000 0.054 0.603 0.000 0.343
314500 0.054 0.603 0.000 0.343
315000 0.054 0.603 0.000 0.343
315500 0.054 0.603 0.000 0.343
316000 0.054 0.603 0.000 0.343
316500 0.054 0.603 0.000 0.343
317000 0.054 0.603 0.000 0.343
317500 0.054 0.603 0.000 0.343
318000 0.054 0.603 0.000 0.343
318500 0.054 0.603 0.000 0.343
319000 0.054 0.603 0.000 0.343
319500 0.054 0.603 0.000 0.343
320000 0.054 0.603 0.000 0.343
320500 0.054 0.603 0.000 0.343
321000 0.054 0.603 0.000 0.343
321500 0.054 0.603 0.000 0.343
322000 0.054 0.603 0.000 0.343
322500 0.054 0.603 0.000 0.343
323000 0.054 0.603 0.000 0.343
323500 0.054 0.603 0.000 0.343
324000 0.054 0.603 0.000 0.343
324500 0.054 0.603 0.000 0.343
325000 0.054 0.603 0.000 0.343
325500 0.054 0.603 0.000 0.343
326000 0.054 0.603 0.000 0.343
326500 0.054 0.603 0.000 0.343
327000 0.054 0.603 0.000 0.343
327500 0.054 0.603 0.000 0.343
328000 0.054 0.603 0.000 0.343
328500 0.054 0.603 0.000 0.343
329000 0.054 0.603 0.000 0.343
329500 0.054 0.603 0.000 0.343
330000 0.054 0.603 0.000 0.343
330500 0.054 0.603 0.000 0.343
331000 0.054 0.603 0.000 0.343
331500 0.054 0.603 0.000 0.343
332000 0.054 0.603 0.000 0.343
332500 0.054 0.603 0.000 0.343
333000 0.054 0.603 0.000 0.343
333500 0.054 0.603 0.000 0.343
334000 0.054 0.603 0.000 0.343
334500 0.054 0.603 0.000 0.343
335000 0.054 0.603 0.000 0.343
335500 0.054 0.603 0.000 0.343
336000 0.054 0.603 0.000 0.343
336500 0.054 0.603 0.000 0.343
337000 0.054 0.603 0.000 0.343
337500 0.054 0.603 0.000 0.343
338000 0.054 0.603 0.000 0.343
338500 0.054 0.603 0.000 0.343
339000 0.054 0.603 0.000 0.343
339500 0.054 0.603 0.000 0.343
340000 0.054 0.603 0.000 0.343
340500 0.054 0.603 0.000 0.343
341000 0.054 0.603 0.000 0.343
341500 0.054 0.603 0.000 0.343
342000 0.054 0.603 0.000 0.343
342500 0.054 0.603 0.000 0.343
343000 0.054 0.603 0.000 0.343
343500 0.054 0.603 0.000 0.343
344000 0.054 0.603 0.000 0.343
344500 0.054 0.603 0.000 0.343
345000 0.054 0.603 0.000 0.343
345500 0.054 0.603 0.000 0.343
346000 0.054 0.603 0.000 0.343
346500 0.054 0.603 0.000 0.343
347000 0.054 0.603 0.000 0.343
347500 0.054 0.603 0.000 0.343
348000 0.054 0.603 0.000 0.343
348500 0.054 0.603 0.000 0.343
349000 0.054 0.603 0.000 0.343
349500 0.054 0.603 0.000 0.343
350000 0.054 0.603 0.000 0.343
350500 0.054 0.603 0.000 0.343
351000 0.054 0.603 0.000 0.343
351500 0.054 0.603 0.000 0.343
352000 0.054 0.603 0.000 0.343
352500 0.054 0.603 0.000 0.343
353000 0.054 0.603 0.000 0.343
353500 0.054 0.603 0.000 0.343
354000 0.054 0.603 0.000 0.343
354500 0.054 0.603 0.000 0.343
355000 0.054 0.603 0.000 0.343
355500 0.054 0.603 0.000 0.343
356000 0.054 0.603 0.000 0.343
356500 0.054 0.603 0.000 0.343
357000 0.054 0.603 0.000 0.343
357500 0.054 0.603 0.000 0.343
358000 0.054 0.603 0.000 0.343
358500 0.054 0.603 0.000 0.343
359000 0.054 0.603 0.000 0.343
359500 0.054 0.603 0.000 0.343
360000 0.054 0.603 0.000 0.343
360500 0.054 0.603 0.000 0.343
361000 0.054 0.603 0.000 0.343
361500 0.054 0.603 0.000 0.343
362000 0.054 0.603 0.000 0.343
362500 0.054 0.603 0.000 0.343
363000 0.054 0.603 0.000 0.343
363500 0.054 0.603 0.000 0.343
364000 0.054 0.603 0.000 0.343
364500 0.054 0.603 0.000 0.343
365000 0.054 0.603 0.000 0.343
365500 0.054 0.603 0.000 0.343
366000 0.054 0.603 0.000 0.343
366500 0.054 0.603 0.000 0.343
367000 0.054 0.603 0.000 0.343
367500 0.054 0.603 0.000 0.343
368000 0.054 0.603 0.000 0.343
368500 0.054 0.603 0.000 0.343
369000 0.054 0.603 0.000 0.343
369500 0.054 0.603 0.000 0.343
370000 0.054 0.603 0.000 0.343
370500 0.054 0.603 0.000 0.343
371000 0.054 0.603 0.000 0.343
371500 0.054 0.603 0.000 0.343
372000 0.054 0.603 0.000 0.343
372500 0.054 0.603 0.000 0.343
373000 0.054 0.603 0.000 0.343
373500 0.054 0.603 0.000 0.343
374000 0.054 0.603 0.000 0.343
374500 0.054 0.603 0.000 0.343
375000 0.054 0.603 0.000 0.343
375500 0.054 0.603 0.000 0.343
376000 0.054 0.603 0.000 0.343
376500 0.054 0.603 0.000 0.343
377000 0.054 0.603 0.000 0.343
377500 0.054 0.603 0.000 0.343
378000 0.054 0.603 0.000 0.343
378500 0.054 0.603 0.000 0.343
379000 0.054 0.603 0.000 0.343
379500 0.054 0.603 0.000 0.343
380000 0.054 0.603 0.000 0.343
380500 0.054 0.603 0.000 0.343
381000 0.054 0.603 0.000 0.343
381500 0.054 0.603 0.000 0.343
382000 0.054 0.603 0.000 0.343
382500 0.054 0.603 0.000 0.343
383000 0.054 0.603 0.000 0.343
383500 0.054 0.603 0.000 0.343
384000 0.054 0.603 0.000 0.343
384500 0.054 0.603 0.000 0.343
385000 0.054 0.603 0.000 0.343
385500 0.054 0.603 0.000 0.343
386000 0.054 0.603 0.000 0.343
386500 0.054 0.603 0.000 0.343
387000 0.054 0.603 0.000 0.343
387500 0.054 0.603 0.000 0.343
388000 0.054 0.603 0.000 0.343
388500 0.054 0.603 0.000 0.343
389000 0.054 0.603 0.000 0.343
389500 0.054 0.603 0.000 0.343
390000 0.054 0.603 0.000 0.343
390500 0.054 0.603 0.000 0.343
391000 0.054 0.603 0.000 0.343
391500 0.054 0.603 0.000 0.343
392000 0.054 0.603 0.000 0.343
392500 0.054 0.603 0.000 0.343
393000 0.054 0.603 0.000 0.343
393500 0.054 0.603 0.000 0.343
394000 0.054 0.603 0.000 0.343
394500 0.054 0.603 0.000 0.343
395000 0.054 0.603 0.000 0.343
395500 0.054 0.603 0.000 0.343
396000 0.054 0.603 0.000 0.343
396500 0.054 0.603 0.000 0.343
397000 0.054 0.603 0.000 0.343
397500 0.054 0.603 0.000 0.343
398000 0.054 0.603 0.000 0.343
398500 0.054 0.603 0.000 0.343
399000 0.054 0.603 0.000 0.343
399500 0.054 0.603 0.000 0.343
400000 0.054 0.603 0.000 0.343
400500 0.054 0.603 0.000 0.343
401000 0.054 0.603 0.000 0.343
401500 0.054 0.603 0.000 0.343
402000 0.054 0.603 0.000 0.343
402500 0.054 0.603 0.000 0.343
403000 0.054 0.603 0.000 0.343
403500 0.054 0.603 0.000 0.343
404000 0.054 0.603 0.000 0.343
404500 0.054 0.603 0.000 0.343
405000 0.054 0.603 0.000 0.343
405500 0.054 0.603 0.000 0.343
406000 0.054 0.603 0.000 0.343
406500 0.054 0.603 0.000 0.343
407000 0.054 0.603 0.000 0.343
407500 0.054 0.603 0.000 0.343
408000 0.054 0.603 0.000 0.343
408500 0.054 0.603 0.000 0.343
409000 0.054 0.603 0.000 0.343
409500 0.054 0.603 0.000 0.343
410000 0.054 0.603 0.000 0.343
410500 0.054 0.603 0.000 0.343
411000 0.054 0.603 0.000 0.343
411500 0.054 0.603 0.000 0.343
412000 0.054 0.603 0.000 0.343
412500 0.054 0.603 0.000 0.343
413000 0.054 0.603 0.000 0.343
413500 0.054 0.603 0.000 0.343
414000 0.054 0.603 0.000 0.343
414500 0.054 0.603 0.000 0.343
415000 0.054 0.603 0.000 0.343
415500 0.054 0.603 0.000 0.343
416000 0.054 0.603 0.000 0.343
416500 0.054 0.603 0.000 0.343
417000 0.054 0.603 0.000 0.343
417500 0.054 0.603 0.000 0.343
418000 0.054 0.603 0.000 0.343
418500 0.054 0.603 0.000 0.343
419000 0.054 0.603 0.000 0.343
419500 0.054 0.603 0.000 0.343
420000 0.054 0.603 0.000 0.343
420500 0.054 0.603 0.000 0.343
421000 0.054 0.603 0.000 0.343
421500 0.054 0.603 0.000 0.343
422000 0.054 0.603 0.000 0.343
422500 0.054 0.603 0.000 0.343
423000 0.054 0.603 0.000 0.343
423500 0.054 0.603 0.000 0.343
424000 0.054 0.603 0.000 0.343
424500 0.054 0.603 0.000 0.343
425000 0.054 0.603 0.000 0.343
425500 0.054 0.603 0.000 0.343
426000 0.054 0.603 0.000 0.343
426500 0.054 0.603 0.000 0.343
427000 0.054 0.603 0.000 0.343
427500 0.054 0.603 0.000 0.343
428000 0.054 0.603 0.000 0.343
428500 0.054 0.603 0.000 0.343
429000 0.054 0.603 0.000 0.343
429500 0.054 0.603 0.000 0.343
430000 0.054 0.603 0.000 0.343
430500 0.054 0.603 0.000 0.343
431000 0.054 0.603 0.000 0.343
431500 0.054 0.603 0.000 0.343
432000 0.054 0.603 0.000 0.343
432500 0.054 0.603 0.000 0.343
433000 0.054 0.603 0.000 0.343
433500 0.054 0.603 0.000 0.343
434000 0.054 0.603 0.000 0.343
434500 0.054 0.603 0.000 0.343
435000 0.054 0.603 0.000 0.343
435500 0.054 0.603 0.000 0.343
436000 0.054 0.603 0.000 0.343
436500 0.054 0.603 0.000 0.343
437000 0.054 0.603 0.000 0.343
437500 0.054 0.603 0.000 0.343
438000 0.054 0.603 0.000 0.343
438500 0.054 0.603 0.000 0.343
439000 0.054 0.603 0.000 0.343
439500 0.054 0.603 0.000 0.343
440000 0.054 0.603 0.000 0.343
440500 0.054 0.603 0.000 0.343
441000 0.054 0.603 0.000 0.343
441500 0.054 0.603 0.000 0.343
442000 0.054 0.603 0.000 0.343
442500 0.054 0.603 0.000 0.343
443000 0.054 0.603 0.000 0.343
443500 0.054 0.603 0.000 0.343
444000 0.054 0.603 0.000 0.343
444500 0.054 0.603 0.000 0.343
445000 0.054 0.603 0.000 0.343
445500 0.054 0.603 0.000 0.343
446000 0.054 0.603 0.000 0.343
446500 0.054 0.603 0.000 0.343
447000 0.054 0.603 0.000 0.343
447500 0.054 0.603 0.000 0.343
448000 0.054 0.603 0.000 0.343
448500 0.054 0.603 0.000 0.343
449000 0.054 0.603 0.000 0.343
449500 0.054 0.603 0.000 0.343
450000 0.054 0.603 0.000 0.343
450500 0.054 0.603 0.000 0.343
451000 0.054 0.603 0.000 0.343
451500 0.054 0.603 0.000 0.343
452000 0.054 0.603 0.000 0.343
452500 0.054 0.603 0.000 0.343
453000 0.054 0.603 0.000 0.343
453500 0.054 0.603 0.000 0.343
454000 0.054 0.603 0.000 0.343
454500 0.054 0.603 0.000 0.343
455000 0.054 0.603 0.000 0.343
455500 0.054 0.603 0.000 0.343
456000 0.054 0.603 0.000 0.343
456500 0.054 0.603 0.000 0.343
457000 0.054 0.603 0.000 0.343
457500 0.054 0.603 0.000 0.343
458000 0.054 0.603 0.000 0.343
458500 0.054 0.603 0.000 0.343
459000 0.054 0.603 0.000 0.343
459500 0.054 0.603 0.000 0.343
460000 0.054 0.603 0.000 0.343
460500 0.054 0.603 0.000 0.343
461000 0.054 0.603 0.000 0.343
461500 0.054 0.603 0.000 0.343
462000 0.054 0.603 0.000 0.343
462500 0.054 0.603 0.000 0.343
463000 0.054 0.603 0.000 0.343
463500 0.054 0.603 0.000 0.343
464000 0.054 0.603 0.000 0.343
464500 0.054 0.603 0.000 0.343
465000 0.054 0.603 0.000 0.343
465500 0.054 0.603 0.000 0.343
466000 0.054 0.603 0.000 0.343
466500 0.054 0.603 0.000 0.343
467000 0.054 0.603 0.000 0.343
467500 0.054 0.603 0.000 0.343
468000 0.054 0.603 0.000 0.343
468500 0.054 0.603 0.000 0.343
469000 0.054 0.603 0.000 0.343
469500 0.054 0.603 0.000 0.343
470000 0.054 0.603 0.000 0.343
470500 0.054 0.603 0.000 0.343
471000 0.054 0.603 0.000 0.343
471500 0.054 0.603 0.000 0.343
472000 0.054 0.603 0.000 0.343
472500 0.054 0.603 0.000 0.343
473000 0.054 0.603 0.000 0.343
473500 0.054 0.603 0.000 0.343
474000 0.054 0.603 0.000 0.343
474500 0.054 0.603 0.000 0.343
475000 0.054 0.603 0.000 0.343
475500 0.054 0.603 0.000 0.343
476000 0.054 0.603 0.000 0.343
476500 0.054 0.603 0.000 0.343
477000 0.054 0.603 0.000 0.343
477500 0.054 0.603 0.000 0.343
478000 0.054 0.603 0.000 0.343
478500 0.054 0.603 0.000 0.343
479000 0.054 0.603 0.000 0.343
479500 0.054 0.603 0.000 0.343
480000 0.054 0.603 0.000 0.343
480500 0.054 0.603 0.000 0.343
481000 0.054 0.603 0.000 0.343
481500 0.054 0.603 0.000 0.343
482000 0.054 0.603 0.000 0.343
482500 0.054 0.603 0.000 0.343
483000 0.054 0.603 0.000 0.343
483500 0.054 0.603 0.000 0.343
484000 0.054 0.603 0.000 0.343
484500 0.054 0.603 0.000 0.343
485000 0.054 0.603 0.000 0.343
485500 0.054 0.603 0.000 0.343
486000 0.054 0.603 0.000 0.343
486500 0.054 0.603 0.000 0.343
487000 0.054 0.603 0.000 0.343
487500 0.054 0.603 0.000 0.343
488000 0.054 0.603 0.000 0.343
488500 0.054 0.603 0.000 0.343
489000 0.054 0.603 0.000 0.343
489500 0.054 0.603 0.000 0.343
490000 0.054 0.603 0.000 0.343
490500 0.054 0.603 0.000 0.343
491000 0.054 0.603 0.000 0.343
491500 0.054 0.603 0.000 0.343
492000 0.054 0.603 0.000 0.343
492500 0.054 0.603 0.000 0.343
493000 0.054 0.603 0.000 0.343
493500 0.054 0.603 0.000 0.343
494000 0.054 0.603 0.000 0.343
494500 0.054 0.603 0.000 0.343
495000 0.054 0.603 0.000 0.343
495500 0.054 0.603 0.000 0.343
496000 0.054 0.603 0.000 0.343
496500 0.054 0.603 0.000 0.343
497000 0.054 0.603 0.000 0.343
497500 0.054 0.603 0.000 0.343
498000 0.054 0.603 0.000 0.343
498500 0.054 0.603 0.000 0.343
499000 0.054 0.603 0.000 0.343
499500 0.054 0.603 0.000 0.343
500000 0.054 0.603 0.000 0.343
