000000 0.250 0.250 0.250 0.250
000500 0.988 0.002 0.000 0.010
001000 0.988 0.002 0.000 0.010
001500 0.988 0.002 0.000 0.010
002000 0.989 0.001 0.000 0.010
002500 0.989 0.001 0.000 0.010
003000 0.989 0.001 0.000 0.010
003500 0.989 0.001 0.000 0.010
004000 0.989 0.001 0.000 0.010
004500 0.989 0.001 0.000 0.010
005000 0.989 0.001 0.000 0.010
005500 0.989 0.001 0.000 0.010
006000 0.989 0.001 0.000 0.010
006500 0.989 0.001 0.000 0.010
007000 0.989 0.001 0.000 0.010
007500 0.989 0.001 0.000 0.010
008000 0.989 0.001 0.000 0.010
008500 0.989 0.001 0.000 0.010
009000 0.989 0.001 0.000 0.010
009500 0.989 0.001 0.000 0.010
010000 0.989 0.001 0.000 0.010
010500 0.989 0.001 0.000 0.010
011000 0.989 0.001 0.000 0.010
011500 0.989 0.001 0.000 0.010
012000 0.989 0.001 0.000 0.010
012500 0.989 0.001 0.000 0.010
013000 0.989 0.001 0.000 0.010
013500 0.989 0.001 0.000 0.010
014000 0.989 0.001 0.000 0.010
014500 0.989 0.001 0.000 0.010
015000 0.989 0.001 0.000 0.010
015500 0.989 0.001 0.000 0.010
016000 0.989 0.001 0.000 0.010
016500 0.989 0.001 0.000 0.010
017000 0.989 0.001 0.000 0.010
017500 0.989 0.001 0.000 0.010
018000 0.989 0.001 0.000 0.010
018500 0.989 0.001 0.000 0.010
019000 0.989 0.001 0.000 0.010
019500 0.989 0.001 0.000 0.010
020000 0.989 0.001 0.000 0.010
020500 0.989 0.001 0.000 0.010
021000 0.989 0.001 0.000 0.010
021500 0.989 0.001 0.000 0.010
022000 0.989 0.001 0.000 0.010
022500 0.989 0.001 0.000 0.010
023000 0.989 0.001 0.000 0.010
023500 0.989 0.001 0.000 0.010
024000 0.989 0.001 0.000 0.010
024500 0.989 0.001 0.000 0.010
025000 0.989 0.001 0.000 0.010
025500 0.989 0.001 0.000 0.010
026000 0.989 0.001 0.000 0.010
026500 0.989 0.001 0.000 0.010
027000 0.989 0.001 0.000 0.010
027500 0.989 0.001 0.000 0.010
028000 0.989 0.001 0.000 0.010
028500 0.989 0.001 0.000 0.010
029000 0.989 0.001 0.000 0.010
029500 0.989 0.001 0.000 0.010
030000 0.989 0.001 0.000 0.010
030500 0.989 0.001 0.000 0.010
031000 0.989 0.001 0.000 0.010
031500 0.989 0.001 0.000 0.010
032000 0.989 0.001 0.000 0.010
032500 0.989 0.001 0.000 0.010
033000 0.989 0.001 0.000 0.010
033500 0.989 0.001 0.000 0.010
034000 0.989 0.001 0.000 0.010
034500 0.989 0.001 0.000 0.010
035000 0.989 0.001 0.000 0.010
035500 0.989 0.001 0.000 0.010
036000 0.989 0.001 0.000 0.010
036500 0.989 0.001 0.000 0.010
037000 0.989 0.001 0.000 0.010
037500 0.989 0.001 0.000 0.010
038000 0.989 0.001 0.000 0.010
038500 0.989 0.001 0.000 0.010
039000 0.989 0.001 0.000 0.010
039500 0.989 0.001 0.000 0.010
040000 0.989 0.001 0.000 0.010
040500 0.989 0.001 0.000 0.010
041000 0.989 0.001 0.000 0.010
041500 0.989 0.001 0.000 0.010
042000 0.989 0.001 0.000 0.010
042500 0.989 0.001 0.000 0.010
043000 0.989 0.001 0.000 0.010
043500 0.989 0.001 0.000 0.010
044000 0.989 0.001 0.000 0.010
044500 0.989 0.001 0.000 0.010
045000 0.989 0.001 0.000 0.010
045500 0.989 0.001 0.000 0.010
046000 0.989 0.001 0.000 0.010
046500 0.989 0.001 0.000 0.010
047000 0.989 0.001 0.000 0.010
047500 0.989 0.001 0.000 0.010
048000 0.989 0.001 0.000 0.010
048500 0.989 0.001 0.000 0.010
049000 0.989 0.001 0.000 0.010
049500 0.989 0.001 0.000 0.010
050000 0.989 0.001 0.000 0.010
050500 0.989 0.001 0.000 0.010
051000 0.989 0.001 0.000 0.010
051500 0.989 0.001 0.000 0.010
052000 0.989 0.001 0.000 0.010
052500 0.989 0.001 0.000 0.010
053000 0.989 0.001 0.000 0.010
053500 0.989 0.001 0.000 0.010
054000 0.989 0.001 0.000 0.010
054500 0.989 0.001 0.000 0.010
055000 0.989 0.001 0.000 0.010
055500 0.989 0.001 0.000 0.010
056000 0.989 0.001 0.000 0.010
056500 0.989 0.001 0.000 0.010
057000 0.989 0.001 0.000 0.010
057500 0.989 0.001 0.000 0.010
058000 0.989 0.001 0.000 0.010
058500 0.989 0.001 0.000 0.010
059000 0.989 0.001 0.000 0.010
059500 0.989 0.001 0.000 0.010
060000 0.989 0.001 0.000 0.010
060500 0.989 0.001 0.000 0.010
061000 0.989 0.001 0.000 0.010
061500 0.989 0.001 0.000 0.010
062000 0.989 0.001 0.000 0.010
062500 0.989 0.001 0.000 0.010
063000 0.989 0.001 0.000 0.010
063500 0.989 0.001 0.000 0.010
064000 0.989 0.001 0.000 0.010
064500 0.989 0.001 0.000 0.010
065000 0.989 0.001 0.000 0.010
065500 0.989 0.001 0.000 0.010
066000 0.989 0.001 0.000 0.010
066500 0.989 0.001 0.000 0.010
067000 0.989 0.001 0.000 0.010
067500 0.989 0.001 0.000 0.010
068000 0.989 0.001 0.000 0.010
068500 0.989 0.001 0.000 0.010
069000 0.989 0.001 0.000 0.010
069500 0.989 0.001 0.000 0.010
070000 0.989 0.001 0.000 0.010
070500 0.989 0.001 0.000 0.010
071000 0.989 0.001 0.000 0.010
071500 0.989 0.001 0.000 0.010
072000 0.989 0.001 0.000 0.010
072500 0.989 0.001 0.000 0.010
073000 0.989 0.001 0.000 0.010
073500 0.989 0.001 0.000 0.010
074000 0.989 0.001 0.000 0.010
074500 0.989 0.001 0.000 0.010
075000 0.989 0.001 0.000 0.010
075500 0.989 0.001 0.000 0.010
076000 0.989 0.001 0.000 0.010
076500 0.989 0.001 0.000 0.010
077000 0.989 0.001 0.000 0.010
077500 0.989 0.001 0.000 0.010
078000 0.989 0.001 0.000 0.010
078500 0.989 0.001 0.000 0.010
079000 0.989 0.001 0.000 0.010
079500 0.989 0.001 0.000 0.010
080000 0.989 0.001 0.000 0.010
080500 0.989 0.001 0.000 0.010
081000 0.989 0.001 0.000 0.010
081500 0.989 0.001 0.000 0.010
082000 0.989 0.001 0.000 0.010
082500 0.989 0.001 0.000 0.010
083000 0.989 0.001 0.000 0.010
083500 0.989 0.001 0.000 0.010
084000 0.989 0.001 0.000 0.010
084500 0.989 0.001 0.000 0.010
085000 0.989 0.001 0.000 0.010
085500 0.989 0.001 0.000 0.010
086000 0.989 0.001 0.000 0.010
086500 0.989 0.001 0.000 0.010
087000 0.989 0.001 0.000 0.010
087500 0.989 0.001 0.000 0.010
088000 0.989 0.001 0.000 0.010
088500 0.989 0.001 0.000 0.010
089000 0.989 0.001 0.000 0.010
089500 0.989 0.001 0.000 0.010
090000 0.989 0.001 0.000 0.010
090500 0.989 0.001 0.000 0.010
091000 0.989 0.001 0.000 0.010
091500 0.989 0.001 0.000 0.010
092000 0.989 0.001 0.000 0.010
092500 0.989 0.001 0.000 0.010
093000 0.989 0.001 0.000 0.010
093500 0.989 0.001 0.000 0.010
094000 0.989 0.001 0.000 0.010
094500 0.989 0.001 0.000 0.010
095000 0.989 0.001 0.000 0.010
095500 0.989 0.001 0.000 0.010
096000 0.989 0.001 0.000 0.010
096500 0.989 0.001 0.000 0.010
097000 0.989 0.001 0.000 0.010
097500 0.989 0.001 0.000 0.010
098000 0.989 0.001 0.000 0.010
098500 0.989 0.001 0.000 0.010
099000 0.989 0.001 0.000 0.010
099500 0.989 0.001 0.000 0.010
100000 0.989 0.001 0.000 0.010
100500 0.989 0.001 0.000 0.010
101000 0.989 0.001 0.000 0.010
101500 0.989 0.001 0.000 0.010
102000 0.989 0.001 0.000 0.010
102500 0.989 0.001 0.000 0.010
103000 0.989 0.001 0.000 0.010
103500 0.989 0.001 0.000 0.010
104000 0.989 0.001 0.000 0.010
104500 0.989 0.001 0.000 0.010
105000 0.989 0.001 0.000 0.010
105500 0.989 0.001 0.000 0.010
106000 0.989 0.001 0.000 0.010
106500 0.989 0.001 0.000 0.010
107000 0.989 0.001 0.000 0.010
107500 0.989 0.001 0.000 0.010
108000 0.989 0.001 0.000 0.010
108500 0.989 0.001 0.000 0.010
109000 0.989 0.001 0.000 0.010
109500 0.989 0.001 0.000 0.010
110000 0.989 0.001 0.000 0.010
110500 0.989 0.001 0.000 0.010
111000 0.989 0.001 0.000 0.010
111500 0.989 0.001 0.000 0.010
112000 0.989 0.001 0.000 0.010
112500 0.989 0.001 0.000 0.010
113000 0.989 0.001 0.000 0.010
113500 0.989 0.001 0.000 0.010
114000 0.989 0.001 0.000 0.010
114500 0.989 0.001 0.000 0.010
115000 0.989 0.001 0.000 0.010
115500 0.989 0.001 0.000 0.010
116000 0.989 0.001 0.000 0.010
116500 0.989 0.001 0.000 0.010
117000 0.989 0.001 0.000 0.010
117500 0.989 0.001 0.000 0.010
118000 0.989 0.001 0.000 0.010
118500 0.989 0.001 0.000 0.010
119000 0.989 0.001 0.000 0.010
119500 0.989 0.001 0.000 0.010
120000 0.989 0.001 0.000 0.010
120500 0.989 0.001 0.000 0.010
121000 0.989 0.001 0.000 0.010
121500 0.989 0.001 0.000 0.010
122000 0.989 0.001 0.000 0.010
122500 0.989 0.001 0.000 0.010
123000 0.989 0.001 0.000 0.010
123500 0.989 0.001 0.000 0.010
124000 0.989 0.001 0.000 0.010
124500 0.989 0.001 0.000 0.010
125000 0.989 0.001 0.000 0.010
125500 0.989 0.001 0.000 0.010
126000 0.989 0.001 0.000 0.010
126500 0.989 0.001 0.000 0.010
127000 0.989 0.001 0.000 0.010
127500 0.989 0.001 0.000 0.010
128000 0.989 0.001 0.000 0.010
128500 0.989 0.001 0.000 0.010
129000 0.989 0.001 0.000 0.010
129500 0.989 0.001 0.000 0.010
130000 0.989 0.001 0.000 0.010
130500 0.989 0.001 0.000 0.010
131000 0.989 0.001 0.000 0.010
131500 0.989 0.001 0.000 0.010
132000 0.989 0.001 0.000 0.010
132500 0.989 0.001 0.000 0.010
133000 0.989 0.001 0.000 0.010
133500 0.989 0.001 0.000 0.010
134000 0.989 0.001 0.000 0.010
134500 0.989 0.001 0.000 0.010
135000 0.989 0.001 0.000 0.010
135500 0.989 0.001 0.000 0.010
136000 0.989 0.001 0.000 0.010
136500 0.989 0.001 0.000 0.010
137000 0.989 0.001 0.000 0.010
137500 0.989 0.001 0.000 0.010
138000 0.989 0.001 0.000 0.010
138500 0.989 0.001 0.000 0.010
139000 0.989 0.001 0.000 0.010
139500 0.989 0.001 0.000 0.010
140000 0.989 0.001 0.000 0.010
140500 0.989 0.001 0.000 0.010
141000 0.989 0.001 0.000 0.010
141500 0.989 0.001 0.000 0.010
142000 0.989 0.001 0.000 0.010
142500 0.989 0.001 0.000 0.010
143000 0.989 0.001 0.000 0.010
143500 0.989 0.001 0.000 0.010
144000 0.989 0.001 0.000 0.010
144500 0.989 0.001 0.000 0.010
145000 0.989 0.001 0.000 0.010
145500 0.989 0.001 0.000 0.010
146000 0.989 0.001 0.000 0.010
146500 0.989 0.001 0.000 0.010
147000 0.989 0.001 0.000 0.010
147500 0.989 0.001 0.000 0.010
148000 0.989 0.001 0.000 0.010
148500 0.989 0.001 0.000 0.010
149000 0.989 0.001 0.000 0.010
149500 0.989 0.001 0.000 0.010
150000 0.989 0.001 0.000 0.010
150500 0.989 0.001 0.000 0.010
151000 0.989 0.001 0.000 0.010
151500 0.989 0.001 0.000 0.010
152000 0.989 0.001 0.000 0.010
152500 0.989 0.001 0.000 0.010
153000 0.989 0.001 0.000 0.010
153500 0.989 0.001 0.000 0.010
154000 0.989 0.001 0.000 0.010
154500 0.989 0.001 0.000 0.010
155000 0.989 0.001 0.000 0.010
155500 0.989 0.001 0.000 0.010
156000 0.989 0.001 0.000 0.010
156500 0.989 0.001 0.000 0.010
157000 0.989 0.001 0.000 0.010
157500 0.989 0.001 0.000 0.010
158000 0.989 0.001 0.000 0.010
158500 0.989 0.001 0.000 0.010
159000 0.989 0.001 0.000 0.010
159500 0.989 0.001 0.000 0.010
160000 0.989 0.001 0.000 0.010
160500 0.989 0.001 0.000 0.010
161000 0.989 0.001 0.000 0.010
161500 0.989 0.001 0.000 0.010
162000 0.989 0.001 0.000 0.010
162500 0.989 0.001 0.000 0.010
163000 0.989 0.001 0.000 0.010
163500 0.989 0.001 0.000 0.010
164000 0.989 0.001 0.000 0.010
164500 0.989 0.001 0.000 0.010
165000 0.989 0.001 0.000 0.010
165500 0.989 0.001 0.000 0.010
166000 0.989 0.001 0.000 0.010
166500 0.989 0.001 0.000 0.010
167000 0.989 0.001 0.000 0.010
167500 0.989 0.001 0.000 0.010
168000 0.989 0.001 0.000 0.010
168500 0.989 0.001 0.000 0.010
169000 0.989 0.001 0.000 0.010
169500 0.989 0.001 0.000 0.010
170000 0.989 0.001 0.000 0.010
170500 0.989 0.001 0.000 0.010
171000 0.989 0.001 0.000 0.010
171500 0.989 0.001 0.000 0.010
172000 0.989 0.001 0.000 0.010
172500 0.989 0.001 0.000 0.010
173000 0.989 0.001 0.000 0.010
173500 0.989 0.001 0.000 0.010
174000 0.989 0.001 0.000 0.010
174500 0.989 0.001 0.000 0.010
175000 0.989 0.001 0.000 0.010
175500 0.989 0.001 0.000 0.010
176000 0.989 0.001 0.000 0.010
176500 0.989 0.001 0.000 0.010
177000 0.989 0.001 0.000 0.010
177500 0.989 0.001 0.000 0.010
178000 0.989 0.001 0.000 0.010
178500 0.989 0.001 0.000 0.010
179000 0.989 0.001 0.000 0.010
179500 0.989 0.001 0.000 0.010
180000 0.989 0.001 0.000 0.010
180500 0.989 0.001 0.000 0.010
181000 0.989 0.001 0.000 0.010
181500 0.989 0.001 0.000 0.010
182000 0.989 0.001 0.000 0.010
182500 0.989 0.001 0.000 0.010
183000 0.989 0.001 0.000 0.010
183500 0.989 0.001 0.000 0.010
184000 0.989 0.001 0.000 0.010
184500 0.989 0.001 0.000 0.010
185000 0.989 0.001 0.000 0.010
185500 0.989 0.001 0.000 0.010
186000 0.989 0.001 0.000 0.010
186500 0.989 0.001 0.000 0.010
187000 0.989 0.001 0.000 0.010
187500 0.989 0.001 0.000 0.010
188000 0.989 0.001 0.000 0.010
188500 0.989 0.001 0.000 0.010
189000 0.989 0.001 0.000 0.010
189500 0.989 0.001 0.000 0.010
190000 0.989 0.001 0.000 0.010
190500 0.989 0.001 0.000 0.010
191000 0.989 0.001 0.000 0.010
191500 0.989 0.001 0.000 0.010
192000 0.989 0.001 0.000 0.010
192500 0.989 0.001 0.000 0.010
193000 0.989 0.001 0.000 0.010
193500 0.989 0.001 0.000 0.010
194000 0.989 0.001 0.000 0.010
194500 0.989 0.001 0.000 0.010
195000 0.989 0.001 0.000 0.010
195500 0.989 0.001 0.000 0.010
196000 0.989 0.001 0.000 0.010
196500 0.989 0.001 0.000 0.010
197000 0.989 0.001 0.000 0.010
197500 0.989 0.001 0.000 0.010
198000 0.989 0.001 0.000 0.010
198500 0.989 0.001 0.000 0.010
199000 0.989 0.001 0.000 0.010
199500 0.989 0.001 0.000 0.010
200000 0.989 0.001 0.000 0.010
200500 0.989 0.001 0.000 0.010
201000 0.989 0.001 0.000 0.010
201500 0.989 0.001 0.000 0.010
202000 0.989 0.001 0.000 0.010
202500 0.989 0.001 0.000 0.010
203000 0.989 0.001 0.000 0.010
203500 0.989 0.001 0.000 0.010
204000 0.989 0.001 0.000 0.010
204500 0.989 0.001 0.000 0.010
205000 0.989 0.001 0.000 0.010
205500 0.989 0.001 0.000 0.010
206000 0.989 0.001 0.000 0.010
206500 0.989 0.001 0.000 0.010
207000 0.989 0.001 0.000 0.010
207500 0.989 0.001 0.000 0.010
208000 0.989 0.001 0.000 0.010
208500 0.989 0.001 0.000 0.010
209000 0.989 0.001 0.000 0.010
209500 0.989 0.001 0.000 0.010
210000 0.989 0.001 0.000 0.010
210500 0.989 0.001 0.000 0.010
211000 0.989 0.001 0.000 0.010
211500 0.989 0.001 0.000 0.010
212000 0.989 0.001 0.000 0.010
212500 0.989 0.001 0.000 0.010
213000 0.989 0.001 0.000 0.010
213500 0.989 0.001 0.000 0.010
214000 0.989 0.001 0.000 0.010
214500 0.989 0.001 0.000 0.010
215000 0.989 0.001 0.000 0.010
215500 0.989 0.001 0.000 0.010
216000 0.989 0.001 0.000 0.010
216500 0.989 0.001 0.000 0.010
217000 0.989 0.001 0.000 0.010
217500 0.989 0.001 0.000 0.010
218000 0.989 0.001 0.000 0.010
218500 0.989 0.001 0.000 0.010
219000 0.989 0.001 0.000 0.010
219500 0.989 0.001 0.000 0.010
220000 0.989 0.001 0.000 0.010
220500 0.989 0.001 0.000 0.010
221000 0.989 0.001 0.000 0.010
221500 0.989 0.001 0.000 0.010
222000 0.989 0.001 0.000 0.010
222500 0.989 0.001 0.000 0.010
223000 0.989 0.001 0.000 0.010
223500 0.989 0.001 0.000 0.010
224000 0.989 0.001 0.000 0.010
224500 0.989 0.001 0.000 0.010
225000 0.989 0.001 0.000 0.010
225500 0.989 0.001 0.000 0.010
226000 0.989 0.001 0.000 0.010
226500 0.989 0.001 0.000 0.010
227000 0.989 0.001 0.000 0.010
227500 0.989 0.001 0.000 0.010
228000 0.989 0.001 0.000 0.010
228500 0.989 0.001 0.000 0.010
229000 0.989 0.001 0.000 0.010
229500 0.989 0.001 0.000 0.010
230000 0.989 0.001 0.000 0.010
230500 0.989 0.001 0.000 0.010
231000 0.989 0.001 0.000 0.010
231500 0.989 0.001 0.000 0.010
232000 0.989 0.001 0.000 0.010
232500 0.989 0.001 0.000 0.010
233000 0.989 0.001 0.000 0.010
233500 0.989 0.001 0.000 0.010
234000 0.989 0.001 0.000 0.010
234500 0.989 0.001 0.000 0.010
235000 0.989 0.001 0.000 0.010
235500 0.989 0.001 0.000 0.010
236000 0.989 0.001 0.000 0.010
236500 0.989 0.001 0.000 0.010
237000 0.989 0.001 0.000 0.010
237500 0.989 0.001 0.000 0.010
238000 0.989 0.001 0.000 0.010
238500 0.989 0.001 0.000 0.010
239000 0.989 0.001 0.000 0.010
239500 0.989 0.001 0.000 0.010
240000 0.989 0.001 0.000 0.010
240500 0.989 0.001 0.000 0.010
241000 0.989 0.001 0.000 0.010
241500 0.989 0.001 0.000 0.010
242000 0.989 0.001 0.000 0.010
242500 0.989 0.001 0.000 0.010
243000 0.989 0.001 0.000 0.010
243500 0.989 0.001 0.000 0.010
244000 0.989 0.001 0.000 0.010
244500 0.989 0.001 0.000 0.010
245000 0.989 0.001 0.000 0.010
245500 0.989 0.001 0.000 0.010
246000 0.989 0.001 0.000 0.010
246500 0.989 0.001 0.000 0.010
247000 0.989 0.001 0.000 0.010
247500 0.989 0.001 0.000 0.010
248000 0.989 0.001 0.000 0.010
248500 0.989 0.001 0.000 0.010
249000 0.989 0.001 0.000 0.010
249500 0.989 0.001 0.000 0.010
250000 0.989 0.001 0.000 0.010
250500 0.989 0.001 0.000 0.010
251000 0.989 0.001 0.000 0.010
251500 0.989 0.001 0.000 0.010
252000 0.989 0.001 0.000 0.010
252500 0.989 0.001 0.000 0.010
253000 0.989 0.001 0.000 0.010
253500 0.989 0.001 0.000 0.010
254000 0.989 0.001 0.000 0.010
254500 0.989 0.001 0.000 0.010
255000 0.989 0.001 0.000 0.010
255500 0.989 0.001 0.000 0.010
256000 0.989 0.001 0.000 0.010
256500 0.989 0.001 0.000 0.010
257000 0.989 0.001 0.000 0.010
257500 0.989 0.001 0.000 0.010
258000 0.989 0.001 0.000 0.010
258500 0.989 0.001 0.000 0.010
259000 0.989 0.001 0.000 0.010
259500 0.989 0.001 0.000 0.010
260000 0.989 0.001 0.000 0.010
260500 0.989 0.001 0.000 0.010
261000 0.989 0.001 0.000 0.010
261500 0.989 0.001 0.000 0.010
262000 0.989 0.001 0.000 0.010
262500 0.989 0.001 0.000 0.010
263000 0.989 0.001 0.000 0.010
263500 0.989 0.001 0.000 0.010
264000 0.989 0.001 0.000 0.010
264500 0.989 0.001 0.000 0.010
265000 0.989 0.001 0.000 0.010
265500 0.989 0.001 0.000 0.010
266000 0.989 0.001 0.000 0.010
266500 0.989 0.001 0.000 0.010
267000 0.989 0.001 0.000 0.010
267500 0.989 0.001 0.000 0.010
268000 0.989 0.001 0.000 0.010
268500 0.989 0.001 0.000 0.010
269000 0.989 0.001 0.000 0.010
269500 0.989 0.001 0.000 0.010
270000 0.989 0.001 0.000 0.010
270500 0.989 0.001 0.000 0.010
271000 0.989 0.001 0.000 0.010
271500 0.989 0.001 0.000 0.010
272000 0.989 0.001 0.000 0.010
272500 0.989 0.001 0.000 0.010
273000 0.989 0.001 0.000 0.010
273500 0.989 0.001 0.000 0.010
274000 0.989 0.001 0.000 0.010
274500 0.989 0.001 0.000 0.010
275000 0.989 0.001 0.000 0.010
275500 0.989 0.001 0.000 0.010
276000 0.989 0.001 0.000 0.010
276500 0.989 0.001 0.000 0.010
277000 0.989 0.001 0.000 0.010
277500 0.989 0.001 0.000 0.010
278000 0.989 0.001 0.000 0.010
278500 0.989 0.001 0.000 0.010
279000 0.989 0.001 0.000 0.010
279500 0.989 0.001 0.000 0.010
280000 0.989 0.001 0.000 0.010
280500 0.989 0.001 0.000 0.010
281000 0.989 0.001 0.000 0.010
281500 0.989 0.001 0.000 0.010
282000 0.989 0.001 0.000 0.010
282500 0.989 0.001 0.000 0.010
283000 0.989 0.001 0.000 0.010
283500 0.989 0.001 0.000 0.010
284000 0.989 0.001 0.000 0.010
284500 0.989 0.001 0.000 0.010
285000 0.989 0.001 0.000 0.010
285500 0.989 0.001 0.000 0.010
286000 0.989 0.001 0.000 0.010
286500 0.989 0.001 0.000 0.010
287000 0.989 0.001 0.000 0.010
287500 0.989 0.001 0.000 0.010
288000 0.989 0.001 0.000 0.010
288500 0.989 0.001 0.000 0.010
289000 0.989 0.001 0.000 0.010
289500 0.989 0.001 0.000 0.010
290000 0.989 0.001 0.000 0.010
290500 0.989 0.001 0.000 0.010
291000 0.989 0.001 0.000 0.010
291500 0.989 0.001 0.000 0.010
292000 0.989 0.001 0.000 0.010
292500 0.989 0.001 0.000 0.010
293000 0.989 0.001 0.000 0.010
293500 0.989 0.001 0.000 0.010
294000 0.989 0.001 0.000 0.010
294500 0.989 0.001 0.000 0.010
295000 0.989 0.001 0.000 0.010
295500 0.989 0.001 0.000 0.010
296000 0.989 0.001 0.000 0.010
296500 0.989 0.001 0.000 0.010
297000 0.989 0.001 0.000 0.010
297500 0.989 0.001 0.000 0.010
298000 0.989 0.001 0.000 0.010
298500 0.989 0.001 0.000 0.010
299000 0.989 0.001 0.000 0.010
299500 0.989 0.001 0.000 0.010
300000 0.989 0.001 0.000 0.010
300500 0.989 0.001 0.000 0.010
301000 0.989 0.001 0.000 0.010
301500 0.989 0.001 0.000 0.010
302000 0.989 0.001 0.000 0.010
302500 0.989 0.001 0.000 0.010
303000 0.989 0.001 0.000 0.010
303500 0.989 0.001 0.000 0.010
304000 0.989 0.001 0.000 0.010
304500 0.989 0.001 0.000 0.010
305000 0.989 0.001 0.000 0.010
305500 0.989 0.001 0.000 0.010
306000 0.989 0.001 0.000 0.010
306500 0.989 0.001 0.000 0.010
307000 0.989 0.001 0.000 0.010
307500 0.989 0.001 0.000 0.010
308000 0.989 0.001 0.000 0.010
308500 0.989 0.001 0.000 0.010
309000 0.989 0.001 0.000 0.010
309500 0.989 0.001 0.000 0.010
310000 0.989 0.001 0.000 0.010
310500 0.989 0.001 0.000 0.010
311000 0.989 0.001 0.000 0.010
311500 0.989 0.001 0.000 0.010
312000 0.989 0.001 0.000 0.010
312500 0.989 0.001 0.000 0.010
313000 0.989 0.001 0.000 0.010
313500 0.989 0.001 0.000 0.010
314000 0.989 0.001 0.000 0.010
314500 0.989 0.001 0.000 0.010
315000 0.989 0.001 0.000 0.010
315500 0.989 0.001 0.000 0.010
316000 0.989 0.001 0.000 0.010
316500 0.989 0.001 0.000 0.010
317000 0.989 0.001 0.000 0.010
317500 0.989 0.001 0.000 0.010
318000 0.989 0.001 0.000 0.010
318500 0.989 0.001 0.000 0.010
319000 0.989 0.001 0.000 0.010
319500 0.989 0.001 0.000 0.010
320000 0.989 0.001 0.000 0.010
320500 0.989 0.001 0.000 0.010
321000 0.989 0.001 0.000 0.010
321500 0.989 0.001 0.000 0.010
322000 0.989 0.001 0.000 0.010
322500 0.989 0.001 0.000 0.010
323000 0.989 0.001 0.000 0.010
323500 0.989 0.001 0.000 0.010
324000 0.989 0.001 0.000 0.010
324500 0.989 0.001 0.000 0.010
325000 0.989 0.001 0.000 0.010
325500 0.989 0.001 0.000 0.010
326000 0.989 0.001 0.000 0.010
326500 0.989 0.001 0.000 0.010
327000 0.989 0.001 0.000 0.010
327500 0.989 0.001 0.000 0.010
328000 0.989 0.001 0.000 0.010
328500 0.989 0.001 0.000 0.010
329000 0.989 0.001 0.000 0.010
329500 0.989 0.001 0.000 0.010
330000 0.989 0.001 0.000 0.010
330500 0.989 0.001 0.000 0.010
331000 0.989 0.001 0.000 0.010
331500 0.989 0.001 0.000 0.010
332000 0.989 0.001 0.000 0.010
332500 0.989 0.001 0.000 0.010
333000 0.989 0.001 0.000 0.010
333500 0.989 0.001 0.000 0.010
334000 0.989 0.001 0.000 0.010
334500 0.989 0.001 0.000 0.010
335000 0.989 0.001 0.000 0.010
335500 0.989 0.001 0.000 0.010
336000 0.989 0.001 0.000 0.010
336500 0.989 0.001 0.000 0.010
337000 0.989 0.001 0.000 0.010
337500 0.989 0.001 0.000 0.010
338000 0.989 0.001 0.000 0.010
338500 0.989 0.001 0.000 0.010
339000 0.989 0.001 0.000 0.010
339500 0.989 0.001 0.000 0.010
340000 0.989 0.001 0.000 0.010
340500 0.989 0.001 0.000 0.010
341000 0.989 0.001 0.000 0.010
341500 0.989 0.001 0.000 0.010
342000 0.989 0.001 0.000 0.010
342500 0.989 0.001 0.000 0.010
343000 0.989 0.001 0.000 0.010
343500 0.989 0.001 0.000 0.010
344000 0.989 0.001 0.000 0.010
344500 0.989 0.001 0.000 0.010
345000 0.989 0.001 0.000 0.010
345500 0.989 0.001 0.000 0.010
346000 0.989 0.001 0.000 0.010
346500 0.989 0.001 0.000 0.010
347000 0.989 0.001 0.000 0.010
347500 0.989 0.001 0.000 0.010
348000 0.989 0.001 0.000 0.010
348500 0.989 0.001 0.000 0.010
349000 0.989 0.001 0.000 0.010
349500 0.989 0.001 0.000 0.010
350000 0.989 0.001 0.000 0.010
350500 0.989 0.001 0.000 0.010
351000 0.989 0.001 0.000 0.010
351500 0.989 0.001 0.000 0.010
352000 0.989 0.001 0.000 0.010
352500 0.989 0.001 0.000 0.010
353000 0.989 0.001 0.000 0.010
353500 0.989 0.001 0.000 0.010
354000 0.989 0.001 0.000 0.010
354500 0.989 0.001 0.000 0.010
355000 0.989 0.001 0.000 0.010
355500 0.989 0.001 0.000 0.010
356000 0.989 0.001 0.000 0.010
356500 0.989 0.001 0.000 0.010
357000 0.989 0.001 0.000 0.010
357500 0.989 0.001 0.000 0.010
358000 0.989 0.001 0.000 0.010
358500 0.989 0.001 0.000 0.010
359000 0.989 0.001 0.000 0.010
359500 0.989 0.001 0.000 0.010
360000 0.989 0.001 0.000 0.010
360500 0.989 0.001 0.000 0.010
361000 0.989 0.001 0.000 0.010
361500 0.989 0.001 0.000 0.010
362000 0.989 0.001 0.000 0.010
362500 0.989 0.001 0.000 0.010
363000 0.989 0.001 0.000 0.010
363500 0.989 0.001 0.000 0.010
364000 0.989 0.001 0.000 0.010
364500 0.989 0.001 0.000 0.010
365000 0.989 0.001 0.000 0.010
365500 0.989 0.001 0.000 0.010
366000 0.989 0.001 0.000 0.010
366500 0.989 0.001 0.000 0.010
367000 0.989 0.001 0.000 0.010
367500 0.989 0.001 0.000 0.010
368000 0.989 0.001 0.000 0.010
368500 0.989 0.001 0.000 0.010
369000 0.989 0.001 0.000 0.010
369500 0.989 0.001 0.000 0.010
370000 0.989 0.001 0.000 0.010
370500 0.989 0.001 0.000 0.010
371000 0.989 0.001 0.000 0.010
371500 0.989 0.001 0.000 0.010
372000 0.989 0.001 0.000 0.010
372500 0.989 0.001 0.000 0.010
373000 0.989 0.001 0.000 0.010
373500 0.989 0.001 0.000 0.010
374000 0.989 0.001 0.000 0.010
374500 0.989 0.001 0.000 0.010
375000 0.989 0.001 0.000 0.010
375500 0.989 0.001 0.000 0.010
376000 0.989 0.001 0.000 0.010
376500 0.989 0.001 0.000 0.010
377000 0.989 0.001 0.000 0.010
377500 0.989 0.001 0.000 0.010
378000 0.989 0.001 0.000 0.010
378500 0.989 0.001 0.000 0.010
379000 0.989 0.001 0.000 0.010
379500 0.989 0.001 0.000 0.010
380000 0.989 0.001 0.000 0.010
380500 0.989 0.001 0.000 0.010
381000 0.989 0.001 0.000 0.010
381500 0.989 0.001 0.000 0.010
382000 0.989 0.001 0.000 0.010
382500 0.989 0.001 0.000 0.010
383000 0.989 0.001 0.000 0.010
383500 0.989 0.001 0.000 0.010
384000 0.989 0.001 0.000 0.010
384500 0.989 0.001 0.000 0.010
385000 0.989 0.001 0.000 0.010
385500 0.989 0.001 0.000 0.010
386000 0.989 0.001 0.000 0.010
386500 0.989 0.001 0.000 0.010
387000 0.989 0.001 0.000 0.010
387500 0.989 0.001 0.000 0.010
388000 0.989 0.001 0.000 0.010
388500 0.989 0.001 0.000 0.010
389000 0.989 0.001 0.000 0.010
389500 0.989 0.001 0.000 0.010
390000 0.989 0.001 0.000 0.010
390500 0.989 0.001 0.000 0.010
391000 0.989 0.001 0.000 0.010
391500 0.989 0.001 0.000 0.010
392000 0.989 0.001 0.000 0.010
392500 0.989 0.001 0.000 0.010
393000 0.989 0.001 0.000 0.010
393500 0.989 0.001 0.000 0.010
394000 0.989 0.001 0.000 0.010
394500 0.989 0.001 0.000 0.010
395000 0.989 0.001 0.000 0.010
395500 0.989 0.001 0.000 0.010
396000 0.989 0.001 0.000 0.010
396500 0.989 0.001 0.000 0.010
397000 0.989 0.001 0.000 0.010
397500 0.989 0.001 0.000 0.010
398000 0.989 0.001 0.000 0.010
398500 0.989 0.001 0.000 0.010
399000 0.989 0.001 0.000 0.010
399500 0.989 0.001 0.000 0.010
400000 0.989 0.001 0.000 0.010
400500 0.989 0.001 0.000 0.010
401000 0.989 0.001 0.000 0.010
401500 0.989 0.001 0.000 0.010
402000 0.989 0.001 0.000 0.010
402500 0.989 0.001 0.000 0.010
403000 0.989 0.001 0.000 0.010
403500 0.989 0.001 0.000 0.010
404000 0.989 0.001 0.000 0.010
404500 0.989 0.001 0.000 0.010
405000 0.989 0.001 0.000 0.010
405500 0.989 0.001 0.000 0.010
406000 0.989 0.001 0.000 0.010
406500 0.989 0.001 0.000 0.010
407000 0.989 0.001 0.000 0.010
407500 0.989 0.001 0.000 0.010
408000 0.989 0.001 0.000 0.010
408500 0.989 0.001 0.000 0.010
409000 0.989 0.001 0.000 0.010
409500 0.989 0.001 0.000 0.010
410000 0.989 0.001 0.000 0.010
410500 0.989 0.001 0.000 0.010
411000 0.989 0.001 0.000 0.010
411500 0.989 0.001 0.000 0.010
412000 0.989 0.001 0.000 0.010
412500 0.989 0.001 0.000 0.010
413000 0.989 0.001 0.000 0.010
413500 0.989 0.001 0.000 0.010
414000 0.989 0.001 0.000 0.010
414500 0.989 0.001 0.000 0.010
415000 0.989 0.001 0.000 0.010
415500 0.989 0.001 0.000 0.010
416000 0.989 0.001 0.000 0.010
416500 0.989 0.001 0.000 0.010
417000 0.989 0.001 0.000 0.010
417500 0.989 0.001 0.000 0.010
418000 0.989 0.001 0.000 0.010
418500 0.989 0.001 0.000 0.010
419000 0.989 0.001 0.000 0.010
419500 0.989 0.001 0.000 0.010
420000 0.989 0.001 0.000 0.010
420500 0.989 0.001 0.000 0.010
421000 0.989 0.001 0.000 0.010
421500 0.989 0.001 0.000 0.010
422000 0.989 0.001 0.000 0.010
422500 0.989 0.001 0.000 0.010
423000 0.989 0.001 0.000 0.010
423500 0.989 0.001 0.000 0.010
424000 0.989 0.001 0.000 0.010
424500 0.989 0.001 0.000 0.010
425000 0.989 0.001 0.000 0.010
425500 0.989 0.001 0.000 0.010
426000 0.989 0.001 0.000 0.010
426500 0.989 0.001 0.000 0.010
427000 0.989 0.001 0.000 0.010
427500 0.989 0.001 0.000 0.010
428000 0.989 0.001 0.000 0.010
428500 0.989 0.001 0.000 0.010
429000 0.989 0.001 0.000 0.010
429500 0.989 0.001 0.000 0.010
430000 0.989 0.001 0.000 0.010
430500 0.989 0.001 0.000 0.010
431000 0.989 0.001 0.000 0.010
431500 0.989 0.001 0.000 0.010
432000 0.989 0.001 0.000 0.010
432500 0.989 0.001 0.000 0.010
433000 0.989 0.001 0.000 0.010
433500 0.989 0.001 0.000 0.010
434000 0.989 0.001 0.000 0.010
434500 0.989 0.001 0.000 0.010
435000 0.989 0.001 0.000 0.010
435500 0.989 0.001 0.000 0.010
436000 0.989 0.001 0.000 0.010
436500 0.989 0.001 0.000 0.010
437000 0.989 0.001 0.000 0.010
437500 0.989 0.001 0.000 0.010
438000 0.989 0.001 0.000 0.010
438500 0.989 0.001 0.000 0.010
439000 0.989 0.001 0.000 0.010
439500 0.989 0.001 0.000 0.010
440000 0.989 0.001 0.000 0.010
440500 0.989 0.001 0.000 0.010
441000 0.989 0.001 0.000 0.010
441500 0.989 0.001 0.000 0.010
442000 0.989 0.001 0.000 0.010
442500 0.989 0.001 0.000 0.010
443000 0.989 0.001 0.000 0.010
443500 0.989 0.001 0.000 0.010
444000 0.989 0.001 0.000 0.010
444500 0.989 0.001 0.000 0.010
445000 0.989 0.001 0.000 0.010
445500 0.989 0.001 0.000 0.010
446000 0.989 0.001 0.000 0.010
446500 0.989 0.001 0.000 0.010
447000 0.989 0.001 0.000 0.010
447500 0.989 0.001 0.000 0.010
448000 0.989 0.001 0.000 0.010
448500 0.989 0.001 0.000 0.010
449000 0.989 0.001 0.000 0.010
449500 0.989 0.001 0.000 0.010
450000 0.989 0.001 0.000 0.010
450500 0.989 0.001 0.000 0.010
451000 0.989 0.001 0.000 0.010
451500 0.989 0.001 0.000 0.010
452000 0.989 0.001 0.000 0.010
452500 0.989 0.001 0.000 0.010
453000 0.989 0.001 0.000 0.010
453500 0.989 0.001 0.000 0.010
454000 0.989 0.001 0.000 0.010
454500 0.989 0.001 0.000 0.010
455000 0.989 0.001 0.000 0.010
455500 0.989 0.001 0.000 0.010
456000 0.989 0.001 0.000 0.010
456500 0.989 0.001 0.000 0.010
457000 0.989 0.001 0.000 0.010
457500 0.989 0.001 0.000 0.010
458000 0.989 0.001 0.000 0.010
458500 0.989 0.001 0.000 0.010
459000 0.989 0.001 0.000 0.010
459500 0.989 0.001 0.000 0.010
460000 0.989 0.001 0.000 0.010
460500 0.989 0.001 0.000 0.010
461000 0.989 0.001 0.000 0.010
461500 0.989 0.001 0.000 0.010
462000 0.989 0.001 0.000 0.010
462500 0.989 0.001 0.000 0.010
463000 0.989 0.001 0.000 0.010
463500 0.989 0.001 0.000 0.010
464000 0.989 0.001 0.000 0.010
464500 0.989 0.001 0.000 0.010
465000 0.989 0.001 0.000 0.010
465500 0.989 0.001 0.000 0.010
466000 0.989 0.001 0.000 0.010
466500 0.989 0.001 0.000 0.010
467000 0.989 0.001 0.000 0.010
467500 0.989 0.001 0.000 0.010
468000 0.989 0.001 0.000 0.010
468500 0.989 0.001 0.000 0.010
469000 0.989 0.001 0.000 0.010
469500 0.989 0.001 0.000 0.010
470000 0.989 0.001 0.000 0.010
470500 0.989 0.001 0.000 0.010
471000 0.989 0.001 0.000 0.010
471500 0.989 0.001 0.000 0.010
472000 0.989 0.001 0.000 0.010
472500 0.989 0.001 0.000 0.010
473000 0.989 0.001 0.000 0.010
473500 0.989 0.001 0.000 0.010
474000 0.989 0.001 0.000 0.010
474500 0.989 0.001 0.000 0.010
475000 0.989 0.001 0.000 0.010
475500 0.989 0.001 0.000 0.010
476000 0.989 0.001 0.000 0.010
476500 0.989 0.001 0.000 0.010
477000 0.989 0.001 0.000 0.010
477500 0.989 0.001 0.000 0.010
478000 0.989 0.001 0.000 0.010
478500 0.989 0.001 0.000 0.010
479000 0.989 0.001 0.000 0.010
479500 0.989 0.001 0.000 0.010
480000 0.989 0.001 0.000 0.010
480500 0.989 0.001 0.000 0.010
481000 0.989 0.001 0.000 0.010
481500 0.989 0.001 0.000 0.010
482000 0.989 0.001 0.000 0.010
482500 0.989 0.001 0.000 0.010
483000 0.989 0.001 0.000 0.010
483500 0.989 0.001 0.000 0.010
484000 0.989 0.001 0.000 0.010
484500 0.989 0.001 0.000 0.010
485000 0.989 0.001 0.000 0.010
485500 0.989 0.001 0.000 0.010
486000 0.989 0.001 0.000 0.010
486500 0.989 0.001 0.000 0.010
487000 0.989 0.001 0.000 0.010
487500 0.989 0.001 0.000 0.010
488000 0.989 0.001 0.000 0.010
488500 0.989 0.001 0.000 0.010
489000 0.989 0.001 0.000 0.010
489500 0.989 0.001 0.000 0.010
490000 0.989 0.001 0.000 0.010
490500 0.989 0.001 0.000 0.010
491000 0.989 0.001 0.000 0.010
491500 0.989 0.001 0.000 0.010
492000 0.989 0.001 0.000 0.010
492500 0.989 0.001 0.000 0.010
493000 0.989 0.001 0.000 0.010
493500 0.989 0.001 0.000 0.010
494000 0.989 0.001 0.000 0.010
494500 0.989 0.001 0.000 0.010
495000 0.989 0.001 0.000 0.010
495500 0.989 0.001 0.000 0.010
496000 0.989 0.001 0.000 0.010
496500 0.989 0.001 0.000 0.010
497000 0.989 0.001 0.000 0.010
497500 0.989 0.001 0.000 0.010
498000 0.989 0.001 0.000 0.010
498500 0.989 0.001 0.000 0.010
499000 0.989 0.001 0.000 0.010
499500 0.989 0.001 0.000 0.010
500000 0.989 0.001 0.000 0.010
