000000 0.250 0.250 0.250 0.250
000500 0.012 0.755 0.000 0.233
001000 0.011 0.767 0.000 0.221
001500 0.011 0.776 0.000 0.213
002000 0.011 0.783 0.000 0.206
002500 0.011 0.787 0.000 0.202
003000 0.011 0.793 0.000 0.196
003500 0.011 0.797 0.000 0.192
004000 0.011 0.801 0.000 0.187
004500 0.011 0.806 0.000 0.183
005000 0.011 0.809 0.000 0.180
005500 0.011 0.815 0.000 0.174
006000 0.011 0.817 0.000 0.172
006500 0.011 0.820 0.000 0.169
007000 0.011 0.824 0.000 0.165
007500 0.011 0.827 0.000 0.162
008000 0.011 0.828 0.000 0.161
008500 0.011 0.833 0.000 0.156
009000 0.011 0.836 0.000 0.153
009500 0.011 0.838 0.000 0.151
010000 0.011 0.839 0.000 0.150
010500 0.011 0.841 0.000 0.148
011000 0.011 0.842 0.000 0.147
011500 0.011 0.844 0.000 0.145
012000 0.011 0.844 0.000 0.144
012500 0.011 0.846 0.000 0.142
013000 0.011 0.846 0.000 0.143
013500 0.011 0.850 0.000 0.139
014000 0.011 0.851 0.000 0.138
014500 0.011 0.852 0.000 0.137
015000 0.011 0.853 0.000 0.136
015500 0.011 0.854 0.000 0.135
016000 0.011 0.856 0.000 0.133
016500 0.011 0.858 0.000 0.131
017000 0.011 0.858 0.000 0.130
017500 0.011 0.859 0.000 0.129
018000 0.011 0.861 0.000 0.128
018500 0.011 0.863 0.000 0.126
019000 0.011 0.865 0.000 0.124
019500 0.011 0.867 0.000 0.122
020000 0.011 0.868 0.000 0.121
020500 0.011 0.870 0.000 0.119
021000 0.011 0.871 0.000 0.118
021500 0.011 0.874 0.000 0.115
022000 0.011 0.874 0.000 0.114
022500 0.011 0.875 0.000 0.113
023000 0.011 0.876 0.000 0.113
023500 0.011 0.878 0.000 0.111
024000 0.011 0.879 0.000 0.110
024500 0.011 0.880 0.000 0.108
025000 0.011 0.882 0.000 0.107
025500 0.011 0.883 0.000 0.106
026000 0.011 0.883 0.000 0.106
026500 0.011 0.884 0.000 0.105
027000 0.011 0.885 0.000 0.104
027500 0.011 0.886 0.000 0.103
028000 0.011 0.887 0.000 0.102
028500 0.011 0.888 0.000 0.101
029000 0.011 0.889 0.000 0.099
029500 0.011 0.888 0.000 0.100
030000 0.011 0.890 0.000 0.099
030500 0.011 0.890 0.000 0.099
031000 0.011 0.891 0.000 0.098
031500 0.011 0.892 0.000 0.097
032000 0.011 0.892 0.000 0.096
032500 0.011 0.894 0.000 0.095
033000 0.011 0.895 0.000 0.093
033500 0.011 0.896 0.000 0.093
034000 0.011 0.896 0.000 0.092
034500 0.011 0.898 0.000 0.091
035000 0.011 0.899 0.000 0.090
035500 0.011 0.899 0.000 0.090
036000 0.011 0.899 0.000 0.090
036500 0.011 0.899 0.000 0.089
037000 0.011 0.900 0.000 0.089
037500 0.011 0.900 0.000 0.089
038000 0.011 0.900 0.000 0.089
038500 0.011 0.900 0.000 0.089
039000 0.011 0.900 0.000 0.089
039500 0.011 0.900 0.000 0.089
040000 0.011 0.900 0.000 0.089
040500 0.011 0.900 0.000 0.089
041000 0.011 0.900 0.000 0.089
041500 0.011 0.900 0.000 0.089
042000 0.011 0.900 0.000 0.089
042500 0.011 0.900 0.000 0.089
043000 0.011 0.900 0.000 0.089
043500 0.011 0.900 0.000 0.089
044000 0.011 0.900 0.000 0.089
044500 0.011 0.900 0.000 0.089
045000 0.011 0.900 0.000 0.089
045500 0.011 0.900 0.000 0.089
046000 0.011 0.900 0.000 0.089
046500 0.011 0.900 0.000 0.089
047000 0.011 0.900 0.000 0.089
047500 0.011 0.900 0.000 0.089
048000 0.011 0.900 0.000 0.089
048500 0.011 0.900 0.000 0.089
049000 0.011 0.900 0.000 0.089
049500 0.011 0.900 0.000 0.089
050000 0.011 0.900 0.000 0.089
050500 0.011 0.900 0.000 0.089
051000 0.011 0.900 0.000 0.089
051500 0.011 0.900 0.000 0.089
052000 0.011 0.900 0.000 0.089
052500 0.011 0.900 0.000 0.089
053000 0.011 0.900 0.000 0.089
053500 0.011 0.900 0.000 0.089
054000 0.011 0.900 0.000 0.089
054500 0.011 0.900 0.000 0.089
055000 0.011 0.900 0.000 0.089
055500 0.011 0.900 0.000 0.089
056000 0.011 0.900 0.000 0.089
056500 0.011 0.900 0.000 0.089
057000 0.011 0.900 0.000 0.089
057500 0.011 0.900 0.000 0.089
058000 0.011 0.900 0.000 0.089
058500 0.011 0.900 0.000 0.089
059000 0.011 0.900 0.000 0.089
059500 0.011 0.900 0.000 0.089
060000 0.011 0.900 0.000 0.089
060500 0.011 0.900 0.000 0.089
061000 0.011 0.900 0.000 0.089
061500 0.011 0.900 0.000 0.089
062000 0.011 0.900 0.000 0.089
062500 0.011 0.900 0.000 0.089
063000 0.011 0.900 0.000 0.089
063500 0.011 0.900 0.000 0.089
064000 0.011 0.900 0.000 0.089
064500 0.011 0.900 0.000 0.089
065000 0.011 0.900 0.000 0.089
065500 0.011 0.900 0.000 0.089
066000 0.011 0.900 0.000 0.089
066500 0.011 0.900 0.000 0.089
067000 0.011 0.900 0.000 0.089
067500 0.011 0.900 0.000 0.089
068000 0.011 0.900 0.000 0.089
068500 0.011 0.900 0.000 0.089
069000 0.011 0.900 0.000 0.089
069500 0.011 0.900 0.000 0.089
070000 0.011 0.900 0.000 0.089
070500 0.011 0.900 0.000 0.089
071000 0.011 0.900 0.000 0.089
071500 0.011 0.900 0.000 0.089
072000 0.011 0.900 0.000 0.089
072500 0.011 0.900 0.000 0.089
073000 0.011 0.900 0.000 0.089
073500 0.011 0.900 0.000 0.089
074000 0.011 0.900 0.000 0.089
074500 0.011 0.900 0.000 0.089
075000 0.011 0.900 0.000 0.089
075500 0.011 0.900 0.000 0.089
076000 0.011 0.900 0.000 0.089
076500 0.011 0.900 0.000 0.089
077000 0.011 0.900 0.000 0.089
077500 0.011 0.900 0.000 0.089
078000 0.011 0.900 0.000 0.089
078500 0.011 0.900 0.000 0.089
079000 0.011 0.900 0.000 0.089
079500 0.011 0.900 0.000 0.089
080000 0.011 0.900 0.000 0.089
080500 0.011 0.900 0.000 0.089
081000 0.011 0.900 0.000 0.089
081500 0.011 0.900 0.000 0.089
082000 0.011 0.900 0.000 0.089
082500 0.011 0.900 0.000 0.089
083000 0.011 0.900 0.000 0.089
083500 0.011 0.900 0.000 0.089
084000 0.011 0.900 0.000 0.089
084500 0.011 0.900 0.000 0.089
085000 0.011 0.900 0.000 0.089
085500 0.011 0.900 0.000 0.089
086000 0.011 0.900 0.000 0.089
086500 0.011 0.900 0.000 0.089
087000 0.011 0.900 0.000 0.089
087500 0.011 0.900 0.000 0.089
088000 0.011 0.900 0.000 0.089
088500 0.011 0.900 0.000 0.089
089000 0.011 0.900 0.000 0.089
089500 0.011 0.900 0.000 0.089
090000 0.011 0.900 0.000 0.089
090500 0.011 0.900 0.000 0.089
091000 0.011 0.900 0.000 0.089
091500 0.011 0.900 0.000 0.089
092000 0.011 0.900 0.000 0.089
092500 0.011 0.900 0.000 0.089
093000 0.011 0.900 0.000 0.089
093500 0.011 0.900 0.000 0.089
094000 0.011 0.900 0.000 0.089
094500 0.011 0.900 0.000 0.089
095000 0.011 0.900 0.000 0.089
095500 0.011 0.900 0.000 0.089
096000 0.011 0.900 0.000 0.089
096500 0.011 0.900 0.000 0.089
097000 0.011 0.900 0.000 0.089
097500 0.011 0.900 0.000 0.089
098000 0.011 0.900 0.000 0.089
098500 0.011 0.900 0.000 0.089
099000 0.011 0.900 0.000 0.089
099500 0.011 0.900 0.000 0.089
100000 0.011 0.900 0.000 0.089
100500 0.011 0.900 0.000 0.089
101000 0.011 0.900 0.000 0.089
101500 0.011 0.900 0.000 0.089
102000 0.011 0.900 0.000 0.089
102500 0.011 0.900 0.000 0.089
103000 0.011 0.900 0.000 0.089
103500 0.011 0.900 0.000 0.089
104000 0.011 0.900 0.000 0.089
104500 0.011 0.900 0.000 0.089
105000 0.011 0.900 0.000 0.089
105500 0.011 0.900 0.000 0.089
106000 0.011 0.900 0.000 0.089
106500 0.011 0.900 0.000 0.089
107000 0.011 0.900 0.000 0.089
107500 0.011 0.900 0.000 0.089
108000 0.011 0.900 0.000 0.089
108500 0.011 0.900 0.000 0.089
109000 0.011 0.900 0.000 0.089
109500 0.011 0.900 0.000 0.089
110000 0.011 0.900 0.000 0.089
110500 0.011 0.900 0.000 0.089
111000 0.011 0.900 0.000 0.089
111500 0.011 0.900 0.000 0.089
112000 0.011 0.900 0.000 0.089
112500 0.011 0.900 0.000 0.089
113000 0.011 0.900 0.000 0.089
113500 0.011 0.900 0.000 0.089
114000 0.011 0.900 0.000 0.089
114500 0.011 0.900 0.000 0.089
115000 0.011 0.900 0.000 0.089
115500 0.011 0.900 0.000 0.089
116000 0.011 0.900 0.000 0.089
116500 0.011 0.900 0.000 0.089
117000 0.011 0.900 0.000 0.089
117500 0.011 0.900 0.000 0.089
118000 0.011 0.900 0.000 0.089
118500 0.011 0.900 0.000 0.089
119000 0.011 0.900 0.000 0.089
119500 0.011 0.900 0.000 0.089
120000 0.011 0.900 0.000 0.089
120500 0.011 0.900 0.000 0.089
121000 0.011 0.900 0.000 0.089
121500 0.011 0.900 0.000 0.089
122000 0.011 0.900 0.000 0.089
122500 0.011 0.900 0.000 0.089
123000 0.011 0.900 0.000 0.089
123500 0.011 0.900 0.000 0.089
124000 0.011 0.900 0.000 0.089
124500 0.011 0.900 0.000 0.089
125000 0.011 0.900 0.000 0.089
125500 0.011 0.900 0.000 0.089
126000 0.011 0.900 0.000 0.089
126500 0.011 0.900 0.000 0.089
127000 0.011 0.900 0.000 0.089
127500 0.011 0.900 0.000 0.089
128000 0.011 0.900 0.000 0.089
128500 0.011 0.900 0.000 0.089
129000 0.011 0.900 0.000 0.089
129500 0.011 0.900 0.000 0.089
130000 0.011 0.900 0.000 0.089
130500 0.011 0.900 0.000 0.089
131000 0.011 0.900 0.000 0.089
131500 0.011 0.900 0.000 0.089
132000 0.011 0.900 0.000 0.089
132500 0.011 0.900 0.000 0.089
133000 0.011 0.900 0.000 0.089
133500 0.011 0.900 0.000 0.089
134000 0.011 0.900 0.000 0.089
134500 0.011 0.900 0.000 0.089
135000 0.011 0.900 0.000 0.089
135500 0.011 0.900 0.000 0.089
136000 0.011 0.900 0.000 0.089
136500 0.011 0.900 0.000 0.089
137000 0.011 0.900 0.000 0.089
137500 0.011 0.900 0.000 0.089
138000 0.011 0.900 0.000 0.089
138500 0.011 0.900 0.000 0.089
139000 0.011 0.900 0.000 0.089
139500 0.011 0.900 0.000 0.089
140000 0.011 0.900 0.000 0.089
140500 0.011 0.900 0.000 0.089
141000 0.011 0.900 0.000 0.089
141500 0.011 0.900 0.000 0.089
142000 0.011 0.900 0.000 0.089
142500 0.011 0.900 0.000 0.089
143000 0.011 0.900 0.000 0.089
143500 0.011 0.900 0.000 0.089
144000 0.011 0.900 0.000 0.089
144500 0.011 0.900 0.000 0.089
145000 0.011 0.900 0.000 0.089
145500 0.011 0.900 0.000 0.089
146000 0.011 0.900 0.000 0.089
146500 0.011 0.900 0.000 0.089
147000 0.011 0.900 0.000 0.089
147500 0.011 0.900 0.000 0.089
148000 0.011 0.900 0.000 0.089
148500 0.011 0.900 0.000 0.089
149000 0.011 0.900 0.000 0.089
149500 0.011 0.900 0.000 0.089
150000 0.011 0.900 0.000 0.089
150500 0.011 0.900 0.000 0.089
151000 0.011 0.900 0.000 0.089
151500 0.011 0.900 0.000 0.089
152000 0.011 0.900 0.000 0.089
152500 0.011 0.900 0.000 0.089
153000 0.011 0.900 0.000 0.089
153500 0.011 0.900 0.000 0.089
154000 0.011 0.900 0.000 0.089
154500 0.011 0.900 0.000 0.089
155000 0.011 0.900 0.000 0.089
155500 0.011 0.900 0.000 0.089
156000 0.011 0.900 0.000 0.089
156500 0.011 0.900 0.000 0.089
157000 0.011 0.900 0.000 0.089
157500 0.011 0.900 0.000 0.089
158000 0.011 0.900 0.000 0.089
158500 0.011 0.900 0.000 0.089
159000 0.011 0.900 0.000 0.089
159500 0.011 0.900 0.000 0.089
160000 0.011 0.900 0.000 0.089
160500 0.011 0.900 0.000 0.089
161000 0.011 0.900 0.000 0.089
161500 0.011 0.900 0.000 0.089
162000 0.011 0.900 0.000 0.089
162500 0.011 0.900 0.000 0.089
163000 0.011 0.900 0.000 0.089
163500 0.011 0.900 0.000 0.089
164000 0.011 0.900 0.000 0.089
164500 0.011 0.900 0.000 0.089
165000 0.011 0.900 0.000 0.089
165500 0.011 0.900 0.000 0.089
166000 0.011 0.900 0.000 0.089
166500 0.011 0.900 0.000 0.089
167000 0.011 0.900 0.000 0.089
167500 0.011 0.900 0.000 0.089
168000 0.011 0.900 0.000 0.089
168500 0.011 0.900 0.000 0.089
169000 0.011 0.900 0.000 0.089
169500 0.011 0.900 0.000 0.089
170000 0.011 0.900 0.000 0.089
170500 0.011 0.900 0.000 0.089
171000 0.011 0.900 0.000 0.089
171500 0.011 0.900 0.000 0.089
172000 0.011 0.900 0.000 0.089
172500 0.011 0.900 0.000 0.089
173000 0.011 0.900 0.000 0.089
173500 0.011 0.900 0.000 0.089
174000 0.011 0.900 0.000 0.089
174500 0.011 0.900 0.000 0.089
175000 0.011 0.900 0.000 0.089
175500 0.011 0.900 0.000 0.089
176000 0.011 0.900 0.000 0.089
176500 0.011 0.900 0.000 0.089
177000 0.011 0.900 0.000 0.089
177500 0.011 0.900 0.000 0.089
178000 0.011 0.900 0.000 0.089
178500 0.011 0.900 0.000 0.089
179000 0.011 0.900 0.000 0.089
179500 0.011 0.900 0.000 0.089
180000 0.011 0.900 0.000 0.089
180500 0.011 0.900 0.000 0.089
181000 0.011 0.900 0.000 0.089
181500 0.011 0.900 0.000 0.089
182000 0.011 0.900 0.000 0.089
182500 0.011 0.900 0.000 0.089
183000 0.011 0.900 0.000 0.089
183500 0.011 0.900 0.000 0.089
184000 0.011 0.900 0.000 0.089
184500 0.011 0.900 0.000 0.089
185000 0.011 0.900 0.000 0.089
185500 0.011 0.900 0.000 0.089
186000 0.011 0.900 0.000 0.089
186500 0.011 0.900 0.000 0.089
187000 0.011 0.900 0.000 0.089
187500 0.011 0.900 0.000 0.089
188000 0.011 0.900 0.000 0.089
188500 0.011 0.900 0.000 0.089
189000 0.011 0.900 0.000 0.089
189500 0.011 0.900 0.000 0.089
190000 0.011 0.900 0.000 0.089
190500 0.011 0.900 0.000 0.089
191000 0.011 0.900 0.000 0.089
191500 0.011 0.900 0.000 0.089
192000 0.011 0.900 0.000 0.089
192500 0.011 0.900 0.000 0.089
193000 0.011 0.900 0.000 0.089
193500 0.011 0.900 0.000 0.089
194000 0.011 0.900 0.000 0.089
194500 0.011 0.900 0.000 0.089
195000 0.011 0.900 0.000 0.089
195500 0.011 0.900 0.000 0.089
196000 0.011 0.900 0.000 0.089
196500 0.011 0.900 0.000 0.089
197000 0.011 0.900 0.000 0.089
197500 0.011 0.900 0.000 0.089
198000 0.011 0.900 0.000 0.089
198500 0.011 0.900 0.000 0.089
199000 0.011 0.900 0.000 0.089
199500 0.011 0.900 0.000 0.089
200000 0.011 0.900 0.000 0.089
200500 0.011 0.900 0.000 0.089
201000 0.011 0.900 0.000 0.089
201500 0.011 0.900 0.000 0.089
202000 0.011 0.900 0.000 0.089
202500 0.011 0.900 0.000 0.089
203000 0.011 0.900 0.000 0.089
203500 0.011 0.900 0.000 0.089
204000 0.011 0.900 0.000 0.089
204500 0.011 0.900 0.000 0.089
205000 0.011 0.900 0.000 0.089
205500 0.011 0.900 0.000 0.089
206000 0.011 0.900 0.000 0.089
206500 0.011 0.900 0.000 0.089
207000 0.011 0.900 0.000 0.089
207500 0.011 0.900 0.000 0.089
208000 0.011 0.900 0.000 0.089
208500 0.011 0.900 0.000 0.089
209000 0.011 0.900 0.000 0.089
209500 0.011 0.900 0.000 0.089
210000 0.011 0.900 0.000 0.089
210500 0.011 0.900 0.000 0.089
211000 0.011 0.900 0.000 0.089
211500 0.011 0.900 0.000 0.089
212000 0.011 0.900 0.000 0.089
212500 0.011 0.900 0.000 0.089
213000 0.011 0.900 0.000 0.089
213500 0.011 0.900 0.000 0.089
214000 0.011 0.900 0.000 0.089
214500 0.011 0.900 0.000 0.089
215000 0.011 0.900 0.000 0.089
215500 0.011 0.900 0.000 0.089
216000 0.011 0.900 0.000 0.089
216500 0.011 0.900 0.000 0.089
217000 0.011 0.900 0.000 0.089
217500 0.011 0.900 0.000 0.089
218000 0.011 0.900 0.000 0.089
218500 0.011 0.900 0.000 0.089
219000 0.011 0.900 0.000 0.089
219500 0.011 0.900 0.000 0.089
220000 0.011 0.900 0.000 0.089
220500 0.011 0.900 0.000 0.089
221000 0.011 0.900 0.000 0.089
221500 0.011 0.900 0.000 0.089
222000 0.011 0.900 0.000 0.089
222500 0.011 0.900 0.000 0.089
223000 0.011 0.900 0.000 0.089
223500 0.011 0.900 0.000 0.089
224000 0.011 0.900 0.000 0.089
224500 0.011 0.900 0.000 0.089
225000 0.011 0.900 0.000 0.089
225500 0.011 0.900 0.000 0.089
226000 0.011 0.900 0.000 0.089
226500 0.011 0.900 0.000 0.089
227000 0.011 0.900 0.000 0.089
227500 0.011 0.900 0.000 0.089
228000 0.011 0.900 0.000 0.089
228500 0.011 0.900 0.000 0.089
229000 0.011 0.900 0.000 0.089
229500 0.011 0.900 0.000 0.089
230000 0.011 0.900 0.000 0.089
230500 0.011 0.900 0.000 0.089
231000 0.011 0.900 0.000 0.089
231500 0.011 0.900 0.000 0.089
232000 0.011 0.900 0.000 0.089
232500 0.011 0.900 0.000 0.089
233000 0.011 0.900 0.000 0.089
233500 0.011 0.900 0.000 0.089
234000 0.011 0.900 0.000 0.089
234500 0.011 0.900 0.000 0.089
235000 0.011 0.900 0.000 0.089
235500 0.011 0.900 0.000 0.089
236000 0.011 0.900 0.000 0.089
236500 0.011 0.900 0.000 0.089
237000 0.011 0.900 0.000 0.089
237500 0.011 0.900 0.000 0.089
238000 0.011 0.900 0.000 0.089
238500 0.011 0.900 0.000 0.089
239000 0.011 0.900 0.000 0.089
239500 0.011 0.900 0.000 0.089
240000 0.011 0.900 0.000 0.089
240500 0.011 0.900 0.000 0.089
241000 0.011 0.900 0.000 0.089
241500 0.011 0.900 0.000 0.089
242000 0.011 0.900 0.000 0.089
242500 0.011 0.900 0.000 0.089
243000 0.011 0.900 0.000 0.089
243500 0.011 0.900 0.000 0.089
244000 0.011 0.900 0.000 0.089
244500 0.011 0.900 0.000 0.089
245000 0.011 0.900 0.000 0.089
245500 0.011 0.900 0.000 0.089
246000 0.011 0.900 0.000 0.089
246500 0.011 0.900 0.000 0.089
247000 0.011 0.900 0.000 0.089
247500 0.011 0.900 0.000 0.089
248000 0.011 0.900 0.000 0.089
248500 0.011 0.900 0.000 0.089
249000 0.011 0.900 0.000 0.089
249500 0.011 0.900 0.000 0.089
250000 0.011 0.900 0.000 0.089
250500 0.011 0.900 0.000 0.089
251000 0.011 0.900 0.000 0.089
251500 0.011 0.900 0.000 0.089
252000 0.011 0.900 0.000 0.089
252500 0.011 0.900 0.000 0.089
253000 0.011 0.900 0.000 0.089
253500 0.011 0.900 0.000 0.089
254000 0.011 0.900 0.000 0.089
254500 0.011 0.900 0.000 0.089
255000 0.011 0.900 0.000 0.089
255500 0.011 0.900 0.000 0.089
256000 0.011 0.900 0.000 0.089
256500 0.011 0.900 0.000 0.089
257000 0.011 0.900 0.000 0.089
257500 0.011 0.900 0.000 0.089
258000 0.011 0.900 0.000 0.089
258500 0.011 0.900 0.000 0.089
259000 0.011 0.900 0.000 0.089
259500 0.011 0.900 0.000 0.089
260000 0.011 0.900 0.000 0.089
260500 0.011 0.900 0.000 0.089
261000 0.011 0.900 0.000 0.089
261500 0.011 0.900 0.000 0.089
262000 0.011 0.900 0.000 0.089
262500 0.011 0.900 0.000 0.089
263000 0.011 0.900 0.000 0.089
263500 0.011 0.900 0.000 0.089
264000 0.011 0.900 0.000 0.089
264500 0.011 0.900 0.000 0.089
265000 0.011 0.900 0.000 0.089
265500 0.011 0.900 0.000 0.089
266000 0.011 0.900 0.000 0.089
266500 0.011 0.900 0.000 0.089
267000 0.011 0.900 0.000 0.089
267500 0.011 0.900 0.000 0.089
268000 0.011 0.900 0.000 0.089
268500 0.011 0.900 0.000 0.089
269000 0.011 0.900 0.000 0.089
269500 0.011 0.900 0.000 0.089
270000 0.011 0.900 0.000 0.089
270500 0.011 0.900 0.000 0.089
271000 0.011 0.900 0.000 0.089
271500 0.011 0.900 0.000 0.089
272000 0.011 0.900 0.000 0.089
272500 0.011 0.900 0.000 0.089
273000 0.011 0.900 0.000 0.089
273500 0.011 0.900 0.000 0.089
274000 0.011 0.900 0.000 0.089
274500 0.011 0.900 0.000 0.089
275000 0.011 0.900 0.000 0.089
275500 0.011 0.900 0.000 0.089
276000 0.011 0.900 0.000 0.089
276500 0.011 0.900 0.000 0.089
277000 0.011 0.900 0.000 0.089
277500 0.011 0.900 0.000 0.089
278000 0.011 0.900 0.000 0.089
278500 0.011 0.900 0.000 0.089
279000 0.011 0.900 0.000 0.089
279500 0.011 0.900 0.000 0.089
280000 0.011 0.900 0.000 0.089
280500 0.011 0.900 0.000 0.089
281000 0.011 0.900 0.000 0.089
281500 0.011 0.900 0.000 0.089
282000 0.011 0.900 0.000 0.089
282500 0.011 0.900 0.000 0.089
283000 0.011 0.900 0.000 0.089
283500 0.011 0.900 0.000 0.089
284000 0.011 0.900 0.000 0.089
284500 0.011 0.900 0.000 0.089
285000 0.011 0.900 0.000 0.089
285500 0.011 0.900 0.000 0.089
286000 0.011 0.900 0.000 0.089
286500 0.011 0.900 0.000 0.089
287000 0.011 0.900 0.000 0.089
287500 0.011 0.900 0.000 0.089
288000 0.011 0.900 0.000 0.089
288500 0.011 0.900 0.000 0.089
289000 0.011 0.900 0.000 0.089
289500 0.011 0.900 0.000 0.089
290000 0.011 0.900 0.000 0.089
290500 0.011 0.900 0.000 0.089
291000 0.011 0.900 0.000 0.089
291500 0.011 0.900 0.000 0.089
292000 0.011 0.900 0.000 0.089
292500 0.011 0.900 0.000 0.089
293000 0.011 0.900 0.000 0.089
293500 0.011 0.900 0.000 0.089
294000 0.011 0.900 0.000 0.089
294500 0.011 0.900 0.000 0.089
295000 0.011 0.900 0.000 0.089
295500 0.011 0.900 0.000 0.089
296000 0.011 0.900 0.000 0.089
296500 0.011 0.900 0.000 0.089
297000 0.011 0.900 0.000 0.089
297500 0.011 0.900 0.000 0.089
298000 0.011 0.900 0.000 0.089
298500 0.011 0.900 0.000 0.089
299000 0.011 0.900 0.000 0.089
299500 0.011 0.900 0.000 0.089
300000 0.011 0.900 0.000 0.089
300500 0.011 0.900 0.000 0.089
301000 0.011 0.900 0.000 0.089
301500 0.011 0.900 0.000 0.089
302000 0.011 0.900 0.000 0.089
302500 0.011 0.900 0.000 0.089
303000 0.011 0.900 0.000 0.089
303500 0.011 0.900 0.000 0.089
304000 0.011 0.900 0.000 0.089
304500 0.011 0.900 0.000 0.089
305000 0.011 0.900 0.000 0.089
305500 0.011 0.900 0.000 0.089
306000 0.011 0.900 0.000 0.089
306500 0.011 0.900 0.000 0.089
307000 0.011 0.900 0.000 0.089
307500 0.011 0.900 0.000 0.089
308000 0.011 0.900 0.000 0.089
308500 0.011 0.900 0.000 0.089
309000 0.011 0.900 0.000 0.089
309500 0.011 0.900 0.000 0.089
310000 0.011 0.900 0.000 0.089
310500 0.011 0.900 0.000 0.089
311000 0.011 0.900 0.000 0.089
311500 0.011 0.900 0.000 0.089
312000 0.011 0.900 0.000 0.089
312500 0.011 0.900 0.000 0.089
313000 0.011 0.900 0.000 0.089
313500 0.011 0.900 0.000 0.089
314000 0.011 0.900 0.000 0.089
314500 0.011 0.900 0.000 0.089
315000 0.011 0.900 0.000 0.089
315500 0.011 0.900 0.000 0.089
316000 0.011 0.900 0.000 0.089
316500 0.011 0.900 0.000 0.089
317000 0.011 0.900 0.000 0.089
317500 0.011 0.900 0.000 0.089
318000 0.011 0.900 0.000 0.089
318500 0.011 0.900 0.000 0.089
319000 0.011 0.900 0.000 0.089
319500 0.011 0.900 0.000 0.089
320000 0.011 0.900 0.000 0.089
320500 0.011 0.900 0.000 0.089
321000 0.011 0.900 0.000 0.089
321500 0.011 0.900 0.000 0.089
322000 0.011 0.900 0.000 0.089
322500 0.011 0.900 0.000 0.089
323000 0.011 0.900 0.000 0.089
323500 0.011 0.900 0.000 0.089
324000 0.011 0.900 0.000 0.089
324500 0.011 0.900 0.000 0.089
325000 0.011 0.900 0.000 0.089
325500 0.011 0.900 0.000 0.089
326000 0.011 0.900 0.000 0.089
326500 0.011 0.900 0.000 0.089
327000 0.011 0.900 0.000 0.089
327500 0.011 0.900 0.000 0.089
328000 0.011 0.900 0.000 0.089
328500 0.011 0.900 0.000 0.089
329000 0.011 0.900 0.000 0.089
329500 0.011 0.900 0.000 0.089
330000 0.011 0.900 0.000 0.089
330500 0.011 0.900 0.000 0.089
331000 0.011 0.900 0.000 0.089
331500 0.011 0.900 0.000 0.089
332000 0.011 0.900 0.000 0.089
332500 0.011 0.900 0.000 0.089
333000 0.011 0.900 0.000 0.089
333500 0.011 0.900 0.000 0.089
334000 0.011 0.900 0.000 0.089
334500 0.011 0.900 0.000 0.089
335000 0.011 0.900 0.000 0.089
335500 0.011 0.900 0.000 0.089
336000 0.011 0.900 0.000 0.089
336500 0.011 0.900 0.000 0.089
337000 0.011 0.900 0.000 0.089
337500 0.011 0.900 0.000 0.089
338000 0.011 0.900 0.000 0.089
338500 0.011 0.900 0.000 0.089
339000 0.011 0.900 0.000 0.089
339500 0.011 0.900 0.000 0.089
340000 0.011 0.900 0.000 0.089
340500 0.011 0.900 0.000 0.089
341000 0.011 0.900 0.000 0.089
341500 0.011 0.900 0.000 0.089
342000 0.011 0.900 0.000 0.089
342500 0.011 0.900 0.000 0.089
343000 0.011 0.900 0.000 0.089
343500 0.011 0.900 0.000 0.089
344000 0.011 0.900 0.000 0.089
344500 0.011 0.900 0.000 0.089
345000 0.011 0.900 0.000 0.089
345500 0.011 0.900 0.000 0.089
346000 0.011 0.900 0.000 0.089
346500 0.011 0.900 0.000 0.089
347000 0.011 0.900 0.000 0.089
347500 0.011 0.900 0.000 0.089
348000 0.011 0.900 0.000 0.089
348500 0.011 0.900 0.000 0.089
349000 0.011 0.900 0.000 0.089
349500 0.011 0.900 0.000 0.089
350000 0.011 0.900 0.000 0.089
350500 0.011 0.900 0.000 0.089
351000 0.011 0.900 0.000 0.089
351500 0.011 0.900 0.000 0.089
352000 0.011 0.900 0.000 0.089
352500 0.011 0.900 0.000 0.089
353000 0.011 0.900 0.000 0.089
353500 0.011 0.900 0.000 0.089
354000 0.011 0.900 0.000 0.089
354500 0.011 0.900 0.000 0.089
355000 0.011 0.900 0.000 0.089
355500 0.011 0.900 0.000 0.089
356000 0.011 0.900 0.000 0.089
356500 0.011 0.900 0.000 0.089
357000 0.011 0.900 0.000 0.089
357500 0.011 0.900 0.000 0.089
358000 0.011 0.900 0.000 0.089
358500 0.011 0.900 0.000 0.089
359000 0.011 0.900 0.000 0.089
359500 0.011 0.900 0.000 0.089
360000 0.011 0.900 0.000 0.089
360500 0.011 0.900 0.000 0.089
361000 0.011 0.900 0.000 0.089
361500 0.011 0.900 0.000 0.089
362000 0.011 0.900 0.000 0.089
362500 0.011 0.900 0.000 0.089
363000 0.011 0.900 0.000 0.089
363500 0.011 0.900 0.000 0.089
364000 0.011 0.900 0.000 0.089
364500 0.011 0.900 0.000 0.089
365000 0.011 0.900 0.000 0.089
365500 0.011 0.900 0.000 0.089
366000 0.011 0.900 0.000 0.089
366500 0.011 0.900 0.000 0.089
367000 0.011 0.900 0.000 0.089
367500 0.011 0.900 0.000 0.089
368000 0.011 0.900 0.000 0.089
368500 0.011 0.900 0.000 0.089
369000 0.011 0.900 0.000 0.089
369500 0.011 0.900 0.000 0.089
370000 0.011 0.900 0.000 0.089
370500 0.011 0.900 0.000 0.089
371000 0.011 0.900 0.000 0.089
371500 0.011 0.900 0.000 0.089
372000 0.011 0.900 0.000 0.089
372500 0.011 0.900 0.000 0.089
373000 0.011 0.900 0.000 0.089
373500 0.011 0.900 0.000 0.089
374000 0.011 0.900 0.000 0.089
374500 0.011 0.900 0.000 0.089
375000 0.011 0.900 0.000 0.089
375500 0.011 0.900 0.000 0.089
376000 0.011 0.900 0.000 0.089
376500 0.011 0.900 0.000 0.089
377000 0.011 0.900 0.000 0.089
377500 0.011 0.900 0.000 0.089
378000 0.011 0.900 0.000 0.089
378500 0.011 0.900 0.000 0.089
379000 0.011 0.900 0.000 0.089
379500 0.011 0.900 0.000 0.089
380000 0.011 0.900 0.000 0.089
380500 0.011 0.900 0.000 0.089
381000 0.011 0.900 0.000 0.089
381500 0.011 0.900 0.000 0.089
382000 0.011 0.900 0.000 0.089
382500 0.011 0.900 0.000 0.089
383000 0.011 0.900 0.000 0.089
383500 0.011 0.900 0.000 0.089
384000 0.011 0.900 0.000 0.089
384500 0.011 0.900 0.000 0.089
385000 0.011 0.900 0.000 0.089
385500 0.011 0.900 0.000 0.089
386000 0.011 0.900 0.000 0.089
386500 0.011 0.900 0.000 0.089
387000 0.011 0.900 0.000 0.089
387500 0.011 0.900 0.000 0.089
388000 0.011 0.900 0.000 0.089
388500 0.011 0.900 0.000 0.089
389000 0.011 0.900 0.000 0.089
389500 0.011 0.900 0.000 0.089
390000 0.011 0.900 0.000 0.089
390500 0.011 0.900 0.000 0.089
391000 0.011 0.900 0.000 0.089
391500 0.011 0.900 0.000 0.089
392000 0.011 0.900 0.000 0.089
392500 0.011 0.900 0.000 0.089
393000 0.011 0.900 0.000 0.089
393500 0.011 0.900 0.000 0.089
394000 0.011 0.900 0.000 0.089
394500 0.011 0.900 0.000 0.089
395000 0.011 0.900 0.000 0.089
395500 0.011 0.900 0.000 0.089
396000 0.011 0.900 0.000 0.089
396500 0.011 0.900 0.000 0.089
397000 0.011 0.900 0.000 0.089
397500 0.011 0.900 0.000 0.089
398000 0.011 0.900 0.000 0.089
398500 0.011 0.900 0.000 0.089
399000 0.011 0.900 0.000 0.089
399500 0.011 0.900 0.000 0.089
400000 0.011 0.900 0.000 0.089
400500 0.011 0.900 0.000 0.089
401000 0.011 0.900 0.000 0.089
401500 0.011 0.900 0.000 0.089
402000 0.011 0.900 0.000 0.089
402500 0.011 0.900 0.000 0.089
403000 0.011 0.900 0.000 0.089
403500 0.011 0.900 0.000 0.089
404000 0.011 0.900 0.000 0.089
404500 0.011 0.900 0.000 0.089
405000 0.011 0.900 0.000 0.089
405500 0.011 0.900 0.000 0.089
406000 0.011 0.900 0.000 0.089
406500 0.011 0.900 0.000 0.089
407000 0.011 0.900 0.000 0.089
407500 0.011 0.900 0.000 0.089
408000 0.011 0.900 0.000 0.089
408500 0.011 0.900 0.000 0.089
409000 0.011 0.900 0.000 0.089
409500 0.011 0.900 0.000 0.089
410000 0.011 0.900 0.000 0.089
410500 0.011 0.900 0.000 0.089
411000 0.011 0.900 0.000 0.089
411500 0.011 0.900 0.000 0.089
412000 0.011 0.900 0.000 0.089
412500 0.011 0.900 0.000 0.089
413000 0.011 0.900 0.000 0.089
413500 0.011 0.900 0.000 0.089
414000 0.011 0.900 0.000 0.089
414500 0.011 0.900 0.000 0.089
415000 0.011 0.900 0.000 0.089
415500 0.011 0.900 0.000 0.089
416000 0.011 0.900 0.000 0.089
416500 0.011 0.900 0.000 0.089
417000 0.011 0.900 0.000 0.089
417500 0.011 0.900 0.000 0.089
418000 0.011 0.900 0.000 0.089
418500 0.011 0.900 0.000 0.089
419000 0.011 0.900 0.000 0.089
419500 0.011 0.900 0.000 0.089
420000 0.011 0.900 0.000 0.089
420500 0.011 0.900 0.000 0.089
421000 0.011 0.900 0.000 0.089
421500 0.011 0.900 0.000 0.089
422000 0.011 0.900 0.000 0.089
422500 0.011 0.900 0.000 0.089
423000 0.011 0.900 0.000 0.089
423500 0.011 0.900 0.000 0.089
424000 0.011 0.900 0.000 0.089
424500 0.011 0.900 0.000 0.089
425000 0.011 0.900 0.000 0.089
425500 0.011 0.900 0.000 0.089
426000 0.011 0.900 0.000 0.089
426500 0.011 0.900 0.000 0.089
427000 0.011 0.900 0.000 0.089
427500 0.011 0.900 0.000 0.089
428000 0.011 0.900 0.000 0.089
428500 0.011 0.900 0.000 0.089
429000 0.011 0.900 0.000 0.089
429500 0.011 0.900 0.000 0.089
430000 0.011 0.900 0.000 0.089
430500 0.011 0.900 0.000 0.089
431000 0.011 0.900 0.000 0.089
431500 0.011 0.900 0.000 0.089
432000 0.011 0.900 0.000 0.089
432500 0.011 0.900 0.000 0.089
433000 0.011 0.900 0.000 0.089
433500 0.011 0.900 0.000 0.089
434000 0.011 0.900 0.000 0.089
434500 0.011 0.900 0.000 0.089
435000 0.011 0.900 0.000 0.089
435500 0.011 0.900 0.000 0.089
436000 0.011 0.900 0.000 0.089
436500 0.011 0.900 0.000 0.089
437000 0.011 0.900 0.000 0.089
437500 0.011 0.900 0.000 0.089
438000 0.011 0.900 0.000 0.089
438500 0.011 0.900 0.000 0.089
439000 0.011 0.900 0.000 0.089
439500 0.011 0.900 0.000 0.089
440000 0.011 0.900 0.000 0.089
440500 0.011 0.900 0.000 0.089
441000 0.011 0.900 0.000 0.089
441500 0.011 0.900 0.000 0.089
442000 0.011 0.900 0.000 0.089
442500 0.011 0.900 0.000 0.089
443000 0.011 0.900 0.000 0.089
443500 0.011 0.900 0.000 0.089
444000 0.011 0.900 0.000 0.089
444500 0.011 0.900 0.000 0.089
445000 0.011 0.900 0.000 0.089
445500 0.011 0.900 0.000 0.089
446000 0.011 0.900 0.000 0.089
446500 0.011 0.900 0.000 0.089
447000 0.011 0.900 0.000 0.089
447500 0.011 0.900 0.000 0.089
448000 0.011 0.900 0.000 0.089
448500 0.011 0.900 0.000 0.089
449000 0.011 0.900 0.000 0.089
449500 0.011 0.900 0.000 0.089
450000 0.011 0.900 0.000 0.089
450500 0.011 0.900 0.000 0.089
451000 0.011 0.900 0.000 0.089
451500 0.011 0.900 0.000 0.089
452000 0.011 0.900 0.000 0.089
452500 0.011 0.900 0.000 0.089
453000 0.011 0.900 0.000 0.089
453500 0.011 0.900 0.000 0.089
454000 0.011 0.900 0.000 0.089
454500 0.011 0.900 0.000 0.089
455000 0.011 0.900 0.000 0.089
455500 0.011 0.900 0.000 0.089
456000 0.011 0.900 0.000 0.089
456500 0.011 0.900 0.000 0.089
457000 0.011 0.900 0.000 0.089
457500 0.011 0.900 0.000 0.089
458000 0.011 0.900 0.000 0.089
458500 0.011 0.900 0.000 0.089
459000 0.011 0.900 0.000 0.089
459500 0.011 0.900 0.000 0.089
460000 0.011 0.900 0.000 0.089
460500 0.011 0.900 0.000 0.089
461000 0.011 0.900 0.000 0.089
461500 0.011 0.900 0.000 0.089
462000 0.011 0.900 0.000 0.089
462500 0.011 0.900 0.000 0.089
463000 0.011 0.900 0.000 0.089
463500 0.011 0.900 0.000 0.089
464000 0.011 0.900 0.000 0.089
464500 0.011 0.900 0.000 0.089
465000 0.011 0.900 0.000 0.089
465500 0.011 0.900 0.000 0.089
466000 0.011 0.900 0.000 0.089
466500 0.011 0.900 0.000 0.089
467000 0.011 0.900 0.000 0.089
467500 0.011 0.900 0.000 0.089
468000 0.011 0.900 0.000 0.089
468500 0.011 0.900 0.000 0.089
469000 0.011 0.900 0.000 0.089
469500 0.011 0.900 0.000 0.089
470000 0.011 0.900 0.000 0.089
470500 0.011 0.900 0.000 0.089
471000 0.011 0.900 0.000 0.089
471500 0.011 0.900 0.000 0.089
472000 0.011 0.900 0.000 0.089
472500 0.011 0.900 0.000 0.089
473000 0.011 0.900 0.000 0.089
473500 0.011 0.900 0.000 0.089
474000 0.011 0.900 0.000 0.089
474500 0.011 0.900 0.000 0.089
475000 0.011 0.900 0.000 0.089
475500 0.011 0.900 0.000 0.089
476000 0.011 0.900 0.000 0.089
476500 0.011 0.900 0.000 0.089
477000 0.011 0.900 0.000 0.089
477500 0.011 0.900 0.000 0.089
478000 0.011 0.900 0.000 0.089
478500 0.011 0.900 0.000 0.089
479000 0.011 0.900 0.000 0.089
479500 0.011 0.900 0.000 0.089
480000 0.011 0.900 0.000 0.089
480500 0.011 0.900 0.000 0.089
481000 0.011 0.900 0.000 0.089
481500 0.011 0.900 0.000 0.089
482000 0.011 0.900 0.000 0.089
482500 0.011 0.900 0.000 0.089
483000 0.011 0.900 0.000 0.089
483500 0.011 0.900 0.000 0.089
484000 0.011 0.900 0.000 0.089
484500 0.011 0.900 0.000 0.089
485000 0.011 0.900 0.000 0.089
485500 0.011 0.900 0.000 0.089
486000 0.011 0.900 0.000 0.089
486500 0.011 0.900 0.000 0.089
487000 0.011 0.900 0.000 0.089
487500 0.011 0.900 0.000 0.089
488000 0.011 0.900 0.000 0.089
488500 0.011 0.900 0.000 0.089
489000 0.011 0.900 0.000 0.089
489500 0.011 0.900 0.000 0.089
490000 0.011 0.900 0.000 0.089
490500 0.011 0.900 0.000 0.089
491000 0.011 0.900 0.000 0.089
491500 0.011 0.900 0.000 0.089
492000 0.011 0.900 0.000 0.089
492500 0.011 0.900 0.000 0.089
493000 0.011 0.900 0.000 0.089
493500 0.011 0.900 0.000 0.089
494000 0.011 0.900 0.000 0.089
494500 0.011 0.900 0.000 0.089
495000 0.011 0.900 0.000 0.089
495500 0.011 0.900 0.000 0.089
496000 0.011 0.900 0.000 0.089
496500 0.011 0.900 0.000 0.089
497000 0.011 0.900 0.000 0.089
497500 0.011 0.900 0.000 0.089
498000 0.011 0.900 0.000 0.089
498500 0.011 0.900 0.000 0.089
499000 0.011 0.900 0.000 0.089
499500 0.011 0.900 0.000 0.089
500000 0.011 0.900 0.000 0.089
