000000 0.250 0.250 0.250 0.250
000500 0.864 0.033 0.000 0.103
001000 0.863 0.035 0.000 0.103
001500 0.866 0.032 0.000 0.103
002000 0.867 0.031 0.000 0.103
002500 0.865 0.032 0.000 0.102
003000 0.867 0.031 0.000 0.102
003500 0.866 0.032 0.000 0.102
004000 0.864 0.034 0.000 0.102
004500 0.864 0.034 0.000 0.102
005000 0.865 0.033 0.000 0.102
005500 0.863 0.035 0.000 0.101
006000 0.864 0.034 0.000 0.101
006500 0.865 0.034 0.000 0.101
007000 0.864 0.034 0.000 0.101
007500 0.866 0.032 0.000 0.101
008000 0.867 0.032 0.000 0.101
008500 0.865 0.034 0.000 0.101
009000 0.866 0.033 0.000 0.101
009500 0.866 0.033 0.000 0.101
010000 0.867 0.031 0.000 0.101
010500 0.866 0.033 0.000 0.101
011000 0.865 0.034 0.000 0.101
011500 0.864 0.035 0.000 0.101
012000 0.863 0.036 0.000 0.101
012500 0.862 0.038 0.000 0.101
013000 0.863 0.036 0.000 0.101
013500 0.862 0.038 0.000 0.101
014000 0.863 0.036 0.000 0.101
014500 0.864 0.036 0.000 0.101
015000 0.862 0.038 0.000 0.101
015500 0.864 0.035 0.000 0.101
016000 0.863 0.036 0.000 0.100
016500 0.863 0.036 0.000 0.101
017000 0.862 0.037 0.000 0.101
017500 0.865 0.035 0.000 0.101
018000 0.864 0.036 0.000 0.101
018500 0.864 0.036 0.000 0.101
019000 0.864 0.036 0.000 0.101
019500 0.864 0.036 0.000 0.101
020000 0.864 0.036 0.000 0.101
020500 0.864 0.036 0.000 0.101
021000 0.864 0.036 0.000 0.101
021500 0.864 0.036 0.000 0.101
022000 0.864 0.036 0.000 0.101
022500 0.864 0.036 0.000 0.101
023000 0.864 0.036 0.000 0.101
023500 0.864 0.036 0.000 0.101
024000 0.864 0.036 0.000 0.101
024500 0.864 0.036 0.000 0.101
025000 0.864 0.036 0.000 0.101
025500 0.864 0.036 0.000 0.101
026000 0.864 0.036 0.000 0.101
026500 0.864 0.036 0.000 0.101
027000 0.864 0.036 0.000 0.101
027500 0.864 0.036 0.000 0.101
028000 0.864 0.036 0.000 0.101
028500 0.864 0.036 0.000 0.101
029000 0.864 0.036 0.000 0.101
029500 0.864 0.036 0.000 0.101
030000 0.864 0.036 0.000 0.101
030500 0.864 0.036 0.000 0.101
031000 0.864 0.036 0.000 0.101
031500 0.864 0.036 0.000 0.101
032000 0.864 0.036 0.000 0.101
032500 0.864 0.036 0.000 0.101
033000 0.864 0.036 0.000 0.101
033500 0.864 0.036 0.000 0.101
034000 0.864 0.036 0.000 0.101
034500 0.864 0.036 0.000 0.101
035000 0.864 0.036 0.000 0.101
035500 0.864 0.036 0.000 0.101
036000 0.864 0.036 0.000 0.101
036500 0.864 0.036 0.000 0.101
037000 0.864 0.036 0.000 0.101
037500 0.864 0.036 0.000 0.101
038000 0.864 0.036 0.000 0.101
038500 0.864 0.036 0.000 0.101
039000 0.864 0.036 0.000 0.101
039500 0.864 0.036 0.000 0.101
040000 0.864 0.036 0.000 0.101
040500 0.864 0.036 0.000 0.101
041000 0.864 0.036 0.000 0.101
041500 0.864 0.036 0.000 0.101
042000 0.864 0.036 0.000 0.101
042500 0.864 0.036 0.000 0.101
043000 0.864 0.036 0.000 0.101
043500 0.864 0.036 0.000 0.101
044000 0.864 0.036 0.000 0.101
044500 0.864 0.036 0.000 0.101
045000 0.864 0.036 0.000 0.101
045500 0.864 0.036 0.000 0.101
046000 0.864 0.036 0.000 0.101
046500 0.864 0.036 0.000 0.101
047000 0.864 0.036 0.000 0.101
047500 0.864 0.036 0.000 0.101
048000 0.864 0.036 0.000 0.101
048500 0.864 0.036 0.000 0.101
049000 0.864 0.036 0.000 0.101
049500 0.864 0.036 0.000 0.101
050000 0.864 0.036 0.000 0.101
050500 0.864 0.036 0.000 0.101
051000 0.864 0.036 0.000 0.101
051500 0.864 0.036 0.000 0.101
052000 0.864 0.036 0.000 0.101
052500 0.864 0.036 0.000 0.101
053000 0.864 0.036 0.000 0.101
053500 0.864 0.036 0.000 0.101
054000 0.864 0.036 0.000 0.101
054500 0.864 0.036 0.000 0.101
055000 0.864 0.036 0.000 0.101
055500 0.864 0.036 0.000 0.101
056000 0.864 0.036 0.000 0.101
056500 0.864 0.036 0.000 0.101
057000 0.864 0.036 0.000 0.101
057500 0.864 0.036 0.000 0.101
058000 0.864 0.036 0.000 0.101
058500 0.864 0.036 0.000 0.101
059000 0.864 0.036 0.000 0.101
059500 0.864 0.036 0.000 0.101
060000 0.864 0.036 0.000 0.101
060500 0.864 0.036 0.000 0.101
061000 0.864 0.036 0.000 0.101
061500 0.864 0.036 0.000 0.101
062000 0.864 0.036 0.000 0.101
062500 0.864 0.036 0.000 0.101
063000 0.864 0.036 0.000 0.101
063500 0.864 0.036 0.000 0.101
064000 0.864 0.036 0.000 0.101
064500 0.864 0.036 0.000 0.101
065000 0.864 0.036 0.000 0.101
065500 0.864 0.036 0.000 0.101
066000 0.864 0.036 0.000 0.101
066500 0.864 0.036 0.000 0.101
067000 0.864 0.036 0.000 0.101
067500 0.864 0.036 0.000 0.101
068000 0.864 0.036 0.000 0.101
068500 0.864 0.036 0.000 0.101
069000 0.864 0.036 0.000 0.101
069500 0.864 0.036 0.000 0.101
070000 0.864 0.036 0.000 0.101
070500 0.864 0.036 0.000 0.101
071000 0.864 0.036 0.000 0.101
071500 0.864 0.036 0.000 0.101
072000 0.864 0.036 0.000 0.101
072500 0.864 0.036 0.000 0.101
073000 0.864 0.036 0.000 0.101
073500 0.864 0.036 0.000 0.101
074000 0.864 0.036 0.000 0.101
074500 0.864 0.036 0.000 0.101
075000 0.864 0.036 0.000 0.101
075500 0.864 0.036 0.000 0.101
076000 0.864 0.036 0.000 0.101
076500 0.864 0.036 0.000 0.101
077000 0.864 0.036 0.000 0.101
077500 0.864 0.036 0.000 0.101
078000 0.864 0.036 0.000 0.101
078500 0.864 0.036 0.000 0.101
079000 0.864 0.036 0.000 0.101
079500 0.864 0.036 0.000 0.101
080000 0.864 0.036 0.000 0.101
080500 0.864 0.036 0.000 0.101
081000 0.864 0.036 0.000 0.101
081500 0.864 0.036 0.000 0.101
082000 0.864 0.036 0.000 0.101
082500 0.864 0.036 0.000 0.101
083000 0.864 0.036 0.000 0.101
083500 0.864 0.036 0.000 0.101
084000 0.864 0.036 0.000 0.101
084500 0.864 0.036 0.000 0.101
085000 0.864 0.036 0.000 0.101
085500 0.864 0.036 0.000 0.101
086000 0.864 0.036 0.000 0.101
086500 0.864 0.036 0.000 0.101
087000 0.864 0.036 0.000 0.101
087500 0.864 0.036 0.000 0.101
088000 0.864 0.036 0.000 0.101
088500 0.864 0.036 0.000 0.101
089000 0.864 0.036 0.000 0.101
089500 0.864 0.036 0.000 0.101
090000 0.864 0.036 0.000 0.101
090500 0.864 0.036 0.000 0.101
091000 0.864 0.036 0.000 0.101
091500 0.864 0.036 0.000 0.101
092000 0.864 0.036 0.000 0.101
092500 0.864 0.036 0.000 0.101
093000 0.864 0.036 0.000 0.101
093500 0.864 0.036 0.000 0.101
094000 0.864 0.036 0.000 0.101
094500 0.864 0.036 0.000 0.101
095000 0.864 0.036 0.000 0.101
095500 0.864 0.036 0.000 0.101
096000 0.864 0.036 0.000 0.101
096500 0.864 0.036 0.000 0.101
097000 0.864 0.036 0.000 0.101
097500 0.864 0.036 0.000 0.101
098000 0.864 0.036 0.000 0.101
098500 0.864 0.036 0.000 0.101
099000 0.864 0.036 0.000 0.101
099500 0.864 0.036 0.000 0.101
100000 0.864 0.036 0.000 0.101
100500 0.864 0.036 0.000 0.101
101000 0.864 0.036 0.000 0.101
101500 0.864 0.036 0.000 0.101
102000 0.864 0.036 0.000 0.101
102500 0.864 0.036 0.000 0.101
103000 0.864 0.036 0.000 0.101
103500 0.864 0.036 0.000 0.101
104000 0.864 0.036 0.000 0.101
104500 0.864 0.036 0.000 0.101
105000 0.864 0.036 0.000 0.101
105500 0.864 0.036 0.000 0.101
106000 0.864 0.036 0.000 0.101
106500 0.864 0.036 0.000 0.101
107000 0.864 0.036 0.000 0.101
107500 0.864 0.036 0.000 0.101
108000 0.864 0.036 0.000 0.101
108500 0.864 0.036 0.000 0.101
109000 0.864 0.036 0.000 0.101
109500 0.864 0.036 0.000 0.101
110000 0.864 0.036 0.000 0.101
110500 0.864 0.036 0.000 0.101
111000 0.864 0.036 0.000 0.101
111500 0.864 0.036 0.000 0.101
112000 0.864 0.036 0.000 0.101
112500 0.864 0.036 0.000 0.101
113000 0.864 0.036 0.000 0.101
113500 0.864 0.036 0.000 0.101
114000 0.864 0.036 0.000 0.101
114500 0.864 0.036 0.000 0.101
115000 0.864 0.036 0.000 0.101
115500 0.864 0.036 0.000 0.101
116000 0.864 0.036 0.000 0.101
116500 0.864 0.036 0.000 0.101
117000 0.864 0.036 0.000 0.101
117500 0.864 0.036 0.000 0.101
118000 0.864 0.036 0.000 0.101
118500 0.864 0.036 0.000 0.101
119000 0.864 0.036 0.000 0.101
119500 0.864 0.036 0.000 0.101
120000 0.864 0.036 0.000 0.101
120500 0.864 0.036 0.000 0.101
121000 0.864 0.036 0.000 0.101
121500 0.864 0.036 0.000 0.101
122000 0.864 0.036 0.000 0.101
122500 0.864 0.036 0.000 0.101
123000 0.864 0.036 0.000 0.101
123500 0.864 0.036 0.000 0.101
124000 0.864 0.036 0.000 0.101
124500 0.864 0.036 0.000 0.101
125000 0.864 0.036 0.000 0.101
125500 0.864 0.036 0.000 0.101
126000 0.864 0.036 0.000 0.101
126500 0.864 0.036 0.000 0.101
127000 0.864 0.036 0.000 0.101
127500 0.864 0.036 0.000 0.101
128000 0.864 0.036 0.000 0.101
128500 0.864 0.036 0.000 0.101
129000 0.864 0.036 0.000 0.101
129500 0.864 0.036 0.000 0.101
130000 0.864 0.036 0.000 0.101
130500 0.864 0.036 0.000 0.101
131000 0.864 0.036 0.000 0.101
131500 0.864 0.036 0.000 0.101
132000 0.864 0.036 0.000 0.101
132500 0.864 0.036 0.000 0.101
133000 0.864 0.036 0.000 0.101
133500 0.864 0.036 0.000 0.101
134000 0.864 0.036 0.000 0.101
134500 0.864 0.036 0.000 0.101
135000 0.864 0.036 0.000 0.101
135500 0.864 0.036 0.000 0.101
136000 0.864 0.036 0.000 0.101
136500 0.864 0.036 0.000 0.101
137000 0.864 0.036 0.000 0.101
137500 0.864 0.036 0.000 0.101
138000 0.864 0.036 0.000 0.101
138500 0.864 0.036 0.000 0.101
139000 0.864 0.036 0.000 0.101
139500 0.864 0.036 0.000 0.101
140000 0.864 0.036 0.000 0.101
140500 0.864 0.036 0.000 0.101
141000 0.864 0.036 0.000 0.101
141500 0.864 0.036 0.000 0.101
142000 0.864 0.036 0.000 0.101
142500 0.864 0.036 0.000 0.101
143000 0.864 0.036 0.000 0.101
143500 0.864 0.036 0.000 0.101
144000 0.864 0.036 0.000 0.101
144500 0.864 0.036 0.000 0.101
145000 0.864 0.036 0.000 0.101
145500 0.864 0.036 0.000 0.101
146000 0.864 0.036 0.000 0.101
146500 0.864 0.036 0.000 0.101
147000 0.864 0.036 0.000 0.101
147500 0.864 0.036 0.000 0.101
148000 0.864 0.036 0.000 0.101
148500 0.864 0.036 0.000 0.101
149000 0.864 0.036 0.000 0.101
149500 0.864 0.036 0.000 0.101
150000 0.864 0.036 0.000 0.101
150500 0.864 0.036 0.000 0.101
151000 0.864 0.036 0.000 0.101
151500 0.864 0.036 0.000 0.101
152000 0.864 0.036 0.000 0.101
152500 0.864 0.036 0.000 0.101
153000 0.864 0.036 0.000 0.101
153500 0.864 0.036 0.000 0.101
154000 0.864 0.036 0.000 0.101
154500 0.864 0.036 0.000 0.101
155000 0.864 0.036 0.000 0.101
155500 0.864 0.036 0.000 0.101
156000 0.864 0.036 0.000 0.101
156500 0.864 0.036 0.000 0.101
157000 0.864 0.036 0.000 0.101
157500 0.864 0.036 0.000 0.101
158000 0.864 0.036 0.000 0.101
158500 0.864 0.036 0.000 0.101
159000 0.864 0.036 0.000 0.101
159500 0.864 0.036 0.000 0.101
160000 0.864 0.036 0.000 0.101
160500 0.864 0.036 0.000 0.101
161000 0.864 0.036 0.000 0.101
161500 0.864 0.036 0.000 0.101
162000 0.864 0.036 0.000 0.101
162500 0.864 0.036 0.000 0.101
163000 0.864 0.036 0.000 0.101
163500 0.864 0.036 0.000 0.101
164000 0.864 0.036 0.000 0.101
164500 0.864 0.036 0.000 0.101
165000 0.864 0.036 0.000 0.101
165500 0.864 0.036 0.000 0.101
166000 0.864 0.036 0.000 0.101
166500 0.864 0.036 0.000 0.101
167000 0.864 0.036 0.000 0.101
167500 0.864 0.036 0.000 0.101
168000 0.864 0.036 0.000 0.101
168500 0.864 0.036 0.000 0.101
169000 0.864 0.036 0.000 0.101
169500 0.864 0.036 0.000 0.101
170000 0.864 0.036 0.000 0.101
170500 0.864 0.036 0.000 0.101
171000 0.864 0.036 0.000 0.101
171500 0.864 0.036 0.000 0.101
172000 0.864 0.036 0.000 0.101
172500 0.864 0.036 0.000 0.101
173000 0.864 0.036 0.000 0.101
173500 0.864 0.036 0.000 0.101
174000 0.864 0.036 0.000 0.101
174500 0.864 0.036 0.000 0.101
175000 0.864 0.036 0.000 0.101
175500 0.864 0.036 0.000 0.101
176000 0.864 0.036 0.000 0.101
176500 0.864 0.036 0.000 0.101
177000 0.864 0.036 0.000 0.101
177500 0.864 0.036 0.000 0.101
178000 0.864 0.036 0.000 0.101
178500 0.864 0.036 0.000 0.101
179000 0.864 0.036 0.000 0.101
179500 0.864 0.036 0.000 0.101
180000 0.864 0.036 0.000 0.101
180500 0.864 0.036 0.000 0.101
181000 0.864 0.036 0.000 0.101
181500 0.864 0.036 0.000 0.101
182000 0.864 0.036 0.000 0.101
182500 0.864 0.036 0.000 0.101
183000 0.864 0.036 0.000 0.101
183500 0.864 0.036 0.000 0.101
184000 0.864 0.036 0.000 0.101
184500 0.864 0.036 0.000 0.101
185000 0.864 0.036 0.000 0.101
185500 0.864 0.036 0.000 0.101
186000 0.864 0.036 0.000 0.101
186500 0.864 0.036 0.000 0.101
187000 0.864 0.036 0.000 0.101
187500 0.864 0.036 0.000 0.101
188000 0.864 0.036 0.000 0.101
188500 0.864 0.036 0.000 0.101
189000 0.864 0.036 0.000 0.101
189500 0.864 0.036 0.000 0.101
190000 0.864 0.036 0.000 0.101
190500 0.864 0.036 0.000 0.101
191000 0.864 0.036 0.000 0.101
191500 0.864 0.036 0.000 0.101
192000 0.864 0.036 0.000 0.101
192500 0.864 0.036 0.000 0.101
193000 0.864 0.036 0.000 0.101
193500 0.864 0.036 0.000 0.101
194000 0.864 0.036 0.000 0.101
194500 0.864 0.036 0.000 0.101
195000 0.864 0.036 0.000 0.101
195500 0.864 0.036 0.000 0.101
196000 0.864 0.036 0.000 0.101
196500 0.864 0.036 0.000 0.101
197000 0.864 0.036 0.000 0.101
197500 0.864 0.036 0.000 0.101
198000 0.864 0.036 0.000 0.101
198500 0.864 0.036 0.000 0.101
199000 0.864 0.036 0.000 0.101
199500 0.864 0.036 0.000 0.101
200000 0.864 0.036 0.000 0.101
200500 0.864 0.036 0.000 0.101
201000 0.864 0.036 0.000 0.101
201500 0.864 0.036 0.000 0.101
202000 0.864 0.036 0.000 0.101
202500 0.864 0.036 0.000 0.101
203000 0.864 0.036 0.000 0.101
203500 0.864 0.036 0.000 0.101
204000 0.864 0.036 0.000 0.101
204500 0.864 0.036 0.000 0.101
205000 0.864 0.036 0.000 0.101
205500 0.864 0.036 0.000 0.101
206000 0.864 0.036 0.000 0.101
206500 0.864 0.036 0.000 0.101
207000 0.864 0.036 0.000 0.101
207500 0.864 0.036 0.000 0.101
208000 0.864 0.036 0.000 0.101
208500 0.864 0.036 0.000 0.101
209000 0.864 0.036 0.000 0.101
209500 0.864 0.036 0.000 0.101
210000 0.864 0.036 0.000 0.101
210500 0.864 0.036 0.000 0.101
211000 0.864 0.036 0.000 0.101
211500 0.864 0.036 0.000 0.101
212000 0.864 0.036 0.000 0.101
212500 0.864 0.036 0.000 0.101
213000 0.864 0.036 0.000 0.101
213500 0.864 0.036 0.000 0.101
214000 0.864 0.036 0.000 0.101
214500 0.864 0.036 0.000 0.101
215000 0.864 0.036 0.000 0.101
215500 0.864 0.036 0.000 0.101
216000 0.864 0.036 0.000 0.101
216500 0.864 0.036 0.000 0.101
217000 0.864 0.036 0.000 0.101
217500 0.864 0.036 0.000 0.101
218000 0.864 0.036 0.000 0.101
218500 0.864 0.036 0.000 0.101
219000 0.864 0.036 0.000 0.101
219500 0.864 0.036 0.000 0.101
220000 0.864 0.036 0.000 0.101
220500 0.864 0.036 0.000 0.101
221000 0.864 0.036 0.000 0.101
221500 0.864 0.036 0.000 0.101
222000 0.864 0.036 0.000 0.101
222500 0.864 0.036 0.000 0.101
223000 0.864 0.036 0.000 0.101
223500 0.864 0.036 0.000 0.101
224000 0.864 0.036 0.000 0.101
224500 0.864 0.036 0.000 0.101
225000 0.864 0.036 0.000 0.101
225500 0.864 0.036 0.000 0.101
226000 0.864 0.036 0.000 0.101
226500 0.864 0.036 0.000 0.101
227000 0.864 0.036 0.000 0.101
227500 0.864 0.036 0.000 0.101
228000 0.864 0.036 0.000 0.101
228500 0.864 0.036 0.000 0.101
229000 0.864 0.036 0.000 0.101
229500 0.864 0.036 0.000 0.101
230000 0.864 0.036 0.000 0.101
230500 0.864 0.036 0.000 0.101
231000 0.864 0.036 0.000 0.101
231500 0.864 0.036 0.000 0.101
232000 0.864 0.036 0.000 0.101
232500 0.864 0.036 0.000 0.101
233000 0.864 0.036 0.000 0.101
233500 0.864 0.036 0.000 0.101
234000 0.864 0.036 0.000 0.101
234500 0.864 0.036 0.000 0.101
235000 0.864 0.036 0.000 0.101
235500 0.864 0.036 0.000 0.101
236000 0.864 0.036 0.000 0.101
236500 0.864 0.036 0.000 0.101
237000 0.864 0.036 0.000 0.101
237500 0.864 0.036 0.000 0.101
238000 0.864 0.036 0.000 0.101
238500 0.864 0.036 0.000 0.101
239000 0.864 0.036 0.000 0.101
239500 0.864 0.036 0.000 0.101
240000 0.864 0.036 0.000 0.101
240500 0.864 0.036 0.000 0.101
241000 0.864 0.036 0.000 0.101
241500 0.864 0.036 0.000 0.101
242000 0.864 0.036 0.000 0.101
242500 0.864 0.036 0.000 0.101
243000 0.864 0.036 0.000 0.101
243500 0.864 0.036 0.000 0.101
244000 0.864 0.036 0.000 0.101
244500 0.864 0.036 0.000 0.101
245000 0.864 0.036 0.000 0.101
245500 0.864 0.036 0.000 0.101
246000 0.864 0.036 0.000 0.101
246500 0.864 0.036 0.000 0.101
247000 0.864 0.036 0.000 0.101
247500 0.864 0.036 0.000 0.101
248000 0.864 0.036 0.000 0.101
248500 0.864 0.036 0.000 0.101
249000 0.864 0.036 0.000 0.101
249500 0.864 0.036 0.000 0.101
250000 0.864 0.036 0.000 0.101
250500 0.864 0.036 0.000 0.101
251000 0.864 0.036 0.000 0.101
251500 0.864 0.036 0.000 0.101
252000 0.864 0.036 0.000 0.101
252500 0.864 0.036 0.000 0.101
253000 0.864 0.036 0.000 0.101
253500 0.864 0.036 0.000 0.101
254000 0.864 0.036 0.000 0.101
254500 0.864 0.036 0.000 0.101
255000 0.864 0.036 0.000 0.101
255500 0.864 0.036 0.000 0.101
256000 0.864 0.036 0.000 0.101
256500 0.864 0.036 0.000 0.101
257000 0.864 0.036 0.000 0.101
257500 0.864 0.036 0.000 0.101
258000 0.864 0.036 0.000 0.101
258500 0.864 0.036 0.000 0.101
259000 0.864 0.036 0.000 0.101
259500 0.864 0.036 0.000 0.101
260000 0.864 0.036 0.000 0.101
260500 0.864 0.036 0.000 0.101
261000 0.864 0.036 0.000 0.101
261500 0.864 0.036 0.000 0.101
262000 0.864 0.036 0.000 0.101
262500 0.864 0.036 0.000 0.101
263000 0.864 0.036 0.000 0.101
263500 0.864 0.036 0.000 0.101
264000 0.864 0.036 0.000 0.101
264500 0.864 0.036 0.000 0.101
265000 0.864 0.036 0.000 0.101
265500 0.864 0.036 0.000 0.101
266000 0.864 0.036 0.000 0.101
266500 0.864 0.036 0.000 0.101
267000 0.864 0.036 0.000 0.101
267500 0.864 0.036 0.000 0.101
268000 0.864 0.036 0.000 0.101
268500 0.864 0.036 0.000 0.101
269000 0.864 0.036 0.000 0.101
269500 0.864 0.036 0.000 0.101
270000 0.864 0.036 0.000 0.101
270500 0.864 0.036 0.000 0.101
271000 0.864 0.036 0.000 0.101
271500 0.864 0.036 0.000 0.101
272000 0.864 0.036 0.000 0.101
272500 0.864 0.036 0.000 0.101
273000 0.864 0.036 0.000 0.101
273500 0.864 0.036 0.000 0.101
274000 0.864 0.036 0.000 0.101
274500 0.864 0.036 0.000 0.101
275000 0.864 0.036 0.000 0.101
275500 0.864 0.036 0.000 0.101
276000 0.864 0.036 0.000 0.101
276500 0.864 0.036 0.000 0.101
277000 0.864 0.036 0.000 0.101
277500 0.864 0.036 0.000 0.101
278000 0.864 0.036 0.000 0.101
278500 0.864 0.036 0.000 0.101
279000 0.864 0.036 0.000 0.101
279500 0.864 0.036 0.000 0.101
280000 0.864 0.036 0.000 0.101
280500 0.864 0.036 0.000 0.101
281000 0.864 0.036 0.000 0.101
281500 0.864 0.036 0.000 0.101
282000 0.864 0.036 0.000 0.101
282500 0.864 0.036 0.000 0.101
283000 0.864 0.036 0.000 0.101
283500 0.864 0.036 0.000 0.101
284000 0.864 0.036 0.000 0.101
284500 0.864 0.036 0.000 0.101
285000 0.864 0.036 0.000 0.101
285500 0.864 0.036 0.000 0.101
286000 0.864 0.036 0.000 0.101
286500 0.864 0.036 0.000 0.101
287000 0.864 0.036 0.000 0.101
287500 0.864 0.036 0.000 0.101
288000 0.864 0.036 0.000 0.101
288500 0.864 0.036 0.000 0.101
289000 0.864 0.036 0.000 0.101
289500 0.864 0.036 0.000 0.101
290000 0.864 0.036 0.000 0.101
290500 0.864 0.036 0.000 0.101
291000 0.864 0.036 0.000 0.101
291500 0.864 0.036 0.000 0.101
292000 0.864 0.036 0.000 0.101
292500 0.864 0.036 0.000 0.101
293000 0.864 0.036 0.000 0.101
293500 0.864 0.036 0.000 0.101
294000 0.864 0.036 0.000 0.101
294500 0.864 0.036 0.000 0.101
295000 0.864 0.036 0.000 0.101
295500 0.864 0.036 0.000 0.101
296000 0.864 0.036 0.000 0.101
296500 0.864 0.036 0.000 0.101
297000 0.864 0.036 0.000 0.101
297500 0.864 0.036 0.000 0.101
298000 0.864 0.036 0.000 0.101
298500 0.864 0.036 0.000 0.101
299000 0.864 0.036 0.000 0.101
299500 0.864 0.036 0.000 0.101
300000 0.864 0.036 0.000 0.101
300500 0.864 0.036 0.000 0.101
301000 0.864 0.036 0.000 0.101
301500 0.864 0.036 0.000 0.101
302000 0.864 0.036 0.000 0.101
302500 0.864 0.036 0.000 0.101
303000 0.864 0.036 0.000 0.101
303500 0.864 0.036 0.000 0.101
304000 0.864 0.036 0.000 0.101
304500 0.864 0.036 0.000 0.101
305000 0.864 0.036 0.000 0.101
305500 0.864 0.036 0.000 0.101
306000 0.864 0.036 0.000 0.101
306500 0.864 0.036 0.000 0.101
307000 0.864 0.036 0.000 0.101
307500 0.864 0.036 0.000 0.101
308000 0.864 0.036 0.000 0.101
308500 0.864 0.036 0.000 0.101
309000 0.864 0.036 0.000 0.101
309500 0.864 0.036 0.000 0.101
310000 0.864 0.036 0.000 0.101
310500 0.864 0.036 0.000 0.101
311000 0.864 0.036 0.000 0.101
311500 0.864 0.036 0.000 0.101
312000 0.864 0.036 0.000 0.101
312500 0.864 0.036 0.000 0.101
313000 0.864 0.036 0.000 0.101
313500 0.864 0.036 0.000 0.101
314000 0.864 0.036 0.000 0.101
314500 0.864 0.036 0.000 0.101
315000 0.864 0.036 0.000 0.101
315500 0.864 0.036 0.000 0.101
316000 0.864 0.036 0.000 0.101
316500 0.864 0.036 0.000 0.101
317000 0.864 0.036 0.000 0.101
317500 0.864 0.036 0.000 0.101
318000 0.864 0.036 0.000 0.101
318500 0.864 0.036 0.000 0.101
319000 0.864 0.036 0.000 0.101
319500 0.864 0.036 0.000 0.101
320000 0.864 0.036 0.000 0.101
320500 0.864 0.036 0.000 0.101
321000 0.864 0.036 0.000 0.101
321500 0.864 0.036 0.000 0.101
322000 0.864 0.036 0.000 0.101
322500 0.864 0.036 0.000 0.101
323000 0.864 0.036 0.000 0.101
323500 0.864 0.036 0.000 0.101
324000 0.864 0.036 0.000 0.101
324500 0.864 0.036 0.000 0.101
325000 0.864 0.036 0.000 0.101
325500 0.864 0.036 0.000 0.101
326000 0.864 0.036 0.000 0.101
326500 0.864 0.036 0.000 0.101
327000 0.864 0.036 0.000 0.101
327500 0.864 0.036 0.000 0.101
328000 0.864 0.036 0.000 0.101
328500 0.864 0.036 0.000 0.101
329000 0.864 0.036 0.000 0.101
329500 0.864 0.036 0.000 0.101
330000 0.864 0.036 0.000 0.101
330500 0.864 0.036 0.000 0.101
331000 0.864 0.036 0.000 0.101
331500 0.864 0.036 0.000 0.101
332000 0.864 0.036 0.000 0.101
332500 0.864 0.036 0.000 0.101
333000 0.864 0.036 0.000 0.101
333500 0.864 0.036 0.000 0.101
334000 0.864 0.036 0.000 0.101
334500 0.864 0.036 0.000 0.101
335000 0.864 0.036 0.000 0.101
335500 0.864 0.036 0.000 0.101
336000 0.864 0.036 0.000 0.101
336500 0.864 0.036 0.000 0.101
337000 0.864 0.036 0.000 0.101
337500 0.864 0.036 0.000 0.101
338000 0.864 0.036 0.000 0.101
338500 0.864 0.036 0.000 0.101
339000 0.864 0.036 0.000 0.101
339500 0.864 0.036 0.000 0.101
340000 0.864 0.036 0.000 0.101
340500 0.864 0.036 0.000 0.101
341000 0.864 0.036 0.000 0.101
341500 0.864 0.036 0.000 0.101
342000 0.864 0.036 0.000 0.101
342500 0.864 0.036 0.000 0.101
343000 0.864 0.036 0.000 0.101
343500 0.864 0.036 0.000 0.101
344000 0.864 0.036 0.000 0.101
344500 0.864 0.036 0.000 0.101
345000 0.864 0.036 0.000 0.101
345500 0.864 0.036 0.000 0.101
346000 0.864 0.036 0.000 0.101
346500 0.864 0.036 0.000 0.101
347000 0.864 0.036 0.000 0.101
347500 0.864 0.036 0.000 0.101
348000 0.864 0.036 0.000 0.101
348500 0.864 0.036 0.000 0.101
349000 0.864 0.036 0.000 0.101
349500 0.864 0.036 0.000 0.101
350000 0.864 0.036 0.000 0.101
350500 0.864 0.036 0.000 0.101
351000 0.864 0.036 0.000 0.101
351500 0.864 0.036 0.000 0.101
352000 0.864 0.036 0.000 0.101
352500 0.864 0.036 0.000 0.101
353000 0.864 0.036 0.000 0.101
353500 0.864 0.036 0.000 0.101
354000 0.864 0.036 0.000 0.101
354500 0.864 0.036 0.000 0.101
355000 0.864 0.036 0.000 0.101
355500 0.864 0.036 0.000 0.101
356000 0.864 0.036 0.000 0.101
356500 0.864 0.036 0.000 0.101
357000 0.864 0.036 0.000 0.101
357500 0.864 0.036 0.000 0.101
358000 0.864 0.036 0.000 0.101
358500 0.864 0.036 0.000 0.101
359000 0.864 0.036 0.000 0.101
359500 0.864 0.036 0.000 0.101
360000 0.864 0.036 0.000 0.101
360500 0.864 0.036 0.000 0.101
361000 0.864 0.036 0.000 0.101
361500 0.864 0.036 0.000 0.101
362000 0.864 0.036 0.000 0.101
362500 0.864 0.036 0.000 0.101
363000 0.864 0.036 0.000 0.101
363500 0.864 0.036 0.000 0.101
364000 0.864 0.036 0.000 0.101
364500 0.864 0.036 0.000 0.101
365000 0.864 0.036 0.000 0.101
365500 0.864 0.036 0.000 0.101
366000 0.864 0.036 0.000 0.101
366500 0.864 0.036 0.000 0.101
367000 0.864 0.036 0.000 0.101
367500 0.864 0.036 0.000 0.101
368000 0.864 0.036 0.000 0.101
368500 0.864 0.036 0.000 0.101
369000 0.864 0.036 0.000 0.101
369500 0.864 0.036 0.000 0.101
370000 0.864 0.036 0.000 0.101
370500 0.864 0.036 0.000 0.101
371000 0.864 0.036 0.000 0.101
371500 0.864 0.036 0.000 0.101
372000 0.864 0.036 0.000 0.101
372500 0.864 0.036 0.000 0.101
373000 0.864 0.036 0.000 0.101
373500 0.864 0.036 0.000 0.101
374000 0.864 0.036 0.000 0.101
374500 0.864 0.036 0.000 0.101
375000 0.864 0.036 0.000 0.101
375500 0.864 0.036 0.000 0.101
376000 0.864 0.036 0.000 0.101
376500 0.864 0.036 0.000 0.101
377000 0.864 0.036 0.000 0.101
377500 0.864 0.036 0.000 0.101
378000 0.864 0.036 0.000 0.101
378500 0.864 0.036 0.000 0.101
379000 0.864 0.036 0.000 0.101
379500 0.864 0.036 0.000 0.101
380000 0.864 0.036 0.000 0.101
380500 0.864 0.036 0.000 0.101
381000 0.864 0.036 0.000 0.101
381500 0.864 0.036 0.000 0.101
382000 0.864 0.036 0.000 0.101
382500 0.864 0.036 0.000 0.101
383000 0.864 0.036 0.000 0.101
383500 0.864 0.036 0.000 0.101
384000 0.864 0.036 0.000 0.101
384500 0.864 0.036 0.000 0.101
385000 0.864 0.036 0.000 0.101
385500 0.864 0.036 0.000 0.101
386000 0.864 0.036 0.000 0.101
386500 0.864 0.036 0.000 0.101
387000 0.864 0.036 0.000 0.101
387500 0.864 0.036 0.000 0.101
388000 0.864 0.036 0.000 0.101
388500 0.864 0.036 0.000 0.101
389000 0.864 0.036 0.000 0.101
389500 0.864 0.036 0.000 0.101
390000 0.864 0.036 0.000 0.101
390500 0.864 0.036 0.000 0.101
391000 0.864 0.036 0.000 0.101
391500 0.864 0.036 0.000 0.101
392000 0.864 0.036 0.000 0.101
392500 0.864 0.036 0.000 0.101
393000 0.864 0.036 0.000 0.101
393500 0.864 0.036 0.000 0.101
394000 0.864 0.036 0.000 0.101
394500 0.864 0.036 0.000 0.101
395000 0.864 0.036 0.000 0.101
395500 0.864 0.036 0.000 0.101
396000 0.864 0.036 0.000 0.101
396500 0.864 0.036 0.000 0.101
397000 0.864 0.036 0.000 0.101
397500 0.864 0.036 0.000 0.101
398000 0.864 0.036 0.000 0.101
398500 0.864 0.036 0.000 0.101
399000 0.864 0.036 0.000 0.101
399500 0.864 0.036 0.000 0.101
400000 0.864 0.036 0.000 0.101
400500 0.864 0.036 0.000 0.101
401000 0.864 0.036 0.000 0.101
401500 0.864 0.036 0.000 0.101
402000 0.864 0.036 0.000 0.101
402500 0.864 0.036 0.000 0.101
403000 0.864 0.036 0.000 0.101
403500 0.864 0.036 0.000 0.101
404000 0.864 0.036 0.000 0.101
404500 0.864 0.036 0.000 0.101
405000 0.864 0.036 0.000 0.101
405500 0.864 0.036 0.000 0.101
406000 0.864 0.036 0.000 0.101
406500 0.864 0.036 0.000 0.101
407000 0.864 0.036 0.000 0.101
407500 0.864 0.036 0.000 0.101
408000 0.864 0.036 0.000 0.101
408500 0.864 0.036 0.000 0.101
409000 0.864 0.036 0.000 0.101
409500 0.864 0.036 0.000 0.101
410000 0.864 0.036 0.000 0.101
410500 0.864 0.036 0.000 0.101
411000 0.864 0.036 0.000 0.101
411500 0.864 0.036 0.000 0.101
412000 0.864 0.036 0.000 0.101
412500 0.864 0.036 0.000 0.101
413000 0.864 0.036 0.000 0.101
413500 0.864 0.036 0.000 0.101
414000 0.864 0.036 0.000 0.101
414500 0.864 0.036 0.000 0.101
415000 0.864 0.036 0.000 0.101
415500 0.864 0.036 0.000 0.101
416000 0.864 0.036 0.000 0.101
416500 0.864 0.036 0.000 0.101
417000 0.864 0.036 0.000 0.101
417500 0.864 0.036 0.000 0.101
418000 0.864 0.036 0.000 0.101
418500 0.864 0.036 0.000 0.101
419000 0.864 0.036 0.000 0.101
419500 0.864 0.036 0.000 0.101
420000 0.864 0.036 0.000 0.101
420500 0.864 0.036 0.000 0.101
421000 0.864 0.036 0.000 0.101
421500 0.864 0.036 0.000 0.101
422000 0.864 0.036 0.000 0.101
422500 0.864 0.036 0.000 0.101
423000 0.864 0.036 0.000 0.101
423500 0.864 0.036 0.000 0.101
424000 0.864 0.036 0.000 0.101
424500 0.864 0.036 0.000 0.101
425000 0.864 0.036 0.000 0.101
425500 0.864 0.036 0.000 0.101
426000 0.864 0.036 0.000 0.101
426500 0.864 0.036 0.000 0.101
427000 0.864 0.036 0.000 0.101
427500 0.864 0.036 0.000 0.101
428000 0.864 0.036 0.000 0.101
428500 0.864 0.036 0.000 0.101
429000 0.864 0.036 0.000 0.101
429500 0.864 0.036 0.000 0.101
430000 0.864 0.036 0.000 0.101
430500 0.864 0.036 0.000 0.101
431000 0.864 0.036 0.000 0.101
431500 0.864 0.036 0.000 0.101
432000 0.864 0.036 0.000 0.101
432500 0.864 0.036 0.000 0.101
433000 0.864 0.036 0.000 0.101
433500 0.864 0.036 0.000 0.101
434000 0.864 0.036 0.000 0.101
434500 0.864 0.036 0.000 0.101
435000 0.864 0.036 0.000 0.101
435500 0.864 0.036 0.000 0.101
436000 0.864 0.036 0.000 0.101
436500 0.864 0.036 0.000 0.101
437000 0.864 0.036 0.000 0.101
437500 0.864 0.036 0.000 0.101
438000 0.864 0.036 0.000 0.101
438500 0.864 0.036 0.000 0.101
439000 0.864 0.036 0.000 0.101
439500 0.864 0.036 0.000 0.101
440000 0.864 0.036 0.000 0.101
440500 0.864 0.036 0.000 0.101
441000 0.864 0.036 0.000 0.101
441500 0.864 0.036 0.000 0.101
442000 0.864 0.036 0.000 0.101
442500 0.864 0.036 0.000 0.101
443000 0.864 0.036 0.000 0.101
443500 0.864 0.036 0.000 0.101
444000 0.864 0.036 0.000 0.101
444500 0.864 0.036 0.000 0.101
445000 0.864 0.036 0.000 0.101
445500 0.864 0.036 0.000 0.101
446000 0.864 0.036 0.000 0.101
446500 0.864 0.036 0.000 0.101
447000 0.864 0.036 0.000 0.101
447500 0.864 0.036 0.000 0.101
448000 0.864 0.036 0.000 0.101
448500 0.864 0.036 0.000 0.101
449000 0.864 0.036 0.000 0.101
449500 0.864 0.036 0.000 0.101
450000 0.864 0.036 0.000 0.101
450500 0.864 0.036 0.000 0.101
451000 0.864 0.036 0.000 0.101
451500 0.864 0.036 0.000 0.101
452000 0.864 0.036 0.000 0.101
452500 0.864 0.036 0.000 0.101
453000 0.864 0.036 0.000 0.101
453500 0.864 0.036 0.000 0.101
454000 0.864 0.036 0.000 0.101
454500 0.864 0.036 0.000 0.101
455000 0.864 0.036 0.000 0.101
455500 0.864 0.036 0.000 0.101
456000 0.864 0.036 0.000 0.101
456500 0.864 0.036 0.000 0.101
457000 0.864 0.036 0.000 0.101
457500 0.864 0.036 0.000 0.101
458000 0.864 0.036 0.000 0.101
458500 0.864 0.036 0.000 0.101
459000 0.864 0.036 0.000 0.101
459500 0.864 0.036 0.000 0.101
460000 0.864 0.036 0.000 0.101
460500 0.864 0.036 0.000 0.101
461000 0.864 0.036 0.000 0.101
461500 0.864 0.036 0.000 0.101
462000 0.864 0.036 0.000 0.101
462500 0.864 0.036 0.000 0.101
463000 0.864 0.036 0.000 0.101
463500 0.864 0.036 0.000 0.101
464000 0.864 0.036 0.000 0.101
464500 0.864 0.036 0.000 0.101
465000 0.864 0.036 0.000 0.101
465500 0.864 0.036 0.000 0.101
466000 0.864 0.036 0.000 0.101
466500 0.864 0.036 0.000 0.101
467000 0.864 0.036 0.000 0.101
467500 0.864 0.036 0.000 0.101
468000 0.864 0.036 0.000 0.101
468500 0.864 0.036 0.000 0.101
469000 0.864 0.036 0.000 0.101
469500 0.864 0.036 0.000 0.101
470000 0.864 0.036 0.000 0.101
470500 0.864 0.036 0.000 0.101
471000 0.864 0.036 0.000 0.101
471500 0.864 0.036 0.000 0.101
472000 0.864 0.036 0.000 0.101
472500 0.864 0.036 0.000 0.101
473000 0.864 0.036 0.000 0.101
473500 0.864 0.036 0.000 0.101
474000 0.864 0.036 0.000 0.101
474500 0.864 0.036 0.000 0.101
475000 0.864 0.036 0.000 0.101
475500 0.864 0.036 0.000 0.101
476000 0.864 0.036 0.000 0.101
476500 0.864 0.036 0.000 0.101
477000 0.864 0.036 0.000 0.101
477500 0.864 0.036 0.000 0.101
478000 0.864 0.036 0.000 0.101
478500 0.864 0.036 0.000 0.101
479000 0.864 0.036 0.000 0.101
479500 0.864 0.036 0.000 0.101
480000 0.864 0.036 0.000 0.101
480500 0.864 0.036 0.000 0.101
481000 0.864 0.036 0.000 0.101
481500 0.864 0.036 0.000 0.101
482000 0.864 0.036 0.000 0.101
482500 0.864 0.036 0.000 0.101
483000 0.864 0.036 0.000 0.101
483500 0.864 0.036 0.000 0.101
484000 0.864 0.036 0.000 0.101
484500 0.864 0.036 0.000 0.101
485000 0.864 0.036 0.000 0.101
485500 0.864 0.036 0.000 0.101
486000 0.864 0.036 0.000 0.101
486500 0.864 0.036 0.000 0.101
487000 0.864 0.036 0.000 0.101
487500 0.864 0.036 0.000 0.101
488000 0.864 0.036 0.000 0.101
488500 0.864 0.036 0.000 0.101
489000 0.864 0.036 0.000 0.101
489500 0.864 0.036 0.000 0.101
490000 0.864 0.036 0.000 0.101
490500 0.864 0.036 0.000 0.101
491000 0.864 0.036 0.000 0.101
491500 0.864 0.036 0.000 0.101
492000 0.864 0.036 0.000 0.101
492500 0.864 0.036 0.000 0.101
493000 0.864 0.036 0.000 0.101
493500 0.864 0.036 0.000 0.101
494000 0.864 0.036 0.000 0.101
494500 0.864 0.036 0.000 0.101
495000 0.864 0.036 0.000 0.101
495500 0.864 0.036 0.000 0.101
496000 0.864 0.036 0.000 0.101
496500 0.864 0.036 0.000 0.101
497000 0.864 0.036 0.000 0.101
497500 0.864 0.036 0.000 0.101
498000 0.864 0.036 0.000 0.101
498500 0.864 0.036 0.000 0.101
499000 0.864 0.036 0.000 0.101
499500 0.864 0.036 0.000 0.101
500000 0.864 0.036 0.000 0.101
