000000 0.250 0.250 0.250 0.250
000500 0.271 0.333 0.000 0.396
001000 0.271 0.333 0.000 0.396
001500 0.271 0.334 0.000 0.395
002000 0.271 0.333 0.000 0.396
002500 0.271 0.332 0.000 0.396
003000 0.271 0.332 0.000 0.397
003500 0.271 0.332 0.000 0.397
004000 0.271 0.333 0.000 0.396
004500 0.271 0.332 0.000 0.397
005000 0.271 0.333 0.000 0.396
005500 0.271 0.332 0.000 0.396
006000 0.271 0.332 0.000 0.397
006500 0.271 0.332 0.000 0.397
007000 0.271 0.333 0.000 0.396
007500 0.271 0.333 0.000 0.396
008000 0.271 0.333 0.000 0.396
008500 0.271 0.333 0.000 0.396
009000 0.271 0.333 0.000 0.396
009500 0.271 0.333 0.000 0.396
010000 0.271 0.333 0.000 0.396
010500 0.271 0.333 0.000 0.396
011000 0.271 0.333 0.000 0.396
011500 0.271 0.333 0.000 0.396
012000 0.271 0.333 0.000 0.396
012500 0.271 0.333 0.000 0.396
013000 0.271 0.333 0.000 0.396
013500 0.271 0.333 0.000 0.395
014000 0.271 0.334 0.000 0.395
014500 0.271 0.333 0.000 0.396
015000 0.271 0.333 0.000 0.396
015500 0.271 0.333 0.000 0.396
016000 0.271 0.333 0.000 0.396
016500 0.271 0.333 0.000 0.396
017000 0.271 0.333 0.000 0.396
017500 0.271 0.334 0.000 0.395
018000 0.271 0.334 0.000 0.395
018500 0.271 0.333 0.000 0.396
019000 0.271 0.333 0.000 0.396
019500 0.271 0.333 0.000 0.396
020000 0.271 0.333 0.000 0.396
020500 0.271 0.333 0.000 0.396
021000 0.271 0.333 0.000 0.396
021500 0.271 0.333 0.000 0.396
022000 0.271 0.333 0.000 0.396
022500 0.271 0.333 0.000 0.396
023000 0.271 0.333 0.000 0.396
023500 0.271 0.333 0.000 0.396
024000 0.271 0.333 0.000 0.396
024500 0.271 0.333 0.000 0.396
025000 0.271 0.333 0.000 0.396
025500 0.271 0.333 0.000 0.396
026000 0.271 0.333 0.000 0.396
026500 0.271 0.333 0.000 0.396
027000 0.271 0.333 0.000 0.396
027500 0.271 0.333 0.000 0.396
028000 0.271 0.333 0.000 0.396
028500 0.271 0.333 0.000 0.396
029000 0.271 0.333 0.000 0.396
029500 0.271 0.333 0.000 0.396
030000 0.271 0.333 0.000 0.396
030500 0.271 0.333 0.000 0.396
031000 0.271 0.333 0.000 0.396
031500 0.271 0.333 0.000 0.396
032000 0.271 0.333 0.000 0.396
032500 0.271 0.332 0.000 0.397
033000 0.271 0.333 0.000 0.396
033500 0.271 0.333 0.000 0.396
034000 0.271 0.333 0.000 0.396
034500 0.271 0.333 0.000 0.396
035000 0.271 0.333 0.000 0.396
035500 0.271 0.333 0.000 0.396
036000 0.271 0.333 0.000 0.396
036500 0.271 0.333 0.000 0.396
037000 0.271 0.333 0.000 0.396
037500 0.271 0.333 0.000 0.396
038000 0.271 0.333 0.000 0.396
038500 0.271 0.333 0.000 0.396
039000 0.271 0.333 0.000 0.396
039500 0.271 0.333 0.000 0.396
040000 0.271 0.333 0.000 0.396
040500 0.271 0.333 0.000 0.396
041000 0.271 0.333 0.000 0.396
041500 0.271 0.333 0.000 0.396
042000 0.271 0.333 0.000 0.396
042500 0.271 0.333 0.000 0.396
043000 0.271 0.333 0.000 0.396
043500 0.271 0.333 0.000 0.396
044000 0.271 0.333 0.000 0.396
044500 0.271 0.333 0.000 0.396
045000 0.271 0.333 0.000 0.396
045500 0.271 0.333 0.000 0.396
046000 0.271 0.333 0.000 0.396
046500 0.271 0.333 0.000 0.396
047000 0.271 0.333 0.000 0.396
047500 0.271 0.333 0.000 0.396
048000 0.271 0.333 0.000 0.396
048500 0.271 0.333 0.000 0.396
049000 0.271 0.333 0.000 0.396
049500 0.271 0.333 0.000 0.396
050000 0.271 0.333 0.000 0.396
050500 0.271 0.333 0.000 0.396
051000 0.271 0.333 0.000 0.396
051500 0.271 0.333 0.000 0.396
052000 0.271 0.333 0.000 0.396
052500 0.271 0.333 0.000 0.396
053000 0.271 0.332 0.000 0.397
053500 0.271 0.332 0.000 0.397
054000 0.271 0.332 0.000 0.397
054500 0.271 0.332 0.000 0.397
055000 0.271 0.332 0.000 0.397
055500 0.271 0.332 0.000 0.397
056000 0.271 0.332 0.000 0.397
056500 0.271 0.332 0.000 0.396
057000 0.271 0.332 0.000 0.397
057500 0.271 0.332 0.000 0.397
058000 0.271 0.332 0.000 0.397
058500 0.271 0.332 0.000 0.397
059000 0.271 0.332 0.000 0.397
059500 0.271 0.332 0.000 0.397
060000 0.271 0.332 0.000 0.397
060500 0.271 0.332 0.000 0.397
061000 0.271 0.332 0.000 0.397
061500 0.271 0.332 0.000 0.397
062000 0.271 0.332 0.000 0.397
062500 0.271 0.332 0.000 0.397
063000 0.271 0.332 0.000 0.397
063500 0.271 0.332 0.000 0.397
064000 0.271 0.332 0.000 0.397
064500 0.271 0.332 0.000 0.397
065000 0.271 0.332 0.000 0.397
065500 0.271 0.332 0.000 0.397
066000 0.271 0.332 0.000 0.397
066500 0.271 0.332 0.000 0.397
067000 0.271 0.333 0.000 0.396
067500 0.271 0.333 0.000 0.396
068000 0.271 0.332 0.000 0.396
068500 0.271 0.333 0.000 0.396
069000 0.271 0.333 0.000 0.396
069500 0.271 0.333 0.000 0.396
070000 0.271 0.333 0.000 0.396
070500 0.271 0.333 0.000 0.396
071000 0.271 0.333 0.000 0.396
071500 0.271 0.333 0.000 0.396
072000 0.271 0.333 0.000 0.396
072500 0.271 0.333 0.000 0.396
073000 0.271 0.333 0.000 0.396
073500 0.271 0.333 0.000 0.396
074000 0.271 0.333 0.000 0.396
074500 0.271 0.333 0.000 0.396
075000 0.271 0.333 0.000 0.396
075500 0.271 0.333 0.000 0.396
076000 0.271 0.333 0.000 0.396
076500 0.271 0.333 0.000 0.396
077000 0.271 0.333 0.000 0.396
077500 0.271 0.333 0.000 0.396
078000 0.271 0.333 0.000 0.396
078500 0.271 0.333 0.000 0.396
079000 0.271 0.333 0.000 0.396
079500 0.271 0.333 0.000 0.396
080000 0.271 0.333 0.000 0.396
080500 0.271 0.333 0.000 0.396
081000 0.271 0.333 0.000 0.396
081500 0.271 0.333 0.000 0.396
082000 0.271 0.333 0.000 0.396
082500 0.271 0.333 0.000 0.396
083000 0.271 0.333 0.000 0.396
083500 0.271 0.333 0.000 0.396
084000 0.271 0.333 0.000 0.396
084500 0.271 0.333 0.000 0.396
085000 0.271 0.333 0.000 0.396
085500 0.271 0.333 0.000 0.396
086000 0.271 0.333 0.000 0.396
086500 0.271 0.333 0.000 0.396
087000 0.271 0.333 0.000 0.396
087500 0.271 0.333 0.000 0.396
088000 0.271 0.334 0.000 0.395
088500 0.271 0.334 0.000 0.395
089000 0.271 0.334 0.000 0.395
089500 0.271 0.334 0.000 0.395
090000 0.271 0.334 0.000 0.395
090500 0.271 0.334 0.000 0.395
091000 0.271 0.334 0.000 0.395
091500 0.271 0.334 0.000 0.395
092000 0.271 0.334 0.000 0.395
092500 0.271 0.334 0.000 0.395
093000 0.271 0.334 0.000 0.395
093500 0.271 0.334 0.000 0.395
094000 0.271 0.334 0.000 0.395
094500 0.271 0.334 0.000 0.395
095000 0.271 0.334 0.000 0.395
095500 0.271 0.334 0.000 0.395
096000 0.271 0.334 0.000 0.395
096500 0.271 0.334 0.000 0.395
097000 0.271 0.334 0.000 0.395
097500 0.271 0.334 0.000 0.395
098000 0.271 0.334 0.000 0.395
098500 0.271 0.334 0.000 0.395
099000 0.271 0.334 0.000 0.395
099500 0.271 0.334 0.000 0.395
100000 0.271 0.334 0.000 0.395
100500 0.271 0.334 0.000 0.395
101000 0.271 0.334 0.000 0.395
101500 0.271 0.334 0.000 0.395
102000 0.271 0.334 0.000 0.395
102500 0.271 0.334 0.000 0.395
103000 0.271 0.334 0.000 0.395
103500 0.271 0.334 0.000 0.395
104000 0.271 0.334 0.000 0.395
104500 0.271 0.334 0.000 0.395
105000 0.271 0.334 0.000 0.395
105500 0.271 0.334 0.000 0.395
106000 0.271 0.334 0.000 0.395
106500 0.271 0.334 0.000 0.395
107000 0.271 0.334 0.000 0.395
107500 0.271 0.334 0.000 0.395
108000 0.271 0.334 0.000 0.395
108500 0.271 0.334 0.000 0.395
109000 0.271 0.334 0.000 0.395
109500 0.271 0.334 0.000 0.395
110000 0.271 0.334 0.000 0.395
110500 0.271 0.334 0.000 0.395
111000 0.271 0.334 0.000 0.395
111500 0.271 0.334 0.000 0.395
112000 0.271 0.334 0.000 0.395
112500 0.271 0.334 0.000 0.395
113000 0.271 0.334 0.000 0.395
113500 0.271 0.334 0.000 0.395
114000 0.271 0.334 0.000 0.395
114500 0.271 0.334 0.000 0.395
115000 0.271 0.334 0.000 0.395
115500 0.271 0.334 0.000 0.395
116000 0.271 0.334 0.000 0.395
116500 0.271 0.334 0.000 0.395
117000 0.271 0.334 0.000 0.395
117500 0.271 0.334 0.000 0.395
118000 0.271 0.334 0.000 0.395
118500 0.271 0.334 0.000 0.395
119000 0.271 0.334 0.000 0.395
119500 0.271 0.334 0.000 0.395
120000 0.271 0.334 0.000 0.395
120500 0.271 0.334 0.000 0.395
121000 0.271 0.334 0.000 0.395
121500 0.271 0.334 0.000 0.395
122000 0.271 0.334 0.000 0.395
122500 0.271 0.334 0.000 0.395
123000 0.271 0.334 0.000 0.395
123500 0.271 0.334 0.000 0.395
124000 0.271 0.334 0.000 0.395
124500 0.271 0.334 0.000 0.395
125000 0.271 0.334 0.000 0.395
125500 0.271 0.334 0.000 0.395
126000 0.271 0.334 0.000 0.395
126500 0.271 0.334 0.000 0.395
127000 0.271 0.334 0.000 0.395
127500 0.271 0.334 0.000 0.395
128000 0.271 0.334 0.000 0.395
128500 0.271 0.334 0.000 0.395
129000 0.271 0.334 0.000 0.395
129500 0.271 0.334 0.000 0.395
130000 0.271 0.334 0.000 0.395
130500 0.271 0.334 0.000 0.395
131000 0.271 0.334 0.000 0.395
131500 0.271 0.334 0.000 0.395
132000 0.271 0.334 0.000 0.395
132500 0.271 0.334 0.000 0.395
133000 0.271 0.334 0.000 0.395
133500 0.271 0.334 0.000 0.395
134000 0.271 0.334 0.000 0.395
134500 0.271 0.334 0.000 0.395
135000 0.271 0.334 0.000 0.395
135500 0.271 0.334 0.000 0.395
136000 0.271 0.334 0.000 0.395
136500 0.271 0.334 0.000 0.395
137000 0.271 0.334 0.000 0.395
137500 0.271 0.334 0.000 0.395
138000 0.271 0.334 0.000 0.395
138500 0.271 0.334 0.000 0.395
139000 0.271 0.334 0.000 0.395
139500 0.271 0.334 0.000 0.395
140000 0.271 0.334 0.000 0.395
140500 0.271 0.334 0.000 0.395
141000 0.271 0.334 0.000 0.395
141500 0.271 0.334 0.000 0.395
142000 0.271 0.334 0.000 0.395
142500 0.271 0.334 0.000 0.395
143000 0.271 0.334 0.000 0.395
143500 0.271 0.334 0.000 0.395
144000 0.271 0.334 0.000 0.395
144500 0.271 0.334 0.000 0.395
145000 0.271 0.334 0.000 0.395
145500 0.271 0.334 0.000 0.395
146000 0.271 0.334 0.000 0.395
146500 0.271 0.334 0.000 0.395
147000 0.271 0.334 0.000 0.395
147500 0.271 0.334 0.000 0.395
148000 0.271 0.334 0.000 0.395
148500 0.271 0.334 0.000 0.395
149000 0.271 0.334 0.000 0.395
149500 0.271 0.334 0.000 0.395
150000 0.271 0.334 0.000 0.395
150500 0.271 0.334 0.000 0.395
151000 0.271 0.334 0.000 0.395
151500 0.271 0.334 0.000 0.395
152000 0.271 0.334 0.000 0.395
152500 0.271 0.334 0.000 0.395
153000 0.271 0.334 0.000 0.395
153500 0.271 0.334 0.000 0.395
154000 0.271 0.334 0.000 0.395
154500 0.271 0.334 0.000 0.395
155000 0.271 0.334 0.000 0.395
155500 0.271 0.334 0.000 0.395
156000 0.271 0.334 0.000 0.395
156500 0.271 0.334 0.000 0.395
157000 0.271 0.334 0.000 0.395
157500 0.271 0.334 0.000 0.395
158000 0.271 0.334 0.000 0.395
158500 0.271 0.334 0.000 0.395
159000 0.271 0.334 0.000 0.395
159500 0.271 0.334 0.000 0.395
160000 0.271 0.334 0.000 0.395
160500 0.271 0.334 0.000 0.395
161000 0.271 0.334 0.000 0.395
161500 0.271 0.334 0.000 0.395
162000 0.271 0.334 0.000 0.395
162500 0.271 0.334 0.000 0.395
163000 0.271 0.334 0.000 0.395
163500 0.271 0.334 0.000 0.395
164000 0.271 0.334 0.000 0.395
164500 0.271 0.334 0.000 0.395
165000 0.271 0.334 0.000 0.395
165500 0.271 0.334 0.000 0.395
166000 0.271 0.334 0.000 0.395
166500 0.271 0.334 0.000 0.395
167000 0.271 0.334 0.000 0.395
167500 0.271 0.334 0.000 0.395
168000 0.271 0.334 0.000 0.395
168500 0.271 0.334 0.000 0.395
169000 0.271 0.334 0.000 0.395
169500 0.271 0.334 0.000 0.395
170000 0.271 0.334 0.000 0.395
170500 0.271 0.334 0.000 0.395
171000 0.271 0.334 0.000 0.395
171500 0.271 0.334 0.000 0.395
172000 0.271 0.334 0.000 0.395
172500 0.271 0.334 0.000 0.395
173000 0.271 0.334 0.000 0.395
173500 0.271 0.334 0.000 0.395
174000 0.271 0.334 0.000 0.395
174500 0.271 0.334 0.000 0.395
175000 0.271 0.334 0.000 0.395
175500 0.271 0.334 0.000 0.395
176000 0.271 0.334 0.000 0.395
176500 0.271 0.334 0.000 0.395
177000 0.271 0.334 0.000 0.395
177500 0.271 0.334 0.000 0.395
178000 0.271 0.334 0.000 0.395
178500 0.271 0.334 0.000 0.395
179000 0.271 0.334 0.000 0.395
179500 0.271 0.334 0.000 0.395
180000 0.271 0.334 0.000 0.395
180500 0.271 0.334 0.000 0.395
181000 0.271 0.334 0.000 0.395
181500 0.271 0.334 0.000 0.395
182000 0.271 0.334 0.000 0.395
182500 0.271 0.334 0.000 0.395
183000 0.271 0.334 0.000 0.395
183500 0.271 0.334 0.000 0.395
184000 0.271 0.334 0.000 0.395
184500 0.271 0.334 0.000 0.395
185000 0.271 0.334 0.000 0.395
185500 0.271 0.334 0.000 0.395
186000 0.271 0.334 0.000 0.395
186500 0.271 0.334 0.000 0.395
187000 0.271 0.334 0.000 0.395
187500 0.271 0.334 0.000 0.395
188000 0.271 0.334 0.000 0.395
188500 0.271 0.334 0.000 0.395
189000 0.271 0.334 0.000 0.395
189500 0.271 0.334 0.000 0.395
190000 0.271 0.334 0.000 0.395
190500 0.271 0.334 0.000 0.395
191000 0.271 0.334 0.000 0.395
191500 0.271 0.334 0.000 0.395
192000 0.271 0.334 0.000 0.395
192500 0.271 0.334 0.000 0.395
193000 0.271 0.334 0.000 0.395
193500 0.271 0.334 0.000 0.395
194000 0.271 0.334 0.000 0.395
194500 0.271 0.334 0.000 0.395
195000 0.271 0.334 0.000 0.395
195500 0.271 0.334 0.000 0.395
196000 0.271 0.334 0.000 0.395
196500 0.271 0.334 0.000 0.395
197000 0.271 0.334 0.000 0.395
197500 0.271 0.334 0.000 0.395
198000 0.271 0.334 0.000 0.395
198500 0.271 0.334 0.000 0.395
199000 0.271 0.334 0.000 0.395
199500 0.271 0.334 0.000 0.395
200000 0.271 0.334 0.000 0.395
200500 0.271 0.334 0.000 0.395
201000 0.271 0.334 0.000 0.395
201500 0.271 0.334 0.000 0.395
202000 0.271 0.334 0.000 0.395
202500 0.271 0.334 0.000 0.395
203000 0.271 0.334 0.000 0.395
203500 0.271 0.334 0.000 0.395
204000 0.271 0.334 0.000 0.395
204500 0.271 0.334 0.000 0.395
205000 0.271 0.334 0.000 0.395
205500 0.271 0.334 0.000 0.395
206000 0.271 0.334 0.000 0.395
206500 0.271 0.334 0.000 0.395
207000 0.271 0.334 0.000 0.395
207500 0.271 0.334 0.000 0.395
208000 0.271 0.334 0.000 0.395
208500 0.271 0.334 0.000 0.395
209000 0.271 0.334 0.000 0.395
209500 0.271 0.334 0.000 0.395
210000 0.271 0.334 0.000 0.395
210500 0.271 0.334 0.000 0.395
211000 0.271 0.334 0.000 0.395
211500 0.271 0.334 0.000 0.395
212000 0.271 0.334 0.000 0.395
212500 0.271 0.334 0.000 0.395
213000 0.271 0.334 0.000 0.395
213500 0.271 0.334 0.000 0.395
214000 0.271 0.334 0.000 0.395
214500 0.271 0.334 0.000 0.395
215000 0.271 0.334 0.000 0.395
215500 0.271 0.334 0.000 0.395
216000 0.271 0.334 0.000 0.394
216500 0.271 0.334 0.000 0.395
217000 0.271 0.334 0.000 0.394
217500 0.271 0.334 0.000 0.395
218000 0.271 0.334 0.000 0.395
218500 0.271 0.334 0.000 0.395
219000 0.271 0.334 0.000 0.394
219500 0.271 0.334 0.000 0.394
220000 0.271 0.334 0.000 0.395
220500 0.271 0.334 0.000 0.395
221000 0.271 0.334 0.000 0.395
221500 0.271 0.334 0.000 0.395
222000 0.271 0.334 0.000 0.395
222500 0.271 0.334 0.000 0.395
223000 0.271 0.334 0.000 0.394
223500 0.271 0.334 0.000 0.395
224000 0.271 0.334 0.000 0.395
224500 0.271 0.334 0.000 0.395
225000 0.271 0.334 0.000 0.395
225500 0.271 0.334 0.000 0.394
226000 0.271 0.334 0.000 0.395
226500 0.271 0.334 0.000 0.394
227000 0.271 0.334 0.000 0.395
227500 0.271 0.334 0.000 0.394
228000 0.271 0.334 0.000 0.395
228500 0.271 0.334 0.000 0.395
229000 0.271 0.334 0.000 0.395
229500 0.271 0.334 0.000 0.395
230000 0.271 0.334 0.000 0.394
230500 0.271 0.334 0.000 0.395
231000 0.271 0.334 0.000 0.394
231500 0.271 0.334 0.000 0.395
232000 0.271 0.334 0.000 0.394
232500 0.271 0.334 0.000 0.395
233000 0.271 0.334 0.000 0.395
233500 0.271 0.334 0.000 0.395
234000 0.271 0.334 0.000 0.394
234500 0.271 0.334 0.000 0.394
235000 0.271 0.334 0.000 0.395
235500 0.271 0.334 0.000 0.395
236000 0.271 0.334 0.000 0.395
236500 0.271 0.334 0.000 0.394
237000 0.271 0.334 0.000 0.395
237500 0.271 0.334 0.000 0.395
238000 0.271 0.334 0.000 0.394
238500 0.271 0.334 0.000 0.395
239000 0.271 0.334 0.000 0.394
239500 0.271 0.334 0.000 0.395
240000 0.271 0.334 0.000 0.395
240500 0.271 0.334 0.000 0.395
241000 0.271 0.334 0.000 0.395
241500 0.271 0.334 0.000 0.395
242000 0.271 0.334 0.000 0.394
242500 0.271 0.334 0.000 0.395
243000 0.271 0.334 0.000 0.395
243500 0.271 0.334 0.000 0.395
244000 0.271 0.334 0.000 0.394
244500 0.271 0.334 0.000 0.394
245000 0.271 0.334 0.000 0.395
245500 0.271 0.334 0.000 0.395
246000 0.271 0.334 0.000 0.394
246500 0.271 0.334 0.000 0.395
247000 0.271 0.334 0.000 0.395
247500 0.271 0.334 0.000 0.394
248000 0.271 0.334 0.000 0.395
248500 0.271 0.334 0.000 0.394
249000 0.271 0.334 0.000 0.395
249500 0.271 0.334 0.000 0.394
250000 0.271 0.334 0.000 0.394
250500 0.271 0.334 0.000 0.395
251000 0.271 0.334 0.000 0.395
251500 0.271 0.334 0.000 0.394
252000 0.271 0.334 0.000 0.395
252500 0.271 0.334 0.000 0.395
253000 0.271 0.334 0.000 0.394
253500 0.271 0.334 0.000 0.394
254000 0.271 0.334 0.000 0.394
254500 0.271 0.334 0.000 0.395
255000 0.271 0.334 0.000 0.394
255500 0.271 0.334 0.000 0.394
256000 0.271 0.334 0.000 0.395
256500 0.271 0.334 0.000 0.394
257000 0.271 0.334 0.000 0.394
257500 0.271 0.334 0.000 0.394
258000 0.271 0.334 0.000 0.395
258500 0.271 0.334 0.000 0.395
259000 0.271 0.334 0.000 0.394
259500 0.271 0.334 0.000 0.394
260000 0.271 0.334 0.000 0.395
260500 0.271 0.334 0.000 0.395
261000 0.271 0.334 0.000 0.395
261500 0.271 0.334 0.000 0.395
262000 0.271 0.334 0.000 0.394
262500 0.271 0.334 0.000 0.395
263000 0.271 0.334 0.000 0.395
263500 0.271 0.334 0.000 0.394
264000 0.271 0.334 0.000 0.395
264500 0.271 0.334 0.000 0.394
265000 0.271 0.334 0.000 0.394
265500 0.271 0.334 0.000 0.394
266000 0.271 0.334 0.000 0.395
266500 0.271 0.334 0.000 0.395
267000 0.271 0.334 0.000 0.394
267500 0.271 0.334 0.000 0.395
268000 0.271 0.334 0.000 0.394
268500 0.271 0.334 0.000 0.395
269000 0.271 0.334 0.000 0.394
269500 0.271 0.334 0.000 0.395
270000 0.271 0.334 0.000 0.395
270500 0.271 0.334 0.000 0.395
271000 0.271 0.334 0.000 0.394
271500 0.271 0.334 0.000 0.395
272000 0.271 0.334 0.000 0.395
272500 0.271 0.334 0.000 0.395
273000 0.271 0.334 0.000 0.395
273500 0.271 0.334 0.000 0.395
274000 0.271 0.334 0.000 0.395
274500 0.271 0.334 0.000 0.394
275000 0.271 0.334 0.000 0.395
275500 0.271 0.334 0.000 0.395
276000 0.271 0.334 0.000 0.395
276500 0.271 0.334 0.000 0.395
277000 0.271 0.334 0.000 0.395
277500 0.271 0.334 0.000 0.395
278000 0.271 0.334 0.000 0.394
278500 0.271 0.334 0.000 0.395
279000 0.271 0.334 0.000 0.395
279500 0.271 0.334 0.000 0.395
280000 0.271 0.334 0.000 0.395
280500 0.271 0.334 0.000 0.395
281000 0.271 0.334 0.000 0.394
281500 0.271 0.334 0.000 0.395
282000 0.271 0.334 0.000 0.395
282500 0.271 0.334 0.000 0.395
283000 0.271 0.334 0.000 0.395
283500 0.271 0.334 0.000 0.395
284000 0.271 0.334 0.000 0.395
284500 0.271 0.334 0.000 0.394
285000 0.271 0.334 0.000 0.395
285500 0.271 0.334 0.000 0.395
286000 0.271 0.334 0.000 0.395
286500 0.271 0.334 0.000 0.395
287000 0.271 0.334 0.000 0.395
287500 0.271 0.334 0.000 0.395
288000 0.271 0.334 0.000 0.395
288500 0.271 0.334 0.000 0.395
289000 0.271 0.334 0.000 0.395
289500 0.271 0.334 0.000 0.394
290000 0.271 0.334 0.000 0.395
290500 0.271 0.334 0.000 0.394
291000 0.271 0.334 0.000 0.395
291500 0.271 0.334 0.000 0.395
292000 0.271 0.334 0.000 0.395
292500 0.271 0.334 0.000 0.395
293000 0.271 0.334 0.000 0.394
293500 0.271 0.334 0.000 0.395
294000 0.271 0.334 0.000 0.395
294500 0.271 0.334 0.000 0.395
295000 0.271 0.336 0.000 0.393
295500 0.271 0.336 0.000 0.393
296000 0.271 0.336 0.000 0.393
296500 0.271 0.336 0.000 0.393
297000 0.271 0.336 0.000 0.393
297500 0.271 0.336 0.000 0.393
298000 0.271 0.336 0.000 0.393
298500 0.271 0.336 0.000 0.393
299000 0.271 0.336 0.000 0.393
299500 0.271 0.336 0.000 0.393
300000 0.271 0.336 0.000 0.393
300500 0.271 0.336 0.000 0.393
301000 0.271 0.336 0.000 0.393
301500 0.271 0.336 0.000 0.393
302000 0.271 0.336 0.000 0.393
302500 0.271 0.336 0.000 0.393
303000 0.271 0.336 0.000 0.393
303500 0.271 0.336 0.000 0.393
304000 0.271 0.336 0.000 0.393
304500 0.271 0.336 0.000 0.393
305000 0.271 0.336 0.000 0.393
305500 0.271 0.336 0.000 0.393
306000 0.271 0.336 0.000 0.393
306500 0.271 0.336 0.000 0.393
307000 0.271 0.336 0.000 0.393
307500 0.271 0.336 0.000 0.393
308000 0.271 0.336 0.000 0.393
308500 0.271 0.336 0.000 0.393
309000 0.271 0.336 0.000 0.393
309500 0.271 0.336 0.000 0.393
310000 0.271 0.336 0.000 0.393
310500 0.271 0.336 0.000 0.393
311000 0.271 0.336 0.000 0.393
311500 0.271 0.336 0.000 0.393
312000 0.271 0.336 0.000 0.393
312500 0.271 0.336 0.000 0.393
313000 0.271 0.336 0.000 0.393
313500 0.271 0.336 0.000 0.393
314000 0.271 0.336 0.000 0.393
314500 0.271 0.336 0.000 0.393
315000 0.271 0.336 0.000 0.393
315500 0.271 0.336 0.000 0.393
316000 0.271 0.336 0.000 0.393
316500 0.271 0.336 0.000 0.393
317000 0.271 0.336 0.000 0.393
317500 0.271 0.336 0.000 0.393
318000 0.271 0.336 0.000 0.393
318500 0.271 0.336 0.000 0.393
319000 0.271 0.336 0.000 0.393
319500 0.271 0.336 0.000 0.393
320000 0.271 0.336 0.000 0.393
320500 0.271 0.336 0.000 0.393
321000 0.271 0.336 0.000 0.393
321500 0.271 0.336 0.000 0.393
322000 0.271 0.336 0.000 0.393
322500 0.271 0.336 0.000 0.393
323000 0.271 0.336 0.000 0.393
323500 0.271 0.336 0.000 0.393
324000 0.271 0.336 0.000 0.393
324500 0.271 0.336 0.000 0.393
325000 0.271 0.336 0.000 0.393
325500 0.271 0.336 0.000 0.393
326000 0.271 0.336 0.000 0.393
326500 0.271 0.336 0.000 0.393
327000 0.271 0.336 0.000 0.393
327500 0.271 0.336 0.000 0.393
328000 0.271 0.336 0.000 0.393
328500 0.271 0.336 0.000 0.393
329000 0.271 0.336 0.000 0.393
329500 0.271 0.336 0.000 0.393
330000 0.271 0.336 0.000 0.393
330500 0.271 0.336 0.000 0.393
331000 0.271 0.336 0.000 0.393
331500 0.271 0.336 0.000 0.393
332000 0.271 0.336 0.000 0.393
332500 0.271 0.336 0.000 0.393
333000 0.271 0.336 0.000 0.393
333500 0.271 0.336 0.000 0.393
334000 0.271 0.336 0.000 0.393
334500 0.271 0.336 0.000 0.393
335000 0.271 0.336 0.000 0.393
335500 0.271 0.336 0.000 0.393
336000 0.271 0.336 0.000 0.393
336500 0.271 0.336 0.000 0.393
337000 0.271 0.336 0.000 0.393
337500 0.271 0.336 0.000 0.393
338000 0.271 0.336 0.000 0.393
338500 0.271 0.336 0.000 0.393
339000 0.271 0.336 0.000 0.393
339500 0.271 0.336 0.000 0.393
340000 0.271 0.336 0.000 0.393
340500 0.271 0.336 0.000 0.393
341000 0.271 0.336 0.000 0.393
341500 0.271 0.336 0.000 0.393
342000 0.271 0.336 0.000 0.393
342500 0.271 0.336 0.000 0.393
343000 0.271 0.336 0.000 0.393
343500 0.271 0.336 0.000 0.393
344000 0.271 0.336 0.000 0.393
344500 0.271 0.336 0.000 0.393
345000 0.271 0.336 0.000 0.393
345500 0.271 0.336 0.000 0.393
346000 0.271 0.336 0.000 0.393
346500 0.271 0.336 0.000 0.393
347000 0.271 0.336 0.000 0.393
347500 0.271 0.336 0.000 0.393
348000 0.271 0.336 0.000 0.393
348500 0.271 0.336 0.000 0.393
349000 0.271 0.336 0.000 0.393
349500 0.271 0.336 0.000 0.393
350000 0.271 0.336 0.000 0.393
350500 0.271 0.336 0.000 0.393
351000 0.271 0.336 0.000 0.393
351500 0.271 0.336 0.000 0.393
352000 0.271 0.336 0.000 0.393
352500 0.271 0.336 0.000 0.393
353000 0.271 0.336 0.000 0.393
353500 0.271 0.336 0.000 0.393
354000 0.271 0.336 0.000 0.393
354500 0.271 0.336 0.000 0.393
355000 0.271 0.336 0.000 0.393
355500 0.271 0.336 0.000 0.393
356000 0.271 0.336 0.000 0.393
356500 0.271 0.336 0.000 0.393
357000 0.271 0.336 0.000 0.393
357500 0.271 0.336 0.000 0.393
358000 0.271 0.336 0.000 0.393
358500 0.271 0.336 0.000 0.393
359000 0.271 0.336 0.000 0.393
359500 0.271 0.336 0.000 0.393
360000 0.271 0.336 0.000 0.393
360500 0.271 0.336 0.000 0.393
361000 0.271 0.336 0.000 0.393
361500 0.271 0.336 0.000 0.393
362000 0.271 0.336 0.000 0.393
362500 0.271 0.336 0.000 0.393
363000 0.271 0.336 0.000 0.393
363500 0.271 0.336 0.000 0.393
364000 0.271 0.336 0.000 0.393
364500 0.271 0.336 0.000 0.393
365000 0.271 0.336 0.000 0.393
365500 0.271 0.336 0.000 0.393
366000 0.271 0.336 0.000 0.393
366500 0.271 0.336 0.000 0.393
367000 0.271 0.336 0.000 0.393
367500 0.271 0.336 0.000 0.393
368000 0.271 0.336 0.000 0.393
368500 0.271 0.336 0.000 0.393
369000 0.271 0.336 0.000 0.393
369500 0.271 0.336 0.000 0.393
370000 0.271 0.336 0.000 0.393
370500 0.271 0.336 0.000 0.393
371000 0.271 0.336 0.000 0.393
371500 0.271 0.336 0.000 0.393
372000 0.271 0.336 0.000 0.393
372500 0.271 0.336 0.000 0.393
373000 0.271 0.336 0.000 0.393
373500 0.271 0.336 0.000 0.393
374000 0.271 0.336 0.000 0.393
374500 0.271 0.336 0.000 0.393
375000 0.271 0.336 0.000 0.393
375500 0.271 0.336 0.000 0.393
376000 0.271 0.336 0.000 0.393
376500 0.271 0.336 0.000 0.393
377000 0.271 0.336 0.000 0.393
377500 0.271 0.336 0.000 0.393
378000 0.271 0.336 0.000 0.393
378500 0.271 0.336 0.000 0.393
379000 0.271 0.336 0.000 0.393
379500 0.271 0.336 0.000 0.393
380000 0.271 0.336 0.000 0.393
380500 0.271 0.336 0.000 0.393
381000 0.271 0.336 0.000 0.393
381500 0.271 0.336 0.000 0.393
382000 0.271 0.336 0.000 0.393
382500 0.271 0.336 0.000 0.393
383000 0.271 0.336 0.000 0.393
383500 0.271 0.336 0.000 0.393
384000 0.271 0.336 0.000 0.393
384500 0.271 0.336 0.000 0.393
385000 0.271 0.336 0.000 0.393
385500 0.271 0.336 0.000 0.393
386000 0.271 0.336 0.000 0.393
386500 0.271 0.336 0.000 0.393
387000 0.271 0.336 0.000 0.393
387500 0.271 0.336 0.000 0.393
388000 0.271 0.336 0.000 0.393
388500 0.271 0.336 0.000 0.393
389000 0.271 0.336 0.000 0.393
389500 0.271 0.336 0.000 0.393
390000 0.271 0.336 0.000 0.393
390500 0.271 0.336 0.000 0.393
391000 0.271 0.336 0.000 0.393
391500 0.271 0.336 0.000 0.393
392000 0.271 0.336 0.000 0.393
392500 0.271 0.336 0.000 0.393
393000 0.271 0.336 0.000 0.393
393500 0.271 0.336 0.000 0.393
394000 0.271 0.336 0.000 0.393
394500 0.271 0.336 0.000 0.393
395000 0.271 0.336 0.000 0.393
395500 0.271 0.336 0.000 0.393
396000 0.271 0.336 0.000 0.393
396500 0.271 0.336 0.000 0.393
397000 0.271 0.336 0.000 0.393
397500 0.271 0.336 0.000 0.393
398000 0.271 0.336 0.000 0.393
398500 0.271 0.336 0.000 0.393
399000 0.271 0.336 0.000 0.393
399500 0.271 0.336 0.000 0.393
400000 0.271 0.336 0.000 0.393
400500 0.271 0.336 0.000 0.393
401000 0.271 0.336 0.000 0.393
401500 0.271 0.336 0.000 0.393
402000 0.271 0.336 0.000 0.393
402500 0.271 0.336 0.000 0.393
403000 0.271 0.336 0.000 0.393
403500 0.271 0.336 0.000 0.393
404000 0.271 0.336 0.000 0.393
404500 0.271 0.336 0.000 0.393
405000 0.271 0.336 0.000 0.393
405500 0.271 0.336 0.000 0.393
406000 0.271 0.336 0.000 0.393
406500 0.271 0.336 0.000 0.393
407000 0.271 0.336 0.000 0.393
407500 0.271 0.336 0.000 0.393
408000 0.271 0.336 0.000 0.393
408500 0.271 0.336 0.000 0.393
409000 0.271 0.336 0.000 0.393
409500 0.271 0.336 0.000 0.393
410000 0.271 0.336 0.000 0.393
410500 0.271 0.336 0.000 0.393
411000 0.271 0.336 0.000 0.393
411500 0.271 0.336 0.000 0.393
412000 0.271 0.336 0.000 0.393
412500 0.271 0.336 0.000 0.393
413000 0.271 0.336 0.000 0.393
413500 0.271 0.336 0.000 0.393
414000 0.271 0.336 0.000 0.393
414500 0.271 0.336 0.000 0.393
415000 0.271 0.336 0.000 0.393
415500 0.271 0.336 0.000 0.393
416000 0.271 0.336 0.000 0.393
416500 0.271 0.336 0.000 0.393
417000 0.271 0.336 0.000 0.393
417500 0.271 0.336 0.000 0.393
418000 0.271 0.336 0.000 0.393
418500 0.271 0.336 0.000 0.393
419000 0.271 0.336 0.000 0.393
419500 0.271 0.336 0.000 0.393
420000 0.271 0.336 0.000 0.393
420500 0.271 0.336 0.000 0.393
421000 0.271 0.336 0.000 0.393
421500 0.271 0.336 0.000 0.393
422000 0.271 0.336 0.000 0.393
422500 0.271 0.336 0.000 0.393
423000 0.271 0.336 0.000 0.393
423500 0.271 0.336 0.000 0.393
424000 0.271 0.336 0.000 0.393
424500 0.271 0.336 0.000 0.393
425000 0.271 0.336 0.000 0.393
425500 0.271 0.336 0.000 0.393
426000 0.271 0.336 0.000 0.393
426500 0.271 0.336 0.000 0.393
427000 0.271 0.336 0.000 0.393
427500 0.271 0.336 0.000 0.393
428000 0.271 0.336 0.000 0.393
428500 0.271 0.336 0.000 0.393
429000 0.271 0.336 0.000 0.393
429500 0.271 0.336 0.000 0.393
430000 0.271 0.336 0.000 0.393
430500 0.271 0.336 0.000 0.393
431000 0.271 0.336 0.000 0.393
431500 0.271 0.336 0.000 0.393
432000 0.271 0.336 0.000 0.393
432500 0.271 0.336 0.000 0.393
433000 0.271 0.336 0.000 0.393
433500 0.271 0.336 0.000 0.393
434000 0.271 0.336 0.000 0.393
434500 0.271 0.336 0.000 0.393
435000 0.271 0.336 0.000 0.393
435500 0.271 0.336 0.000 0.393
436000 0.271 0.336 0.000 0.393
436500 0.271 0.336 0.000 0.393
437000 0.271 0.336 0.000 0.393
437500 0.271 0.336 0.000 0.393
438000 0.271 0.336 0.000 0.393
438500 0.271 0.336 0.000 0.393
439000 0.271 0.336 0.000 0.393
439500 0.271 0.336 0.000 0.393
440000 0.271 0.336 0.000 0.393
440500 0.271 0.336 0.000 0.393
441000 0.271 0.336 0.000 0.393
441500 0.271 0.336 0.000 0.393
442000 0.271 0.336 0.000 0.393
442500 0.271 0.336 0.000 0.393
443000 0.271 0.336 0.000 0.393
443500 0.271 0.336 0.000 0.393
444000 0.271 0.336 0.000 0.393
444500 0.271 0.336 0.000 0.393
445000 0.271 0.336 0.000 0.393
445500 0.271 0.336 0.000 0.393
446000 0.271 0.336 0.000 0.393
446500 0.271 0.336 0.000 0.393
447000 0.271 0.336 0.000 0.393
447500 0.271 0.336 0.000 0.393
448000 0.271 0.336 0.000 0.393
448500 0.271 0.336 0.000 0.393
449000 0.271 0.336 0.000 0.393
449500 0.271 0.336 0.000 0.393
450000 0.271 0.336 0.000 0.393
450500 0.271 0.336 0.000 0.393
451000 0.271 0.336 0.000 0.393
451500 0.271 0.336 0.000 0.393
452000 0.271 0.336 0.000 0.393
452500 0.271 0.336 0.000 0.393
453000 0.271 0.336 0.000 0.393
453500 0.271 0.336 0.000 0.393
454000 0.271 0.336 0.000 0.393
454500 0.271 0.336 0.000 0.393
455000 0.271 0.336 0.000 0.393
455500 0.271 0.336 0.000 0.393
456000 0.271 0.336 0.000 0.393
456500 0.271 0.336 0.000 0.393
457000 0.271 0.336 0.000 0.393
457500 0.271 0.336 0.000 0.393
458000 0.271 0.336 0.000 0.393
458500 0.271 0.336 0.000 0.393
459000 0.271 0.336 0.000 0.393
459500 0.271 0.336 0.000 0.393
460000 0.271 0.336 0.000 0.393
460500 0.271 0.336 0.000 0.393
461000 0.271 0.336 0.000 0.393
461500 0.271 0.336 0.000 0.393
462000 0.271 0.336 0.000 0.393
462500 0.271 0.336 0.000 0.393
463000 0.271 0.336 0.000 0.393
463500 0.271 0.336 0.000 0.393
464000 0.271 0.336 0.000 0.393
464500 0.271 0.336 0.000 0.393
465000 0.271 0.336 0.000 0.393
465500 0.271 0.336 0.000 0.393
466000 0.271 0.336 0.000 0.393
466500 0.271 0.336 0.000 0.393
467000 0.271 0.336 0.000 0.393
467500 0.271 0.336 0.000 0.393
468000 0.271 0.336 0.000 0.393
468500 0.271 0.336 0.000 0.393
469000 0.271 0.336 0.000 0.393
469500 0.271 0.336 0.000 0.393
470000 0.271 0.336 0.000 0.393
470500 0.271 0.336 0.000 0.393
471000 0.271 0.336 0.000 0.393
471500 0.271 0.336 0.000 0.393
472000 0.271 0.336 0.000 0.393
472500 0.271 0.336 0.000 0.393
473000 0.271 0.336 0.000 0.393
473500 0.271 0.336 0.000 0.393
474000 0.271 0.336 0.000 0.393
474500 0.271 0.336 0.000 0.393
475000 0.271 0.336 0.000 0.393
475500 0.271 0.336 0.000 0.393
476000 0.271 0.336 0.000 0.393
476500 0.271 0.336 0.000 0.393
477000 0.271 0.336 0.000 0.393
477500 0.271 0.336 0.000 0.393
478000 0.271 0.336 0.000 0.393
478500 0.271 0.336 0.000 0.393
479000 0.271 0.336 0.000 0.393
479500 0.271 0.336 0.000 0.393
480000 0.271 0.336 0.000 0.393
480500 0.271 0.336 0.000 0.393
481000 0.271 0.336 0.000 0.393
481500 0.271 0.336 0.000 0.393
482000 0.271 0.336 0.000 0.393
482500 0.271 0.336 0.000 0.393
483000 0.271 0.336 0.000 0.393
483500 0.271 0.336 0.000 0.393
484000 0.271 0.336 0.000 0.393
484500 0.271 0.336 0.000 0.393
485000 0.271 0.336 0.000 0.393
485500 0.271 0.336 0.000 0.393
486000 0.271 0.336 0.000 0.393
486500 0.271 0.336 0.000 0.393
487000 0.271 0.336 0.000 0.393
487500 0.271 0.336 0.000 0.393
488000 0.271 0.336 0.000 0.393
488500 0.271 0.336 0.000 0.393
489000 0.271 0.336 0.000 0.393
489500 0.271 0.336 0.000 0.393
490000 0.271 0.336 0.000 0.393
490500 0.271 0.336 0.000 0.393
491000 0.271 0.336 0.000 0.393
491500 0.271 0.336 0.000 0.393
492000 0.271 0.336 0.000 0.393
492500 0.271 0.336 0.000 0.393
493000 0.271 0.336 0.000 0.393
493500 0.271 0.336 0.000 0.393
494000 0.271 0.336 0.000 0.393
494500 0.271 0.336 0.000 0.393
495000 0.271 0.336 0.000 0.393
495500 0.271 0.336 0.000 0.393
496000 0.271 0.336 0.000 0.393
496500 0.271 0.336 0.000 0.393
497000 0.271 0.336 0.000 0.393
497500 0.271 0.336 0.000 0.393
498000 0.271 0.336 0.000 0.393
498500 0.271 0.336 0.000 0.393
499000 0.271 0.336 0.000 0.393
499500 0.271 0.336 0.000 0.393
500000 0.271 0.336 0.000 0.393
