000000 0.250 0.250 0.250 0.250
000500 0.950 0.020 0.000 0.030
001000 0.950 0.020 0.000 0.030
001500 0.949 0.020 0.000 0.030
002000 0.949 0.021 0.000 0.030
002500 0.949 0.021 0.000 0.030
003000 0.949 0.021 0.000 0.030
003500 0.949 0.021 0.000 0.030
004000 0.949 0.021 0.000 0.030
004500 0.949 0.021 0.000 0.030
005000 0.949 0.021 0.000 0.030
005500 0.949 0.021 0.000 0.030
006000 0.949 0.021 0.000 0.030
006500 0.949 0.021 0.000 0.030
007000 0.949 0.021 0.000 0.030
007500 0.949 0.021 0.000 0.030
008000 0.949 0.021 0.000 0.030
008500 0.949 0.021 0.000 0.030
009000 0.949 0.021 0.000 0.030
009500 0.949 0.021 0.000 0.030
010000 0.949 0.021 0.000 0.030
010500 0.949 0.021 0.000 0.030
011000 0.949 0.021 0.000 0.030
011500 0.949 0.021 0.000 0.030
012000 0.949 0.021 0.000 0.030
012500 0.949 0.021 0.000 0.030
013000 0.949 0.021 0.000 0.030
013500 0.949 0.021 0.000 0.030
014000 0.949 0.021 0.000 0.030
014500 0.949 0.021 0.000 0.030
015000 0.949 0.021 0.000 0.030
015500 0.949 0.021 0.000 0.030
016000 0.949 0.021 0.000 0.030
016500 0.949 0.021 0.000 0.030
017000 0.949 0.021 0.000 0.030
017500 0.949 0.021 0.000 0.030
018000 0.949 0.021 0.000 0.030
018500 0.949 0.021 0.000 0.030
019000 0.949 0.021 0.000 0.030
019500 0.949 0.021 0.000 0.030
020000 0.949 0.021 0.000 0.030
020500 0.949 0.021 0.000 0.030
021000 0.949 0.021 0.000 0.030
021500 0.949 0.021 0.000 0.030
022000 0.949 0.021 0.000 0.030
022500 0.949 0.021 0.000 0.030
023000 0.949 0.021 0.000 0.030
023500 0.949 0.021 0.000 0.030
024000 0.949 0.021 0.000 0.030
024500 0.949 0.021 0.000 0.030
025000 0.949 0.021 0.000 0.030
025500 0.949 0.021 0.000 0.030
026000 0.949 0.021 0.000 0.030
026500 0.949 0.021 0.000 0.030
027000 0.949 0.021 0.000 0.030
027500 0.949 0.021 0.000 0.030
028000 0.949 0.021 0.000 0.030
028500 0.949 0.021 0.000 0.030
029000 0.949 0.021 0.000 0.030
029500 0.949 0.021 0.000 0.030
030000 0.949 0.021 0.000 0.030
030500 0.949 0.021 0.000 0.030
031000 0.949 0.021 0.000 0.030
031500 0.949 0.021 0.000 0.030
032000 0.949 0.021 0.000 0.030
032500 0.949 0.021 0.000 0.030
033000 0.949 0.021 0.000 0.030
033500 0.949 0.021 0.000 0.030
034000 0.949 0.021 0.000 0.030
034500 0.949 0.021 0.000 0.030
035000 0.949 0.021 0.000 0.030
035500 0.949 0.021 0.000 0.030
036000 0.949 0.021 0.000 0.030
036500 0.949 0.021 0.000 0.030
037000 0.949 0.021 0.000 0.030
037500 0.949 0.021 0.000 0.030
038000 0.949 0.021 0.000 0.030
038500 0.949 0.021 0.000 0.030
039000 0.949 0.021 0.000 0.030
039500 0.949 0.021 0.000 0.030
040000 0.949 0.021 0.000 0.030
040500 0.949 0.021 0.000 0.030
041000 0.949 0.021 0.000 0.030
041500 0.949 0.021 0.000 0.030
042000 0.949 0.021 0.000 0.030
042500 0.949 0.021 0.000 0.030
043000 0.949 0.021 0.000 0.030
043500 0.949 0.021 0.000 0.030
044000 0.949 0.021 0.000 0.030
044500 0.949 0.021 0.000 0.030
045000 0.949 0.021 0.000 0.030
045500 0.949 0.021 0.000 0.030
046000 0.949 0.021 0.000 0.030
046500 0.949 0.021 0.000 0.030
047000 0.949 0.021 0.000 0.030
047500 0.949 0.021 0.000 0.030
048000 0.949 0.021 0.000 0.030
048500 0.949 0.021 0.000 0.030
049000 0.949 0.021 0.000 0.030
049500 0.949 0.021 0.000 0.030
050000 0.949 0.021 0.000 0.030
050500 0.949 0.021 0.000 0.030
051000 0.949 0.021 0.000 0.030
051500 0.949 0.021 0.000 0.030
052000 0.949 0.021 0.000 0.030
052500 0.949 0.021 0.000 0.030
053000 0.949 0.021 0.000 0.030
053500 0.949 0.021 0.000 0.030
054000 0.949 0.021 0.000 0.030
054500 0.949 0.021 0.000 0.030
055000 0.949 0.021 0.000 0.030
055500 0.949 0.021 0.000 0.030
056000 0.949 0.021 0.000 0.030
056500 0.949 0.021 0.000 0.030
057000 0.949 0.021 0.000 0.030
057500 0.949 0.021 0.000 0.030
058000 0.949 0.021 0.000 0.030
058500 0.949 0.021 0.000 0.030
059000 0.949 0.021 0.000 0.030
059500 0.949 0.021 0.000 0.030
060000 0.949 0.021 0.000 0.030
060500 0.949 0.021 0.000 0.030
061000 0.949 0.021 0.000 0.030
061500 0.949 0.021 0.000 0.030
062000 0.949 0.021 0.000 0.030
062500 0.949 0.021 0.000 0.030
063000 0.949 0.021 0.000 0.030
063500 0.949 0.021 0.000 0.030
064000 0.949 0.021 0.000 0.030
064500 0.949 0.021 0.000 0.030
065000 0.949 0.021 0.000 0.030
065500 0.949 0.021 0.000 0.030
066000 0.949 0.021 0.000 0.030
066500 0.949 0.021 0.000 0.030
067000 0.949 0.021 0.000 0.030
067500 0.949 0.021 0.000 0.030
068000 0.949 0.021 0.000 0.030
068500 0.949 0.021 0.000 0.030
069000 0.949 0.021 0.000 0.030
069500 0.949 0.021 0.000 0.030
070000 0.949 0.021 0.000 0.030
070500 0.949 0.021 0.000 0.030
071000 0.949 0.021 0.000 0.030
071500 0.949 0.021 0.000 0.030
072000 0.949 0.021 0.000 0.030
072500 0.949 0.021 0.000 0.030
073000 0.949 0.021 0.000 0.030
073500 0.949 0.021 0.000 0.030
074000 0.949 0.021 0.000 0.030
074500 0.949 0.021 0.000 0.030
075000 0.949 0.021 0.000 0.030
075500 0.949 0.021 0.000 0.030
076000 0.949 0.021 0.000 0.030
076500 0.949 0.021 0.000 0.030
077000 0.949 0.021 0.000 0.030
077500 0.949 0.021 0.000 0.030
078000 0.949 0.021 0.000 0.030
078500 0.949 0.021 0.000 0.030
079000 0.949 0.021 0.000 0.030
079500 0.949 0.021 0.000 0.030
080000 0.949 0.021 0.000 0.030
080500 0.949 0.021 0.000 0.030
081000 0.949 0.021 0.000 0.030
081500 0.949 0.021 0.000 0.030
082000 0.949 0.021 0.000 0.030
082500 0.949 0.021 0.000 0.030
083000 0.949 0.021 0.000 0.030
083500 0.949 0.021 0.000 0.030
084000 0.949 0.021 0.000 0.030
084500 0.949 0.021 0.000 0.030
085000 0.949 0.021 0.000 0.030
085500 0.949 0.021 0.000 0.030
086000 0.949 0.021 0.000 0.030
086500 0.949 0.021 0.000 0.030
087000 0.949 0.021 0.000 0.030
087500 0.949 0.021 0.000 0.030
088000 0.949 0.021 0.000 0.030
088500 0.949 0.021 0.000 0.030
089000 0.949 0.021 0.000 0.030
089500 0.949 0.021 0.000 0.030
090000 0.949 0.021 0.000 0.030
090500 0.949 0.021 0.000 0.030
091000 0.949 0.021 0.000 0.030
091500 0.949 0.021 0.000 0.030
092000 0.949 0.021 0.000 0.030
092500 0.949 0.021 0.000 0.030
093000 0.949 0.021 0.000 0.030
093500 0.949 0.021 0.000 0.030
094000 0.949 0.021 0.000 0.030
094500 0.949 0.021 0.000 0.030
095000 0.949 0.021 0.000 0.030
095500 0.949 0.021 0.000 0.030
096000 0.949 0.021 0.000 0.030
096500 0.949 0.021 0.000 0.030
097000 0.949 0.021 0.000 0.030
097500 0.949 0.021 0.000 0.030
098000 0.949 0.021 0.000 0.030
098500 0.949 0.021 0.000 0.030
099000 0.949 0.021 0.000 0.030
099500 0.949 0.021 0.000 0.030
100000 0.949 0.021 0.000 0.030
100500 0.949 0.021 0.000 0.030
101000 0.949 0.021 0.000 0.030
101500 0.949 0.021 0.000 0.030
102000 0.949 0.021 0.000 0.030
102500 0.949 0.021 0.000 0.030
103000 0.949 0.021 0.000 0.030
103500 0.949 0.021 0.000 0.030
104000 0.949 0.021 0.000 0.030
104500 0.949 0.021 0.000 0.030
105000 0.949 0.021 0.000 0.030
105500 0.949 0.021 0.000 0.030
106000 0.949 0.021 0.000 0.030
106500 0.949 0.021 0.000 0.030
107000 0.949 0.021 0.000 0.030
107500 0.949 0.021 0.000 0.030
108000 0.949 0.021 0.000 0.030
108500 0.949 0.021 0.000 0.030
109000 0.949 0.021 0.000 0.030
109500 0.949 0.021 0.000 0.030
110000 0.949 0.021 0.000 0.030
110500 0.949 0.021 0.000 0.030
111000 0.949 0.021 0.000 0.030
111500 0.949 0.021 0.000 0.030
112000 0.949 0.021 0.000 0.030
112500 0.949 0.021 0.000 0.030
113000 0.949 0.021 0.000 0.030
113500 0.949 0.021 0.000 0.030
114000 0.949 0.021 0.000 0.030
114500 0.949 0.021 0.000 0.030
115000 0.949 0.021 0.000 0.030
115500 0.949 0.021 0.000 0.030
116000 0.949 0.021 0.000 0.030
116500 0.949 0.021 0.000 0.030
117000 0.949 0.021 0.000 0.030
117500 0.949 0.021 0.000 0.030
118000 0.949 0.021 0.000 0.030
118500 0.949 0.021 0.000 0.030
119000 0.949 0.021 0.000 0.030
119500 0.949 0.021 0.000 0.030
120000 0.949 0.021 0.000 0.030
120500 0.949 0.021 0.000 0.030
121000 0.949 0.021 0.000 0.030
121500 0.949 0.021 0.000 0.030
122000 0.949 0.021 0.000 0.030
122500 0.949 0.021 0.000 0.030
123000 0.949 0.021 0.000 0.030
123500 0.949 0.021 0.000 0.030
124000 0.949 0.021 0.000 0.030
124500 0.949 0.021 0.000 0.030
125000 0.949 0.021 0.000 0.030
125500 0.949 0.021 0.000 0.030
126000 0.949 0.021 0.000 0.030
126500 0.949 0.021 0.000 0.030
127000 0.949 0.021 0.000 0.030
127500 0.949 0.021 0.000 0.030
128000 0.949 0.021 0.000 0.030
128500 0.949 0.021 0.000 0.030
129000 0.949 0.021 0.000 0.030
129500 0.949 0.021 0.000 0.030
130000 0.949 0.021 0.000 0.030
130500 0.949 0.021 0.000 0.030
131000 0.949 0.021 0.000 0.030
131500 0.949 0.021 0.000 0.030
132000 0.949 0.021 0.000 0.030
132500 0.949 0.021 0.000 0.030
133000 0.949 0.021 0.000 0.030
133500 0.949 0.021 0.000 0.030
134000 0.949 0.021 0.000 0.030
134500 0.949 0.021 0.000 0.030
135000 0.949 0.021 0.000 0.030
135500 0.949 0.021 0.000 0.030
136000 0.949 0.021 0.000 0.030
136500 0.949 0.021 0.000 0.030
137000 0.949 0.021 0.000 0.030
137500 0.949 0.021 0.000 0.030
138000 0.949 0.021 0.000 0.030
138500 0.949 0.021 0.000 0.030
139000 0.949 0.021 0.000 0.030
139500 0.949 0.021 0.000 0.030
140000 0.949 0.021 0.000 0.030
140500 0.949 0.021 0.000 0.030
141000 0.949 0.021 0.000 0.030
141500 0.949 0.021 0.000 0.030
142000 0.949 0.021 0.000 0.030
142500 0.949 0.021 0.000 0.030
143000 0.949 0.021 0.000 0.030
143500 0.949 0.021 0.000 0.030
144000 0.949 0.021 0.000 0.030
144500 0.949 0.021 0.000 0.030
145000 0.949 0.021 0.000 0.030
145500 0.949 0.021 0.000 0.030
146000 0.949 0.021 0.000 0.030
146500 0.949 0.021 0.000 0.030
147000 0.949 0.021 0.000 0.030
147500 0.949 0.021 0.000 0.030
148000 0.949 0.021 0.000 0.030
148500 0.949 0.021 0.000 0.030
149000 0.949 0.021 0.000 0.030
149500 0.949 0.021 0.000 0.030
150000 0.949 0.021 0.000 0.030
150500 0.949 0.021 0.000 0.030
151000 0.949 0.021 0.000 0.030
151500 0.949 0.021 0.000 0.030
152000 0.949 0.021 0.000 0.030
152500 0.949 0.021 0.000 0.030
153000 0.949 0.021 0.000 0.030
153500 0.949 0.021 0.000 0.030
154000 0.949 0.021 0.000 0.030
154500 0.949 0.021 0.000 0.030
155000 0.949 0.021 0.000 0.030
155500 0.949 0.021 0.000 0.030
156000 0.949 0.021 0.000 0.030
156500 0.949 0.021 0.000 0.030
157000 0.949 0.021 0.000 0.030
157500 0.949 0.021 0.000 0.030
158000 0.949 0.021 0.000 0.030
158500 0.949 0.021 0.000 0.030
159000 0.949 0.021 0.000 0.030
159500 0.949 0.021 0.000 0.030
160000 0.949 0.021 0.000 0.030
160500 0.949 0.021 0.000 0.030
161000 0.949 0.021 0.000 0.030
161500 0.949 0.021 0.000 0.030
162000 0.949 0.021 0.000 0.030
162500 0.949 0.021 0.000 0.030
163000 0.949 0.021 0.000 0.030
163500 0.949 0.021 0.000 0.030
164000 0.949 0.021 0.000 0.030
164500 0.949 0.021 0.000 0.030
165000 0.949 0.021 0.000 0.030
165500 0.949 0.021 0.000 0.030
166000 0.949 0.021 0.000 0.030
166500 0.949 0.021 0.000 0.030
167000 0.949 0.021 0.000 0.030
167500 0.949 0.021 0.000 0.030
168000 0.949 0.021 0.000 0.030
168500 0.949 0.021 0.000 0.030
169000 0.949 0.021 0.000 0.030
169500 0.949 0.021 0.000 0.030
170000 0.949 0.021 0.000 0.030
170500 0.949 0.021 0.000 0.030
171000 0.949 0.021 0.000 0.030
171500 0.949 0.021 0.000 0.030
172000 0.949 0.021 0.000 0.030
172500 0.949 0.021 0.000 0.030
173000 0.949 0.021 0.000 0.030
173500 0.949 0.021 0.000 0.030
174000 0.949 0.021 0.000 0.030
174500 0.949 0.021 0.000 0.030
175000 0.949 0.021 0.000 0.030
175500 0.949 0.021 0.000 0.030
176000 0.949 0.021 0.000 0.030
176500 0.949 0.021 0.000 0.030
177000 0.949 0.021 0.000 0.030
177500 0.949 0.021 0.000 0.030
178000 0.949 0.021 0.000 0.030
178500 0.949 0.021 0.000 0.030
179000 0.949 0.021 0.000 0.030
179500 0.949 0.021 0.000 0.030
180000 0.949 0.021 0.000 0.030
180500 0.949 0.021 0.000 0.030
181000 0.949 0.021 0.000 0.030
181500 0.949 0.021 0.000 0.030
182000 0.949 0.021 0.000 0.030
182500 0.949 0.021 0.000 0.030
183000 0.949 0.021 0.000 0.030
183500 0.949 0.021 0.000 0.030
184000 0.949 0.021 0.000 0.030
184500 0.949 0.021 0.000 0.030
185000 0.949 0.021 0.000 0.030
185500 0.949 0.021 0.000 0.030
186000 0.949 0.021 0.000 0.030
186500 0.949 0.021 0.000 0.030
187000 0.949 0.021 0.000 0.030
187500 0.949 0.021 0.000 0.030
188000 0.949 0.021 0.000 0.030
188500 0.949 0.021 0.000 0.030
189000 0.949 0.021 0.000 0.030
189500 0.949 0.021 0.000 0.030
190000 0.949 0.021 0.000 0.030
190500 0.949 0.021 0.000 0.030
191000 0.949 0.021 0.000 0.030
191500 0.949 0.021 0.000 0.030
192000 0.949 0.021 0.000 0.030
192500 0.949 0.021 0.000 0.030
193000 0.949 0.021 0.000 0.030
193500 0.949 0.021 0.000 0.030
194000 0.949 0.021 0.000 0.030
194500 0.949 0.021 0.000 0.030
195000 0.949 0.021 0.000 0.030
195500 0.949 0.021 0.000 0.030
196000 0.949 0.021 0.000 0.030
196500 0.949 0.021 0.000 0.030
197000 0.949 0.021 0.000 0.030
197500 0.949 0.021 0.000 0.030
198000 0.949 0.021 0.000 0.030
198500 0.949 0.021 0.000 0.030
199000 0.949 0.021 0.000 0.030
199500 0.949 0.021 0.000 0.030
200000 0.949 0.021 0.000 0.030
200500 0.949 0.021 0.000 0.030
201000 0.949 0.021 0.000 0.030
201500 0.949 0.021 0.000 0.030
202000 0.949 0.021 0.000 0.030
202500 0.949 0.021 0.000 0.030
203000 0.949 0.021 0.000 0.030
203500 0.949 0.021 0.000 0.030
204000 0.949 0.021 0.000 0.030
204500 0.949 0.021 0.000 0.030
205000 0.949 0.021 0.000 0.030
205500 0.949 0.021 0.000 0.030
206000 0.949 0.021 0.000 0.030
206500 0.949 0.021 0.000 0.030
207000 0.949 0.021 0.000 0.030
207500 0.949 0.021 0.000 0.030
208000 0.949 0.021 0.000 0.030
208500 0.949 0.021 0.000 0.030
209000 0.949 0.021 0.000 0.030
209500 0.949 0.021 0.000 0.030
210000 0.949 0.021 0.000 0.030
210500 0.949 0.021 0.000 0.030
211000 0.949 0.021 0.000 0.030
211500 0.949 0.021 0.000 0.030
212000 0.949 0.021 0.000 0.030
212500 0.949 0.021 0.000 0.030
213000 0.949 0.021 0.000 0.030
213500 0.949 0.021 0.000 0.030
214000 0.949 0.021 0.000 0.030
214500 0.949 0.021 0.000 0.030
215000 0.949 0.021 0.000 0.030
215500 0.949 0.021 0.000 0.030
216000 0.949 0.021 0.000 0.030
216500 0.949 0.021 0.000 0.030
217000 0.949 0.021 0.000 0.030
217500 0.949 0.021 0.000 0.030
218000 0.949 0.021 0.000 0.030
218500 0.949 0.021 0.000 0.030
219000 0.949 0.021 0.000 0.030
219500 0.949 0.021 0.000 0.030
220000 0.949 0.021 0.000 0.030
220500 0.949 0.021 0.000 0.030
221000 0.949 0.021 0.000 0.030
221500 0.949 0.021 0.000 0.030
222000 0.949 0.021 0.000 0.030
222500 0.949 0.021 0.000 0.030
223000 0.949 0.021 0.000 0.030
223500 0.949 0.021 0.000 0.030
224000 0.949 0.021 0.000 0.030
224500 0.949 0.021 0.000 0.030
225000 0.949 0.021 0.000 0.030
225500 0.949 0.021 0.000 0.030
226000 0.949 0.021 0.000 0.030
226500 0.949 0.021 0.000 0.030
227000 0.949 0.021 0.000 0.030
227500 0.949 0.021 0.000 0.030
228000 0.949 0.021 0.000 0.030
228500 0.949 0.021 0.000 0.030
229000 0.949 0.021 0.000 0.030
229500 0.949 0.021 0.000 0.030
230000 0.949 0.021 0.000 0.030
230500 0.949 0.021 0.000 0.030
231000 0.949 0.021 0.000 0.030
231500 0.949 0.021 0.000 0.030
232000 0.949 0.021 0.000 0.030
232500 0.949 0.021 0.000 0.030
233000 0.949 0.021 0.000 0.030
233500 0.949 0.021 0.000 0.030
234000 0.949 0.021 0.000 0.030
234500 0.949 0.021 0.000 0.030
235000 0.949 0.021 0.000 0.030
235500 0.949 0.021 0.000 0.030
236000 0.949 0.021 0.000 0.030
236500 0.949 0.021 0.000 0.030
237000 0.949 0.021 0.000 0.030
237500 0.949 0.021 0.000 0.030
238000 0.949 0.021 0.000 0.030
238500 0.949 0.021 0.000 0.030
239000 0.949 0.021 0.000 0.030
239500 0.949 0.021 0.000 0.030
240000 0.949 0.021 0.000 0.030
240500 0.949 0.021 0.000 0.030
241000 0.949 0.021 0.000 0.030
241500 0.949 0.021 0.000 0.030
242000 0.949 0.021 0.000 0.030
242500 0.949 0.021 0.000 0.030
243000 0.949 0.021 0.000 0.030
243500 0.949 0.021 0.000 0.030
244000 0.949 0.021 0.000 0.030
244500 0.949 0.021 0.000 0.030
245000 0.949 0.021 0.000 0.030
245500 0.949 0.021 0.000 0.030
246000 0.949 0.021 0.000 0.030
246500 0.949 0.021 0.000 0.030
247000 0.949 0.021 0.000 0.030
247500 0.949 0.021 0.000 0.030
248000 0.949 0.021 0.000 0.030
248500 0.949 0.021 0.000 0.030
249000 0.949 0.021 0.000 0.030
249500 0.949 0.021 0.000 0.030
250000 0.949 0.021 0.000 0.030
250500 0.949 0.021 0.000 0.030
251000 0.949 0.021 0.000 0.030
251500 0.949 0.021 0.000 0.030
252000 0.949 0.021 0.000 0.030
252500 0.949 0.021 0.000 0.030
253000 0.949 0.021 0.000 0.030
253500 0.949 0.021 0.000 0.030
254000 0.949 0.021 0.000 0.030
254500 0.949 0.021 0.000 0.030
255000 0.949 0.021 0.000 0.030
255500 0.949 0.021 0.000 0.030
256000 0.949 0.021 0.000 0.030
256500 0.949 0.021 0.000 0.030
257000 0.949 0.021 0.000 0.030
257500 0.949 0.021 0.000 0.030
258000 0.949 0.021 0.000 0.030
258500 0.949 0.021 0.000 0.030
259000 0.949 0.021 0.000 0.030
259500 0.949 0.021 0.000 0.030
260000 0.949 0.021 0.000 0.030
260500 0.949 0.021 0.000 0.030
261000 0.949 0.021 0.000 0.030
261500 0.949 0.021 0.000 0.030
262000 0.949 0.021 0.000 0.030
262500 0.949 0.021 0.000 0.030
263000 0.949 0.021 0.000 0.030
263500 0.949 0.021 0.000 0.030
264000 0.949 0.021 0.000 0.030
264500 0.949 0.021 0.000 0.030
265000 0.949 0.021 0.000 0.030
265500 0.949 0.021 0.000 0.030
266000 0.949 0.021 0.000 0.030
266500 0.949 0.021 0.000 0.030
267000 0.949 0.021 0.000 0.030
267500 0.949 0.021 0.000 0.030
268000 0.949 0.021 0.000 0.030
268500 0.949 0.021 0.000 0.030
269000 0.949 0.021 0.000 0.030
269500 0.949 0.021 0.000 0.030
270000 0.949 0.021 0.000 0.030
270500 0.949 0.021 0.000 0.030
271000 0.949 0.021 0.000 0.030
271500 0.949 0.021 0.000 0.030
272000 0.949 0.021 0.000 0.030
272500 0.949 0.021 0.000 0.030
273000 0.949 0.021 0.000 0.030
273500 0.949 0.021 0.000 0.030
274000 0.949 0.021 0.000 0.030
274500 0.949 0.021 0.000 0.030
275000 0.949 0.021 0.000 0.030
275500 0.949 0.021 0.000 0.030
276000 0.949 0.021 0.000 0.030
276500 0.949 0.021 0.000 0.030
277000 0.949 0.021 0.000 0.030
277500 0.949 0.021 0.000 0.030
278000 0.949 0.021 0.000 0.030
278500 0.949 0.021 0.000 0.030
279000 0.949 0.021 0.000 0.030
279500 0.949 0.021 0.000 0.030
280000 0.949 0.021 0.000 0.030
280500 0.949 0.021 0.000 0.030
281000 0.949 0.021 0.000 0.030
281500 0.949 0.021 0.000 0.030
282000 0.949 0.021 0.000 0.030
282500 0.949 0.021 0.000 0.030
283000 0.949 0.021 0.000 0.030
283500 0.949 0.021 0.000 0.030
284000 0.949 0.021 0.000 0.030
284500 0.949 0.021 0.000 0.030
285000 0.949 0.021 0.000 0.030
285500 0.949 0.021 0.000 0.030
286000 0.949 0.021 0.000 0.030
286500 0.949 0.021 0.000 0.030
287000 0.949 0.021 0.000 0.030
287500 0.949 0.021 0.000 0.030
288000 0.949 0.021 0.000 0.030
288500 0.949 0.021 0.000 0.030
289000 0.949 0.021 0.000 0.030
289500 0.949 0.021 0.000 0.030
290000 0.949 0.021 0.000 0.030
290500 0.949 0.021 0.000 0.030
291000 0.949 0.021 0.000 0.030
291500 0.949 0.021 0.000 0.030
292000 0.949 0.021 0.000 0.030
292500 0.949 0.021 0.000 0.030
293000 0.949 0.021 0.000 0.030
293500 0.949 0.021 0.000 0.030
294000 0.949 0.021 0.000 0.030
294500 0.949 0.021 0.000 0.030
295000 0.949 0.021 0.000 0.030
295500 0.949 0.021 0.000 0.030
296000 0.949 0.021 0.000 0.030
296500 0.949 0.021 0.000 0.030
297000 0.949 0.021 0.000 0.030
297500 0.949 0.021 0.000 0.030
298000 0.949 0.021 0.000 0.030
298500 0.949 0.021 0.000 0.030
299000 0.949 0.021 0.000 0.030
299500 0.949 0.021 0.000 0.030
300000 0.949 0.021 0.000 0.030
300500 0.949 0.021 0.000 0.030
301000 0.949 0.021 0.000 0.030
301500 0.949 0.021 0.000 0.030
302000 0.949 0.021 0.000 0.030
302500 0.949 0.021 0.000 0.030
303000 0.949 0.021 0.000 0.030
303500 0.949 0.021 0.000 0.030
304000 0.949 0.021 0.000 0.030
304500 0.949 0.021 0.000 0.030
305000 0.949 0.021 0.000 0.030
305500 0.949 0.021 0.000 0.030
306000 0.949 0.021 0.000 0.030
306500 0.949 0.021 0.000 0.030
307000 0.949 0.021 0.000 0.030
307500 0.949 0.021 0.000 0.030
308000 0.949 0.021 0.000 0.030
308500 0.949 0.021 0.000 0.030
309000 0.949 0.021 0.000 0.030
309500 0.949 0.021 0.000 0.030
310000 0.949 0.021 0.000 0.030
310500 0.949 0.021 0.000 0.030
311000 0.949 0.021 0.000 0.030
311500 0.949 0.021 0.000 0.030
312000 0.949 0.021 0.000 0.030
312500 0.949 0.021 0.000 0.030
313000 0.949 0.021 0.000 0.030
313500 0.949 0.021 0.000 0.030
314000 0.949 0.021 0.000 0.030
314500 0.949 0.021 0.000 0.030
315000 0.949 0.021 0.000 0.030
315500 0.949 0.021 0.000 0.030
316000 0.949 0.021 0.000 0.030
316500 0.949 0.021 0.000 0.030
317000 0.949 0.021 0.000 0.030
317500 0.949 0.021 0.000 0.030
318000 0.949 0.021 0.000 0.030
318500 0.949 0.021 0.000 0.030
319000 0.949 0.021 0.000 0.030
319500 0.949 0.021 0.000 0.030
320000 0.949 0.021 0.000 0.030
320500 0.949 0.021 0.000 0.030
321000 0.949 0.021 0.000 0.030
321500 0.949 0.021 0.000 0.030
322000 0.949 0.021 0.000 0.030
322500 0.949 0.021 0.000 0.030
323000 0.949 0.021 0.000 0.030
323500 0.949 0.021 0.000 0.030
324000 0.949 0.021 0.000 0.030
324500 0.949 0.021 0.000 0.030
325000 0.949 0.021 0.000 0.030
325500 0.949 0.021 0.000 0.030
326000 0.949 0.021 0.000 0.030
326500 0.949 0.021 0.000 0.030
327000 0.949 0.021 0.000 0.030
327500 0.949 0.021 0.000 0.030
328000 0.949 0.021 0.000 0.030
328500 0.949 0.021 0.000 0.030
329000 0.949 0.021 0.000 0.030
329500 0.949 0.021 0.000 0.030
330000 0.949 0.021 0.000 0.030
330500 0.949 0.021 0.000 0.030
331000 0.949 0.021 0.000 0.030
331500 0.949 0.021 0.000 0.030
332000 0.949 0.021 0.000 0.030
332500 0.949 0.021 0.000 0.030
333000 0.949 0.021 0.000 0.030
333500 0.949 0.021 0.000 0.030
334000 0.949 0.021 0.000 0.030
334500 0.949 0.021 0.000 0.030
335000 0.949 0.021 0.000 0.030
335500 0.949 0.021 0.000 0.030
336000 0.949 0.021 0.000 0.030
336500 0.949 0.021 0.000 0.030
337000 0.949 0.021 0.000 0.030
337500 0.949 0.021 0.000 0.030
338000 0.949 0.021 0.000 0.030
338500 0.949 0.021 0.000 0.030
339000 0.949 0.021 0.000 0.030
339500 0.949 0.021 0.000 0.030
340000 0.949 0.021 0.000 0.030
340500 0.949 0.021 0.000 0.030
341000 0.949 0.021 0.000 0.030
341500 0.949 0.021 0.000 0.030
342000 0.949 0.021 0.000 0.030
342500 0.949 0.021 0.000 0.030
343000 0.949 0.021 0.000 0.030
343500 0.949 0.021 0.000 0.030
344000 0.949 0.021 0.000 0.030
344500 0.949 0.021 0.000 0.030
345000 0.949 0.021 0.000 0.030
345500 0.949 0.021 0.000 0.030
346000 0.949 0.021 0.000 0.030
346500 0.949 0.021 0.000 0.030
347000 0.949 0.021 0.000 0.030
347500 0.949 0.021 0.000 0.030
348000 0.949 0.021 0.000 0.030
348500 0.949 0.021 0.000 0.030
349000 0.949 0.021 0.000 0.030
349500 0.949 0.021 0.000 0.030
350000 0.949 0.021 0.000 0.030
350500 0.949 0.021 0.000 0.030
351000 0.949 0.021 0.000 0.030
351500 0.949 0.021 0.000 0.030
352000 0.949 0.021 0.000 0.030
352500 0.949 0.021 0.000 0.030
353000 0.949 0.021 0.000 0.030
353500 0.949 0.021 0.000 0.030
354000 0.949 0.021 0.000 0.030
354500 0.949 0.021 0.000 0.030
355000 0.949 0.021 0.000 0.030
355500 0.949 0.021 0.000 0.030
356000 0.949 0.021 0.000 0.030
356500 0.949 0.021 0.000 0.030
357000 0.949 0.021 0.000 0.030
357500 0.949 0.021 0.000 0.030
358000 0.949 0.021 0.000 0.030
358500 0.949 0.021 0.000 0.030
359000 0.949 0.021 0.000 0.030
359500 0.949 0.021 0.000 0.030
360000 0.949 0.021 0.000 0.030
360500 0.949 0.021 0.000 0.030
361000 0.949 0.021 0.000 0.030
361500 0.949 0.021 0.000 0.030
362000 0.949 0.021 0.000 0.030
362500 0.949 0.021 0.000 0.030
363000 0.949 0.021 0.000 0.030
363500 0.949 0.021 0.000 0.030
364000 0.949 0.021 0.000 0.030
364500 0.949 0.021 0.000 0.030
365000 0.949 0.021 0.000 0.030
365500 0.949 0.021 0.000 0.030
366000 0.949 0.021 0.000 0.030
366500 0.949 0.021 0.000 0.030
367000 0.949 0.021 0.000 0.030
367500 0.949 0.021 0.000 0.030
368000 0.949 0.021 0.000 0.030
368500 0.949 0.021 0.000 0.030
369000 0.949 0.021 0.000 0.030
369500 0.949 0.021 0.000 0.030
370000 0.949 0.021 0.000 0.030
370500 0.949 0.021 0.000 0.030
371000 0.949 0.021 0.000 0.030
371500 0.949 0.021 0.000 0.030
372000 0.949 0.021 0.000 0.030
372500 0.949 0.021 0.000 0.030
373000 0.949 0.021 0.000 0.030
373500 0.949 0.021 0.000 0.030
374000 0.949 0.021 0.000 0.030
374500 0.949 0.021 0.000 0.030
375000 0.949 0.021 0.000 0.030
375500 0.949 0.021 0.000 0.030
376000 0.949 0.021 0.000 0.030
376500 0.949 0.021 0.000 0.030
377000 0.949 0.021 0.000 0.030
377500 0.949 0.021 0.000 0.030
378000 0.949 0.021 0.000 0.030
378500 0.949 0.021 0.000 0.030
379000 0.949 0.021 0.000 0.030
379500 0.949 0.021 0.000 0.030
380000 0.949 0.021 0.000 0.030
380500 0.949 0.021 0.000 0.030
381000 0.949 0.021 0.000 0.030
381500 0.949 0.021 0.000 0.030
382000 0.949 0.021 0.000 0.030
382500 0.949 0.021 0.000 0.030
383000 0.949 0.021 0.000 0.030
383500 0.949 0.021 0.000 0.030
384000 0.949 0.021 0.000 0.030
384500 0.949 0.021 0.000 0.030
385000 0.949 0.021 0.000 0.030
385500 0.949 0.021 0.000 0.030
386000 0.949 0.021 0.000 0.030
386500 0.949 0.021 0.000 0.030
387000 0.949 0.021 0.000 0.030
387500 0.949 0.021 0.000 0.030
388000 0.949 0.021 0.000 0.030
388500 0.949 0.021 0.000 0.030
389000 0.949 0.021 0.000 0.030
389500 0.949 0.021 0.000 0.030
390000 0.949 0.021 0.000 0.030
390500 0.949 0.021 0.000 0.030
391000 0.949 0.021 0.000 0.030
391500 0.949 0.021 0.000 0.030
392000 0.949 0.021 0.000 0.030
392500 0.949 0.021 0.000 0.030
393000 0.949 0.021 0.000 0.030
393500 0.949 0.021 0.000 0.030
394000 0.949 0.021 0.000 0.030
394500 0.949 0.021 0.000 0.030
395000 0.949 0.021 0.000 0.030
395500 0.949 0.021 0.000 0.030
396000 0.949 0.021 0.000 0.030
396500 0.949 0.021 0.000 0.030
397000 0.949 0.021 0.000 0.030
397500 0.949 0.021 0.000 0.030
398000 0.949 0.021 0.000 0.030
398500 0.949 0.021 0.000 0.030
399000 0.949 0.021 0.000 0.030
399500 0.949 0.021 0.000 0.030
400000 0.949 0.021 0.000 0.030
400500 0.949 0.021 0.000 0.030
401000 0.949 0.021 0.000 0.030
401500 0.949 0.021 0.000 0.030
402000 0.949 0.021 0.000 0.030
402500 0.949 0.021 0.000 0.030
403000 0.949 0.021 0.000 0.030
403500 0.949 0.021 0.000 0.030
404000 0.949 0.021 0.000 0.030
404500 0.949 0.021 0.000 0.030
405000 0.949 0.021 0.000 0.030
405500 0.949 0.021 0.000 0.030
406000 0.949 0.021 0.000 0.030
406500 0.949 0.021 0.000 0.030
407000 0.949 0.021 0.000 0.030
407500 0.949 0.021 0.000 0.030
408000 0.949 0.021 0.000 0.030
408500 0.949 0.021 0.000 0.030
409000 0.949 0.021 0.000 0.030
409500 0.949 0.021 0.000 0.030
410000 0.949 0.021 0.000 0.030
410500 0.949 0.021 0.000 0.030
411000 0.949 0.021 0.000 0.030
411500 0.949 0.021 0.000 0.030
412000 0.949 0.021 0.000 0.030
412500 0.949 0.021 0.000 0.030
413000 0.949 0.021 0.000 0.030
413500 0.949 0.021 0.000 0.030
414000 0.949 0.021 0.000 0.030
414500 0.949 0.021 0.000 0.030
415000 0.949 0.021 0.000 0.030
415500 0.949 0.021 0.000 0.030
416000 0.949 0.021 0.000 0.030
416500 0.949 0.021 0.000 0.030
417000 0.949 0.021 0.000 0.030
417500 0.949 0.021 0.000 0.030
418000 0.949 0.021 0.000 0.030
418500 0.949 0.021 0.000 0.030
419000 0.949 0.021 0.000 0.030
419500 0.949 0.021 0.000 0.030
420000 0.949 0.021 0.000 0.030
420500 0.949 0.021 0.000 0.030
421000 0.949 0.021 0.000 0.030
421500 0.949 0.021 0.000 0.030
422000 0.949 0.021 0.000 0.030
422500 0.949 0.021 0.000 0.030
423000 0.949 0.021 0.000 0.030
423500 0.949 0.021 0.000 0.030
424000 0.949 0.021 0.000 0.030
424500 0.949 0.021 0.000 0.030
425000 0.949 0.021 0.000 0.030
425500 0.949 0.021 0.000 0.030
426000 0.949 0.021 0.000 0.030
426500 0.949 0.021 0.000 0.030
427000 0.949 0.021 0.000 0.030
427500 0.949 0.021 0.000 0.030
428000 0.949 0.021 0.000 0.030
428500 0.949 0.021 0.000 0.030
429000 0.949 0.021 0.000 0.030
429500 0.949 0.021 0.000 0.030
430000 0.949 0.021 0.000 0.030
430500 0.949 0.021 0.000 0.030
431000 0.949 0.021 0.000 0.030
431500 0.949 0.021 0.000 0.030
432000 0.949 0.021 0.000 0.030
432500 0.949 0.021 0.000 0.030
433000 0.949 0.021 0.000 0.030
433500 0.949 0.021 0.000 0.030
434000 0.949 0.021 0.000 0.030
434500 0.949 0.021 0.000 0.030
435000 0.949 0.021 0.000 0.030
435500 0.949 0.021 0.000 0.030
436000 0.949 0.021 0.000 0.030
436500 0.949 0.021 0.000 0.030
437000 0.949 0.021 0.000 0.030
437500 0.949 0.021 0.000 0.030
438000 0.949 0.021 0.000 0.030
438500 0.949 0.021 0.000 0.030
439000 0.949 0.021 0.000 0.030
439500 0.949 0.021 0.000 0.030
440000 0.949 0.021 0.000 0.030
440500 0.949 0.021 0.000 0.030
441000 0.949 0.021 0.000 0.030
441500 0.949 0.021 0.000 0.030
442000 0.949 0.021 0.000 0.030
442500 0.949 0.021 0.000 0.030
443000 0.949 0.021 0.000 0.030
443500 0.949 0.021 0.000 0.030
444000 0.949 0.021 0.000 0.030
444500 0.949 0.021 0.000 0.030
445000 0.949 0.021 0.000 0.030
445500 0.949 0.021 0.000 0.030
446000 0.949 0.021 0.000 0.030
446500 0.949 0.021 0.000 0.030
447000 0.949 0.021 0.000 0.030
447500 0.949 0.021 0.000 0.030
448000 0.949 0.021 0.000 0.030
448500 0.949 0.021 0.000 0.030
449000 0.949 0.021 0.000 0.030
449500 0.949 0.021 0.000 0.030
450000 0.949 0.021 0.000 0.030
450500 0.949 0.021 0.000 0.030
451000 0.949 0.021 0.000 0.030
451500 0.949 0.021 0.000 0.030
452000 0.949 0.021 0.000 0.030
452500 0.949 0.021 0.000 0.030
453000 0.949 0.021 0.000 0.030
453500 0.949 0.021 0.000 0.030
454000 0.949 0.021 0.000 0.030
454500 0.949 0.021 0.000 0.030
455000 0.949 0.021 0.000 0.030
455500 0.949 0.021 0.000 0.030
456000 0.949 0.021 0.000 0.030
456500 0.949 0.021 0.000 0.030
457000 0.949 0.021 0.000 0.030
457500 0.949 0.021 0.000 0.030
458000 0.949 0.021 0.000 0.030
458500 0.949 0.021 0.000 0.030
459000 0.949 0.021 0.000 0.030
459500 0.949 0.021 0.000 0.030
460000 0.949 0.021 0.000 0.030
460500 0.949 0.021 0.000 0.030
461000 0.949 0.021 0.000 0.030
461500 0.949 0.021 0.000 0.030
462000 0.949 0.021 0.000 0.030
462500 0.949 0.021 0.000 0.030
463000 0.949 0.021 0.000 0.030
463500 0.949 0.021 0.000 0.030
464000 0.949 0.021 0.000 0.030
464500 0.949 0.021 0.000 0.030
465000 0.949 0.021 0.000 0.030
465500 0.949 0.021 0.000 0.030
466000 0.949 0.021 0.000 0.030
466500 0.949 0.021 0.000 0.030
467000 0.949 0.021 0.000 0.030
467500 0.949 0.021 0.000 0.030
468000 0.949 0.021 0.000 0.030
468500 0.949 0.021 0.000 0.030
469000 0.949 0.021 0.000 0.030
469500 0.949 0.021 0.000 0.030
470000 0.949 0.021 0.000 0.030
470500 0.949 0.021 0.000 0.030
471000 0.949 0.021 0.000 0.030
471500 0.949 0.021 0.000 0.030
472000 0.949 0.021 0.000 0.030
472500 0.949 0.021 0.000 0.030
473000 0.949 0.021 0.000 0.030
473500 0.949 0.021 0.000 0.030
474000 0.949 0.021 0.000 0.030
474500 0.949 0.021 0.000 0.030
475000 0.949 0.021 0.000 0.030
475500 0.949 0.021 0.000 0.030
476000 0.949 0.021 0.000 0.030
476500 0.949 0.021 0.000 0.030
477000 0.949 0.021 0.000 0.030
477500 0.949 0.021 0.000 0.030
478000 0.949 0.021 0.000 0.030
478500 0.949 0.021 0.000 0.030
479000 0.949 0.021 0.000 0.030
479500 0.949 0.021 0.000 0.030
480000 0.949 0.021 0.000 0.030
480500 0.949 0.021 0.000 0.030
481000 0.949 0.021 0.000 0.030
481500 0.949 0.021 0.000 0.030
482000 0.949 0.021 0.000 0.030
482500 0.949 0.021 0.000 0.030
483000 0.949 0.021 0.000 0.030
483500 0.949 0.021 0.000 0.030
484000 0.949 0.021 0.000 0.030
484500 0.949 0.021 0.000 0.030
485000 0.949 0.021 0.000 0.030
485500 0.949 0.021 0.000 0.030
486000 0.949 0.021 0.000 0.030
486500 0.949 0.021 0.000 0.030
487000 0.949 0.021 0.000 0.030
487500 0.949 0.021 0.000 0.030
488000 0.949 0.021 0.000 0.030
488500 0.949 0.021 0.000 0.030
489000 0.949 0.021 0.000 0.030
489500 0.949 0.021 0.000 0.030
490000 0.949 0.021 0.000 0.030
490500 0.949 0.021 0.000 0.030
491000 0.949 0.021 0.000 0.030
491500 0.949 0.021 0.000 0.030
492000 0.949 0.021 0.000 0.030
492500 0.949 0.021 0.000 0.030
493000 0.949 0.021 0.000 0.030
493500 0.949 0.021 0.000 0.030
494000 0.949 0.021 0.000 0.030
494500 0.949 0.021 0.000 0.030
495000 0.949 0.021 0.000 0.030
495500 0.949 0.021 0.000 0.030
496000 0.949 0.021 0.000 0.030
496500 0.949 0.021 0.000 0.030
497000 0.949 0.021 0.000 0.030
497500 0.949 0.021 0.000 0.030
498000 0.949 0.021 0.000 0.030
498500 0.949 0.021 0.000 0.030
499000 0.949 0.021 0.000 0.030
499500 0.949 0.021 0.000 0.030
500000 0.949 0.021 0.000 0.030
