000000 0.250 0.250 0.250 0.250
000500 0.026 0.677 0.000 0.297
001000 0.026 0.687 0.000 0.287
001500 0.026 0.694 0.000 0.279
002000 0.026 0.703 0.000 0.270
002500 0.026 0.709 0.000 0.265
003000 0.026 0.714 0.000 0.260
003500 0.026 0.718 0.000 0.256
004000 0.026 0.722 0.000 0.252
004500 0.026 0.727 0.000 0.247
005000 0.026 0.728 0.000 0.245
005500 0.026 0.732 0.000 0.242
006000 0.026 0.738 0.000 0.236
006500 0.026 0.740 0.000 0.234
007000 0.026 0.744 0.000 0.230
007500 0.026 0.746 0.000 0.228
008000 0.026 0.748 0.000 0.226
008500 0.026 0.751 0.000 0.223
009000 0.026 0.753 0.000 0.221
009500 0.026 0.754 0.000 0.220
010000 0.026 0.756 0.000 0.218
010500 0.026 0.756 0.000 0.218
011000 0.026 0.759 0.000 0.215
011500 0.026 0.762 0.000 0.212
012000 0.026 0.764 0.000 0.210
012500 0.026 0.766 0.000 0.208
013000 0.026 0.769 0.000 0.204
013500 0.026 0.771 0.000 0.203
014000 0.026 0.773 0.000 0.201
014500 0.026 0.776 0.000 0.198
015000 0.026 0.779 0.000 0.195
015500 0.026 0.779 0.000 0.195
016000 0.026 0.781 0.000 0.193
016500 0.026 0.782 0.000 0.192
017000 0.026 0.784 0.000 0.190
017500 0.026 0.785 0.000 0.188
018000 0.026 0.786 0.000 0.187
018500 0.026 0.789 0.000 0.185
019000 0.026 0.791 0.000 0.183
019500 0.026 0.792 0.000 0.182
020000 0.026 0.793 0.000 0.181
020500 0.026 0.795 0.000 0.179
021000 0.026 0.795 0.000 0.179
021500 0.026 0.795 0.000 0.178
022000 0.026 0.796 0.000 0.178
022500 0.026 0.797 0.000 0.177
023000 0.026 0.798 0.000 0.176
023500 0.026 0.800 0.000 0.174
024000 0.026 0.801 0.000 0.173
024500 0.026 0.801 0.000 0.173
025000 0.026 0.802 0.000 0.172
025500 0.026 0.802 0.000 0.172
026000 0.026 0.802 0.000 0.172
026500 0.026 0.804 0.000 0.170
027000 0.026 0.806 0.000 0.168
027500 0.026 0.808 0.000 0.166
028000 0.026 0.808 0.000 0.166
028500 0.026 0.809 0.000 0.165
029000 0.026 0.810 0.000 0.164
029500 0.026 0.812 0.000 0.162
030000 0.026 0.812 0.000 0.162
030500 0.026 0.813 0.000 0.161
031000 0.026 0.813 0.000 0.161
031500 0.026 0.813 0.000 0.161
032000 0.026 0.813 0.000 0.161
032500 0.026 0.813 0.000 0.161
033000 0.026 0.813 0.000 0.161
033500 0.026 0.813 0.000 0.161
034000 0.026 0.813 0.000 0.161
034500 0.026 0.813 0.000 0.161
035000 0.026 0.813 0.000 0.161
035500 0.026 0.813 0.000 0.161
036000 0.026 0.813 0.000 0.161
036500 0.026 0.813 0.000 0.161
037000 0.026 0.813 0.000 0.161
037500 0.026 0.813 0.000 0.161
038000 0.026 0.813 0.000 0.161
038500 0.026 0.813 0.000 0.161
039000 0.026 0.813 0.000 0.161
039500 0.026 0.813 0.000 0.161
040000 0.026 0.813 0.000 0.161
040500 0.026 0.813 0.000 0.161
041000 0.026 0.813 0.000 0.161
041500 0.026 0.813 0.000 0.161
042000 0.026 0.813 0.000 0.161
042500 0.026 0.813 0.000 0.161
043000 0.026 0.813 0.000 0.161
043500 0.026 0.813 0.000 0.161
044000 0.026 0.813 0.000 0.161
044500 0.026 0.813 0.000 0.161
045000 0.026 0.813 0.000 0.161
045500 0.026 0.813 0.000 0.161
046000 0.026 0.813 0.000 0.161
046500 0.026 0.813 0.000 0.161
047000 0.026 0.813 0.000 0.161
047500 0.026 0.813 0.000 0.161
048000 0.026 0.813 0.000 0.161
048500 0.026 0.813 0.000 0.161
049000 0.026 0.813 0.000 0.161
049500 0.026 0.813 0.000 0.161
050000 0.026 0.813 0.000 0.161
050500 0.026 0.813 0.000 0.161
051000 0.026 0.813 0.000 0.161
051500 0.026 0.813 0.000 0.161
052000 0.026 0.813 0.000 0.161
052500 0.026 0.813 0.000 0.161
053000 0.026 0.813 0.000 0.161
053500 0.026 0.813 0.000 0.161
054000 0.026 0.813 0.000 0.161
054500 0.026 0.813 0.000 0.161
055000 0.026 0.813 0.000 0.161
055500 0.026 0.813 0.000 0.161
056000 0.026 0.813 0.000 0.161
056500 0.026 0.813 0.000 0.161
057000 0.026 0.813 0.000 0.161
057500 0.026 0.813 0.000 0.161
058000 0.026 0.813 0.000 0.161
058500 0.026 0.813 0.000 0.161
059000 0.026 0.813 0.000 0.161
059500 0.026 0.813 0.000 0.161
060000 0.026 0.813 0.000 0.161
060500 0.026 0.813 0.000 0.161
061000 0.026 0.813 0.000 0.161
061500 0.026 0.813 0.000 0.161
062000 0.026 0.813 0.000 0.161
062500 0.026 0.813 0.000 0.161
063000 0.026 0.813 0.000 0.161
063500 0.026 0.813 0.000 0.161
064000 0.026 0.813 0.000 0.161
064500 0.026 0.813 0.000 0.161
065000 0.026 0.813 0.000 0.161
065500 0.026 0.813 0.000 0.161
066000 0.026 0.813 0.000 0.161
066500 0.026 0.813 0.000 0.161
067000 0.026 0.813 0.000 0.161
067500 0.026 0.813 0.000 0.161
068000 0.026 0.813 0.000 0.161
068500 0.026 0.813 0.000 0.161
069000 0.026 0.813 0.000 0.161
069500 0.026 0.813 0.000 0.161
070000 0.026 0.813 0.000 0.161
070500 0.026 0.813 0.000 0.161
071000 0.026 0.813 0.000 0.161
071500 0.026 0.813 0.000 0.161
072000 0.026 0.813 0.000 0.161
072500 0.026 0.813 0.000 0.161
073000 0.026 0.813 0.000 0.161
073500 0.026 0.813 0.000 0.161
074000 0.026 0.813 0.000 0.161
074500 0.026 0.813 0.000 0.161
075000 0.026 0.813 0.000 0.161
075500 0.026 0.813 0.000 0.161
076000 0.026 0.813 0.000 0.161
076500 0.026 0.813 0.000 0.161
077000 0.026 0.813 0.000 0.161
077500 0.026 0.813 0.000 0.161
078000 0.026 0.813 0.000 0.161
078500 0.026 0.813 0.000 0.161
079000 0.026 0.813 0.000 0.161
079500 0.026 0.813 0.000 0.161
080000 0.026 0.813 0.000 0.161
080500 0.026 0.813 0.000 0.161
081000 0.026 0.813 0.000 0.161
081500 0.026 0.813 0.000 0.161
082000 0.026 0.813 0.000 0.161
082500 0.026 0.813 0.000 0.161
083000 0.026 0.813 0.000 0.161
083500 0.026 0.813 0.000 0.161
084000 0.026 0.813 0.000 0.161
084500 0.026 0.813 0.000 0.161
085000 0.026 0.813 0.000 0.161
085500 0.026 0.813 0.000 0.161
086000 0.026 0.813 0.000 0.161
086500 0.026 0.813 0.000 0.161
087000 0.026 0.813 0.000 0.161
087500 0.026 0.813 0.000 0.161
088000 0.026 0.813 0.000 0.161
088500 0.026 0.813 0.000 0.161
089000 0.026 0.813 0.000 0.161
089500 0.026 0.813 0.000 0.161
090000 0.026 0.813 0.000 0.161
090500 0.026 0.813 0.000 0.161
091000 0.026 0.813 0.000 0.161
091500 0.026 0.813 0.000 0.161
092000 0.026 0.813 0.000 0.161
092500 0.026 0.813 0.000 0.161
093000 0.026 0.813 0.000 0.161
093500 0.026 0.813 0.000 0.161
094000 0.026 0.813 0.000 0.161
094500 0.026 0.813 0.000 0.161
095000 0.026 0.813 0.000 0.161
095500 0.026 0.813 0.000 0.161
096000 0.026 0.813 0.000 0.161
096500 0.026 0.813 0.000 0.161
097000 0.026 0.813 0.000 0.161
097500 0.026 0.813 0.000 0.161
098000 0.026 0.813 0.000 0.161
098500 0.026 0.813 0.000 0.161
099000 0.026 0.813 0.000 0.161
099500 0.026 0.813 0.000 0.161
100000 0.026 0.813 0.000 0.161
100500 0.026 0.813 0.000 0.161
101000 0.026 0.813 0.000 0.161
101500 0.026 0.813 0.000 0.161
102000 0.026 0.813 0.000 0.161
102500 0.026 0.813 0.000 0.161
103000 0.026 0.813 0.000 0.161
103500 0.026 0.813 0.000 0.161
104000 0.026 0.813 0.000 0.161
104500 0.026 0.813 0.000 0.161
105000 0.026 0.813 0.000 0.161
105500 0.026 0.813 0.000 0.161
106000 0.026 0.813 0.000 0.161
106500 0.026 0.813 0.000 0.161
107000 0.026 0.813 0.000 0.161
107500 0.026 0.813 0.000 0.161
108000 0.026 0.813 0.000 0.161
108500 0.026 0.813 0.000 0.161
109000 0.026 0.813 0.000 0.161
109500 0.026 0.813 0.000 0.161
110000 0.026 0.813 0.000 0.161
110500 0.026 0.813 0.000 0.161
111000 0.026 0.813 0.000 0.161
111500 0.026 0.813 0.000 0.161
112000 0.026 0.813 0.000 0.161
112500 0.026 0.813 0.000 0.161
113000 0.026 0.813 0.000 0.161
113500 0.026 0.813 0.000 0.161
114000 0.026 0.813 0.000 0.161
114500 0.026 0.813 0.000 0.161
115000 0.026 0.813 0.000 0.161
115500 0.026 0.813 0.000 0.161
116000 0.026 0.813 0.000 0.161
116500 0.026 0.813 0.000 0.161
117000 0.026 0.813 0.000 0.161
117500 0.026 0.813 0.000 0.161
118000 0.026 0.813 0.000 0.161
118500 0.026 0.813 0.000 0.161
119000 0.026 0.813 0.000 0.161
119500 0.026 0.813 0.000 0.161
120000 0.026 0.813 0.000 0.161
120500 0.026 0.813 0.000 0.161
121000 0.026 0.813 0.000 0.161
121500 0.026 0.813 0.000 0.161
122000 0.026 0.813 0.000 0.161
122500 0.026 0.813 0.000 0.161
123000 0.026 0.813 0.000 0.161
123500 0.026 0.813 0.000 0.161
124000 0.026 0.813 0.000 0.161
124500 0.026 0.813 0.000 0.161
125000 0.026 0.813 0.000 0.161
125500 0.026 0.813 0.000 0.161
126000 0.026 0.813 0.000 0.161
126500 0.026 0.813 0.000 0.161
127000 0.026 0.813 0.000 0.161
127500 0.026 0.813 0.000 0.161
128000 0.026 0.813 0.000 0.161
128500 0.026 0.813 0.000 0.161
129000 0.026 0.813 0.000 0.161
129500 0.026 0.813 0.000 0.161
130000 0.026 0.813 0.000 0.161
130500 0.026 0.813 0.000 0.161
131000 0.026 0.813 0.000 0.161
131500 0.026 0.813 0.000 0.161
132000 0.026 0.813 0.000 0.161
132500 0.026 0.813 0.000 0.161
133000 0.026 0.813 0.000 0.161
133500 0.026 0.813 0.000 0.161
134000 0.026 0.813 0.000 0.161
134500 0.026 0.813 0.000 0.161
135000 0.026 0.813 0.000 0.161
135500 0.026 0.813 0.000 0.161
136000 0.026 0.813 0.000 0.161
136500 0.026 0.813 0.000 0.161
137000 0.026 0.813 0.000 0.161
137500 0.026 0.813 0.000 0.161
138000 0.026 0.813 0.000 0.161
138500 0.026 0.813 0.000 0.161
139000 0.026 0.813 0.000 0.161
139500 0.026 0.813 0.000 0.161
140000 0.026 0.813 0.000 0.161
140500 0.026 0.813 0.000 0.161
141000 0.026 0.813 0.000 0.161
141500 0.026 0.813 0.000 0.161
142000 0.026 0.813 0.000 0.161
142500 0.026 0.813 0.000 0.161
143000 0.026 0.813 0.000 0.161
143500 0.026 0.813 0.000 0.161
144000 0.026 0.813 0.000 0.161
144500 0.026 0.813 0.000 0.161
145000 0.026 0.813 0.000 0.161
145500 0.026 0.813 0.000 0.161
146000 0.026 0.813 0.000 0.161
146500 0.026 0.813 0.000 0.161
147000 0.026 0.813 0.000 0.161
147500 0.026 0.813 0.000 0.161
148000 0.026 0.813 0.000 0.161
148500 0.026 0.813 0.000 0.161
149000 0.026 0.813 0.000 0.161
149500 0.026 0.813 0.000 0.161
150000 0.026 0.813 0.000 0.161
150500 0.026 0.813 0.000 0.161
151000 0.026 0.813 0.000 0.161
151500 0.026 0.813 0.000 0.161
152000 0.026 0.813 0.000 0.161
152500 0.026 0.813 0.000 0.161
153000 0.026 0.813 0.000 0.161
153500 0.026 0.813 0.000 0.161
154000 0.026 0.813 0.000 0.161
154500 0.026 0.813 0.000 0.161
155000 0.026 0.813 0.000 0.161
155500 0.026 0.813 0.000 0.161
156000 0.026 0.813 0.000 0.161
156500 0.026 0.813 0.000 0.161
157000 0.026 0.813 0.000 0.161
157500 0.026 0.813 0.000 0.161
158000 0.026 0.813 0.000 0.161
158500 0.026 0.813 0.000 0.161
159000 0.026 0.813 0.000 0.161
159500 0.026 0.813 0.000 0.161
160000 0.026 0.813 0.000 0.161
160500 0.026 0.813 0.000 0.161
161000 0.026 0.813 0.000 0.161
161500 0.026 0.813 0.000 0.161
162000 0.026 0.813 0.000 0.161
162500 0.026 0.813 0.000 0.161
163000 0.026 0.813 0.000 0.161
163500 0.026 0.813 0.000 0.161
164000 0.026 0.813 0.000 0.161
164500 0.026 0.813 0.000 0.161
165000 0.026 0.813 0.000 0.161
165500 0.026 0.813 0.000 0.161
166000 0.026 0.813 0.000 0.161
166500 0.026 0.813 0.000 0.161
167000 0.026 0.813 0.000 0.161
167500 0.026 0.813 0.000 0.161
168000 0.026 0.813 0.000 0.161
168500 0.026 0.813 0.000 0.161
169000 0.026 0.813 0.000 0.161
169500 0.026 0.813 0.000 0.161
170000 0.026 0.813 0.000 0.161
170500 0.026 0.813 0.000 0.161
171000 0.026 0.813 0.000 0.161
171500 0.026 0.813 0.000 0.161
172000 0.026 0.813 0.000 0.161
172500 0.026 0.813 0.000 0.161
173000 0.026 0.813 0.000 0.161
173500 0.026 0.813 0.000 0.161
174000 0.026 0.813 0.000 0.161
174500 0.026 0.813 0.000 0.161
175000 0.026 0.813 0.000 0.161
175500 0.026 0.813 0.000 0.161
176000 0.026 0.813 0.000 0.161
176500 0.026 0.813 0.000 0.161
177000 0.026 0.813 0.000 0.161
177500 0.026 0.813 0.000 0.161
178000 0.026 0.813 0.000 0.161
178500 0.026 0.813 0.000 0.161
179000 0.026 0.813 0.000 0.161
179500 0.026 0.813 0.000 0.161
180000 0.026 0.813 0.000 0.161
180500 0.026 0.813 0.000 0.161
181000 0.026 0.813 0.000 0.161
181500 0.026 0.813 0.000 0.161
182000 0.026 0.813 0.000 0.161
182500 0.026 0.813 0.000 0.161
183000 0.026 0.813 0.000 0.161
183500 0.026 0.813 0.000 0.161
184000 0.026 0.813 0.000 0.161
184500 0.026 0.813 0.000 0.161
185000 0.026 0.813 0.000 0.161
185500 0.026 0.813 0.000 0.161
186000 0.026 0.813 0.000 0.161
186500 0.026 0.813 0.000 0.161
187000 0.026 0.813 0.000 0.161
187500 0.026 0.813 0.000 0.161
188000 0.026 0.813 0.000 0.161
188500 0.026 0.813 0.000 0.161
189000 0.026 0.813 0.000 0.161
189500 0.026 0.813 0.000 0.161
190000 0.026 0.813 0.000 0.161
190500 0.026 0.813 0.000 0.161
191000 0.026 0.813 0.000 0.161
191500 0.026 0.813 0.000 0.161
192000 0.026 0.813 0.000 0.161
192500 0.026 0.813 0.000 0.161
193000 0.026 0.813 0.000 0.161
193500 0.026 0.813 0.000 0.161
194000 0.026 0.813 0.000 0.161
194500 0.026 0.813 0.000 0.161
195000 0.026 0.813 0.000 0.161
195500 0.026 0.813 0.000 0.161
196000 0.026 0.813 0.000 0.161
196500 0.026 0.813 0.000 0.161
197000 0.026 0.813 0.000 0.161
197500 0.026 0.813 0.000 0.161
198000 0.026 0.813 0.000 0.161
198500 0.026 0.813 0.000 0.161
199000 0.026 0.813 0.000 0.161
199500 0.026 0.813 0.000 0.161
200000 0.026 0.813 0.000 0.161
200500 0.026 0.813 0.000 0.161
201000 0.026 0.813 0.000 0.161
201500 0.026 0.813 0.000 0.161
202000 0.026 0.813 0.000 0.161
202500 0.026 0.813 0.000 0.161
203000 0.026 0.813 0.000 0.161
203500 0.026 0.813 0.000 0.161
204000 0.026 0.813 0.000 0.161
204500 0.026 0.813 0.000 0.161
205000 0.026 0.813 0.000 0.161
205500 0.026 0.813 0.000 0.161
206000 0.026 0.813 0.000 0.161
206500 0.026 0.813 0.000 0.161
207000 0.026 0.813 0.000 0.161
207500 0.026 0.813 0.000 0.161
208000 0.026 0.813 0.000 0.161
208500 0.026 0.813 0.000 0.161
209000 0.026 0.813 0.000 0.161
209500 0.026 0.813 0.000 0.161
210000 0.026 0.813 0.000 0.161
210500 0.026 0.813 0.000 0.161
211000 0.026 0.813 0.000 0.161
211500 0.026 0.813 0.000 0.161
212000 0.026 0.813 0.000 0.161
212500 0.026 0.813 0.000 0.161
213000 0.026 0.813 0.000 0.161
213500 0.026 0.813 0.000 0.161
214000 0.026 0.813 0.000 0.161
214500 0.026 0.813 0.000 0.161
215000 0.026 0.813 0.000 0.161
215500 0.026 0.813 0.000 0.161
216000 0.026 0.813 0.000 0.161
216500 0.026 0.813 0.000 0.161
217000 0.026 0.813 0.000 0.161
217500 0.026 0.813 0.000 0.161
218000 0.026 0.813 0.000 0.161
218500 0.026 0.813 0.000 0.161
219000 0.026 0.813 0.000 0.161
219500 0.026 0.813 0.000 0.161
220000 0.026 0.813 0.000 0.161
220500 0.026 0.813 0.000 0.161
221000 0.026 0.813 0.000 0.161
221500 0.026 0.813 0.000 0.161
222000 0.026 0.813 0.000 0.161
222500 0.026 0.813 0.000 0.161
223000 0.026 0.813 0.000 0.161
223500 0.026 0.813 0.000 0.161
224000 0.026 0.813 0.000 0.161
224500 0.026 0.813 0.000 0.161
225000 0.026 0.813 0.000 0.161
225500 0.026 0.813 0.000 0.161
226000 0.026 0.813 0.000 0.161
226500 0.026 0.813 0.000 0.161
227000 0.026 0.813 0.000 0.161
227500 0.026 0.813 0.000 0.161
228000 0.026 0.813 0.000 0.161
228500 0.026 0.813 0.000 0.161
229000 0.026 0.813 0.000 0.161
229500 0.026 0.813 0.000 0.161
230000 0.026 0.813 0.000 0.161
230500 0.026 0.813 0.000 0.161
231000 0.026 0.813 0.000 0.161
231500 0.026 0.813 0.000 0.161
232000 0.026 0.813 0.000 0.161
232500 0.026 0.813 0.000 0.161
233000 0.026 0.813 0.000 0.161
233500 0.026 0.813 0.000 0.161
234000 0.026 0.813 0.000 0.161
234500 0.026 0.813 0.000 0.161
235000 0.026 0.813 0.000 0.161
235500 0.026 0.813 0.000 0.161
236000 0.026 0.813 0.000 0.161
236500 0.026 0.813 0.000 0.161
237000 0.026 0.813 0.000 0.161
237500 0.026 0.813 0.000 0.161
238000 0.026 0.813 0.000 0.161
238500 0.026 0.813 0.000 0.161
239000 0.026 0.813 0.000 0.161
239500 0.026 0.813 0.000 0.161
240000 0.026 0.813 0.000 0.161
240500 0.026 0.813 0.000 0.161
241000 0.026 0.813 0.000 0.161
241500 0.026 0.813 0.000 0.161
242000 0.026 0.813 0.000 0.161
242500 0.026 0.813 0.000 0.161
243000 0.026 0.813 0.000 0.161
243500 0.026 0.813 0.000 0.161
244000 0.026 0.813 0.000 0.161
244500 0.026 0.813 0.000 0.161
245000 0.026 0.813 0.000 0.161
245500 0.026 0.813 0.000 0.161
246000 0.026 0.813 0.000 0.161
246500 0.026 0.813 0.000 0.161
247000 0.026 0.813 0.000 0.161
247500 0.026 0.813 0.000 0.161
248000 0.026 0.813 0.000 0.161
248500 0.026 0.813 0.000 0.161
249000 0.026 0.813 0.000 0.161
249500 0.026 0.813 0.000 0.161
250000 0.026 0.813 0.000 0.161
250500 0.026 0.813 0.000 0.161
251000 0.026 0.813 0.000 0.161
251500 0.026 0.813 0.000 0.161
252000 0.026 0.813 0.000 0.161
252500 0.026 0.813 0.000 0.161
253000 0.026 0.813 0.000 0.161
253500 0.026 0.813 0.000 0.161
254000 0.026 0.813 0.000 0.161
254500 0.026 0.813 0.000 0.161
255000 0.026 0.813 0.000 0.161
255500 0.026 0.813 0.000 0.161
256000 0.026 0.813 0.000 0.161
256500 0.026 0.813 0.000 0.161
257000 0.026 0.813 0.000 0.161
257500 0.026 0.813 0.000 0.161
258000 0.026 0.813 0.000 0.161
258500 0.026 0.813 0.000 0.161
259000 0.026 0.813 0.000 0.161
259500 0.026 0.813 0.000 0.161
260000 0.026 0.813 0.000 0.161
260500 0.026 0.813 0.000 0.161
261000 0.026 0.813 0.000 0.161
261500 0.026 0.813 0.000 0.161
262000 0.026 0.813 0.000 0.161
262500 0.026 0.813 0.000 0.161
263000 0.026 0.813 0.000 0.161
263500 0.026 0.813 0.000 0.161
264000 0.026 0.813 0.000 0.161
264500 0.026 0.813 0.000 0.161
265000 0.026 0.813 0.000 0.161
265500 0.026 0.813 0.000 0.161
266000 0.026 0.813 0.000 0.161
266500 0.026 0.813 0.000 0.161
267000 0.026 0.813 0.000 0.161
267500 0.026 0.813 0.000 0.161
268000 0.026 0.813 0.000 0.161
268500 0.026 0.813 0.000 0.161
269000 0.026 0.813 0.000 0.161
269500 0.026 0.813 0.000 0.161
270000 0.026 0.813 0.000 0.161
270500 0.026 0.813 0.000 0.161
271000 0.026 0.813 0.000 0.161
271500 0.026 0.813 0.000 0.161
272000 0.026 0.813 0.000 0.161
272500 0.026 0.813 0.000 0.161
273000 0.026 0.813 0.000 0.161
273500 0.026 0.813 0.000 0.161
274000 0.026 0.813 0.000 0.161
274500 0.026 0.813 0.000 0.161
275000 0.026 0.813 0.000 0.161
275500 0.026 0.813 0.000 0.161
276000 0.026 0.813 0.000 0.161
276500 0.026 0.813 0.000 0.161
277000 0.026 0.813 0.000 0.161
277500 0.026 0.813 0.000 0.161
278000 0.026 0.813 0.000 0.161
278500 0.026 0.813 0.000 0.161
279000 0.026 0.813 0.000 0.161
279500 0.026 0.813 0.000 0.161
280000 0.026 0.813 0.000 0.161
280500 0.026 0.813 0.000 0.161
281000 0.026 0.813 0.000 0.161
281500 0.026 0.813 0.000 0.161
282000 0.026 0.813 0.000 0.161
282500 0.026 0.813 0.000 0.161
283000 0.026 0.813 0.000 0.161
283500 0.026 0.813 0.000 0.161
284000 0.026 0.813 0.000 0.161
284500 0.026 0.813 0.000 0.161
285000 0.026 0.813 0.000 0.161
285500 0.026 0.813 0.000 0.161
286000 0.026 0.813 0.000 0.161
286500 0.026 0.813 0.000 0.161
287000 0.026 0.813 0.000 0.161
287500 0.026 0.813 0.000 0.161
288000 0.026 0.813 0.000 0.161
288500 0.026 0.813 0.000 0.161
289000 0.026 0.813 0.000 0.161
289500 0.026 0.813 0.000 0.161
290000 0.026 0.813 0.000 0.161
290500 0.026 0.813 0.000 0.161
291000 0.026 0.813 0.000 0.161
291500 0.026 0.813 0.000 0.161
292000 0.026 0.813 0.000 0.161
292500 0.026 0.813 0.000 0.161
293000 0.026 0.813 0.000 0.161
293500 0.026 0.813 0.000 0.161
294000 0.026 0.813 0.000 0.161
294500 0.026 0.813 0.000 0.161
295000 0.026 0.813 0.000 0.161
295500 0.026 0.813 0.000 0.161
296000 0.026 0.813 0.000 0.161
296500 0.026 0.813 0.000 0.161
297000 0.026 0.813 0.000 0.161
297500 0.026 0.813 0.000 0.161
298000 0.026 0.813 0.000 0.161
298500 0.026 0.813 0.000 0.161
299000 0.026 0.813 0.000 0.161
299500 0.026 0.813 0.000 0.161
300000 0.026 0.813 0.000 0.161
300500 0.026 0.813 0.000 0.161
301000 0.026 0.813 0.000 0.161
301500 0.026 0.813 0.000 0.161
302000 0.026 0.813 0.000 0.161
302500 0.026 0.813 0.000 0.161
303000 0.026 0.813 0.000 0.161
303500 0.026 0.813 0.000 0.161
304000 0.026 0.813 0.000 0.161
304500 0.026 0.813 0.000 0.161
305000 0.026 0.813 0.000 0.161
305500 0.026 0.813 0.000 0.161
306000 0.026 0.813 0.000 0.161
306500 0.026 0.813 0.000 0.161
307000 0.026 0.813 0.000 0.161
307500 0.026 0.813 0.000 0.161
308000 0.026 0.813 0.000 0.161
308500 0.026 0.813 0.000 0.161
309000 0.026 0.813 0.000 0.161
309500 0.026 0.813 0.000 0.161
310000 0.026 0.813 0.000 0.161
310500 0.026 0.813 0.000 0.161
311000 0.026 0.813 0.000 0.161
311500 0.026 0.813 0.000 0.161
312000 0.026 0.813 0.000 0.161
312500 0.026 0.813 0.000 0.161
313000 0.026 0.813 0.000 0.161
313500 0.026 0.813 0.000 0.161
314000 0.026 0.813 0.000 0.161
314500 0.026 0.813 0.000 0.161
315000 0.026 0.813 0.000 0.161
315500 0.026 0.813 0.000 0.161
316000 0.026 0.813 0.000 0.161
316500 0.026 0.813 0.000 0.161
317000 0.026 0.813 0.000 0.161
317500 0.026 0.813 0.000 0.161
318000 0.026 0.813 0.000 0.161
318500 0.026 0.813 0.000 0.161
319000 0.026 0.813 0.000 0.161
319500 0.026 0.813 0.000 0.161
320000 0.026 0.813 0.000 0.161
320500 0.026 0.813 0.000 0.161
321000 0.026 0.813 0.000 0.161
321500 0.026 0.813 0.000 0.161
322000 0.026 0.813 0.000 0.161
322500 0.026 0.813 0.000 0.161
323000 0.026 0.813 0.000 0.161
323500 0.026 0.813 0.000 0.161
324000 0.026 0.813 0.000 0.161
324500 0.026 0.813 0.000 0.161
325000 0.026 0.813 0.000 0.161
325500 0.026 0.813 0.000 0.161
326000 0.026 0.813 0.000 0.161
326500 0.026 0.813 0.000 0.161
327000 0.026 0.813 0.000 0.161
327500 0.026 0.813 0.000 0.161
328000 0.026 0.813 0.000 0.161
328500 0.026 0.813 0.000 0.161
329000 0.026 0.813 0.000 0.161
329500 0.026 0.813 0.000 0.161
330000 0.026 0.813 0.000 0.161
330500 0.026 0.813 0.000 0.161
331000 0.026 0.813 0.000 0.161
331500 0.026 0.813 0.000 0.161
332000 0.026 0.813 0.000 0.161
332500 0.026 0.813 0.000 0.161
333000 0.026 0.813 0.000 0.161
333500 0.026 0.813 0.000 0.161
334000 0.026 0.813 0.000 0.161
334500 0.026 0.813 0.000 0.161
335000 0.026 0.813 0.000 0.161
335500 0.026 0.813 0.000 0.161
336000 0.026 0.813 0.000 0.161
336500 0.026 0.813 0.000 0.161
337000 0.026 0.813 0.000 0.161
337500 0.026 0.813 0.000 0.161
338000 0.026 0.813 0.000 0.161
338500 0.026 0.813 0.000 0.161
339000 0.026 0.813 0.000 0.161
339500 0.026 0.813 0.000 0.161
340000 0.026 0.813 0.000 0.161
340500 0.026 0.813 0.000 0.161
341000 0.026 0.813 0.000 0.161
341500 0.026 0.813 0.000 0.161
342000 0.026 0.813 0.000 0.161
342500 0.026 0.813 0.000 0.161
343000 0.026 0.813 0.000 0.161
343500 0.026 0.813 0.000 0.161
344000 0.026 0.813 0.000 0.161
344500 0.026 0.813 0.000 0.161
345000 0.026 0.813 0.000 0.161
345500 0.026 0.813 0.000 0.161
346000 0.026 0.813 0.000 0.161
346500 0.026 0.813 0.000 0.161
347000 0.026 0.813 0.000 0.161
347500 0.026 0.813 0.000 0.161
348000 0.026 0.813 0.000 0.161
348500 0.026 0.813 0.000 0.161
349000 0.026 0.813 0.000 0.161
349500 0.026 0.813 0.000 0.161
350000 0.026 0.813 0.000 0.161
350500 0.026 0.813 0.000 0.161
351000 0.026 0.813 0.000 0.161
351500 0.026 0.813 0.000 0.161
352000 0.026 0.813 0.000 0.161
352500 0.026 0.813 0.000 0.161
353000 0.026 0.813 0.000 0.161
353500 0.026 0.813 0.000 0.161
354000 0.026 0.813 0.000 0.161
354500 0.026 0.813 0.000 0.161
355000 0.026 0.813 0.000 0.161
355500 0.026 0.813 0.000 0.161
356000 0.026 0.813 0.000 0.161
356500 0.026 0.813 0.000 0.161
357000 0.026 0.813 0.000 0.161
357500 0.026 0.813 0.000 0.161
358000 0.026 0.813 0.000 0.161
358500 0.026 0.813 0.000 0.161
359000 0.026 0.813 0.000 0.161
359500 0.026 0.813 0.000 0.161
360000 0.026 0.813 0.000 0.161
360500 0.026 0.813 0.000 0.161
361000 0.026 0.813 0.000 0.161
361500 0.026 0.813 0.000 0.161
362000 0.026 0.813 0.000 0.161
362500 0.026 0.813 0.000 0.161
363000 0.026 0.813 0.000 0.161
363500 0.026 0.813 0.000 0.161
364000 0.026 0.813 0.000 0.161
364500 0.026 0.813 0.000 0.161
365000 0.026 0.813 0.000 0.161
365500 0.026 0.813 0.000 0.161
366000 0.026 0.813 0.000 0.161
366500 0.026 0.813 0.000 0.161
367000 0.026 0.813 0.000 0.161
367500 0.026 0.813 0.000 0.161
368000 0.026 0.813 0.000 0.161
368500 0.026 0.813 0.000 0.161
369000 0.026 0.813 0.000 0.161
369500 0.026 0.813 0.000 0.161
370000 0.026 0.813 0.000 0.161
370500 0.026 0.813 0.000 0.161
371000 0.026 0.813 0.000 0.161
371500 0.026 0.813 0.000 0.161
372000 0.026 0.813 0.000 0.161
372500 0.026 0.813 0.000 0.161
373000 0.026 0.813 0.000 0.161
373500 0.026 0.813 0.000 0.161
374000 0.026 0.813 0.000 0.161
374500 0.026 0.813 0.000 0.161
375000 0.026 0.813 0.000 0.161
375500 0.026 0.813 0.000 0.161
376000 0.026 0.813 0.000 0.161
376500 0.026 0.813 0.000 0.161
377000 0.026 0.813 0.000 0.161
377500 0.026 0.813 0.000 0.161
378000 0.026 0.813 0.000 0.161
378500 0.026 0.813 0.000 0.161
379000 0.026 0.813 0.000 0.161
379500 0.026 0.813 0.000 0.161
380000 0.026 0.813 0.000 0.161
380500 0.026 0.813 0.000 0.161
381000 0.026 0.813 0.000 0.161
381500 0.026 0.813 0.000 0.161
382000 0.026 0.813 0.000 0.161
382500 0.026 0.813 0.000 0.161
383000 0.026 0.813 0.000 0.161
383500 0.026 0.813 0.000 0.161
384000 0.026 0.813 0.000 0.161
384500 0.026 0.813 0.000 0.161
385000 0.026 0.813 0.000 0.161
385500 0.026 0.813 0.000 0.161
386000 0.026 0.813 0.000 0.161
386500 0.026 0.813 0.000 0.161
387000 0.026 0.813 0.000 0.161
387500 0.026 0.813 0.000 0.161
388000 0.026 0.813 0.000 0.161
388500 0.026 0.813 0.000 0.161
389000 0.026 0.813 0.000 0.161
389500 0.026 0.813 0.000 0.161
390000 0.026 0.813 0.000 0.161
390500 0.026 0.813 0.000 0.161
391000 0.026 0.813 0.000 0.161
391500 0.026 0.813 0.000 0.161
392000 0.026 0.813 0.000 0.161
392500 0.026 0.813 0.000 0.161
393000 0.026 0.813 0.000 0.161
393500 0.026 0.813 0.000 0.161
394000 0.026 0.813 0.000 0.161
394500 0.026 0.813 0.000 0.161
395000 0.026 0.813 0.000 0.161
395500 0.026 0.813 0.000 0.161
396000 0.026 0.813 0.000 0.161
396500 0.026 0.813 0.000 0.161
397000 0.026 0.813 0.000 0.161
397500 0.026 0.813 0.000 0.161
398000 0.026 0.813 0.000 0.161
398500 0.026 0.813 0.000 0.161
399000 0.026 0.813 0.000 0.161
399500 0.026 0.813 0.000 0.161
400000 0.026 0.813 0.000 0.161
400500 0.026 0.813 0.000 0.161
401000 0.026 0.813 0.000 0.161
401500 0.026 0.813 0.000 0.161
402000 0.026 0.813 0.000 0.161
402500 0.026 0.813 0.000 0.161
403000 0.026 0.813 0.000 0.161
403500 0.026 0.813 0.000 0.161
404000 0.026 0.813 0.000 0.161
404500 0.026 0.813 0.000 0.161
405000 0.026 0.813 0.000 0.161
405500 0.026 0.813 0.000 0.161
406000 0.026 0.813 0.000 0.161
406500 0.026 0.813 0.000 0.161
407000 0.026 0.813 0.000 0.161
407500 0.026 0.813 0.000 0.161
408000 0.026 0.813 0.000 0.161
408500 0.026 0.813 0.000 0.161
409000 0.026 0.813 0.000 0.161
409500 0.026 0.813 0.000 0.161
410000 0.026 0.813 0.000 0.161
410500 0.026 0.813 0.000 0.161
411000 0.026 0.813 0.000 0.161
411500 0.026 0.813 0.000 0.161
412000 0.026 0.813 0.000 0.161
412500 0.026 0.813 0.000 0.161
413000 0.026 0.813 0.000 0.161
413500 0.026 0.813 0.000 0.161
414000 0.026 0.813 0.000 0.161
414500 0.026 0.813 0.000 0.161
415000 0.026 0.813 0.000 0.161
415500 0.026 0.813 0.000 0.161
416000 0.026 0.813 0.000 0.161
416500 0.026 0.813 0.000 0.161
417000 0.026 0.813 0.000 0.161
417500 0.026 0.813 0.000 0.161
418000 0.026 0.813 0.000 0.161
418500 0.026 0.813 0.000 0.161
419000 0.026 0.813 0.000 0.161
419500 0.026 0.813 0.000 0.161
420000 0.026 0.813 0.000 0.161
420500 0.026 0.813 0.000 0.161
421000 0.026 0.813 0.000 0.161
421500 0.026 0.813 0.000 0.161
422000 0.026 0.813 0.000 0.161
422500 0.026 0.813 0.000 0.161
423000 0.026 0.813 0.000 0.161
423500 0.026 0.813 0.000 0.161
424000 0.026 0.813 0.000 0.161
424500 0.026 0.813 0.000 0.161
425000 0.026 0.813 0.000 0.161
425500 0.026 0.813 0.000 0.161
426000 0.026 0.813 0.000 0.161
426500 0.026 0.813 0.000 0.161
427000 0.026 0.813 0.000 0.161
427500 0.026 0.813 0.000 0.161
428000 0.026 0.813 0.000 0.161
428500 0.026 0.813 0.000 0.161
429000 0.026 0.813 0.000 0.161
429500 0.026 0.813 0.000 0.161
430000 0.026 0.813 0.000 0.161
430500 0.026 0.813 0.000 0.161
431000 0.026 0.813 0.000 0.161
431500 0.026 0.813 0.000 0.161
432000 0.026 0.813 0.000 0.161
432500 0.026 0.813 0.000 0.161
433000 0.026 0.813 0.000 0.161
433500 0.026 0.813 0.000 0.161
434000 0.026 0.813 0.000 0.161
434500 0.026 0.813 0.000 0.161
435000 0.026 0.813 0.000 0.161
435500 0.026 0.813 0.000 0.161
436000 0.026 0.813 0.000 0.161
436500 0.026 0.813 0.000 0.161
437000 0.026 0.813 0.000 0.161
437500 0.026 0.813 0.000 0.161
438000 0.026 0.813 0.000 0.161
438500 0.026 0.813 0.000 0.161
439000 0.026 0.813 0.000 0.161
439500 0.026 0.813 0.000 0.161
440000 0.026 0.813 0.000 0.161
440500 0.026 0.813 0.000 0.161
441000 0.026 0.813 0.000 0.161
441500 0.026 0.813 0.000 0.161
442000 0.026 0.813 0.000 0.161
442500 0.026 0.813 0.000 0.161
443000 0.026 0.813 0.000 0.161
443500 0.026 0.813 0.000 0.161
444000 0.026 0.813 0.000 0.161
444500 0.026 0.813 0.000 0.161
445000 0.026 0.813 0.000 0.161
445500 0.026 0.813 0.000 0.161
446000 0.026 0.813 0.000 0.161
446500 0.026 0.813 0.000 0.161
447000 0.026 0.813 0.000 0.161
447500 0.026 0.813 0.000 0.161
448000 0.026 0.813 0.000 0.161
448500 0.026 0.813 0.000 0.161
449000 0.026 0.813 0.000 0.161
449500 0.026 0.813 0.000 0.161
450000 0.026 0.813 0.000 0.161
450500 0.026 0.813 0.000 0.161
451000 0.026 0.813 0.000 0.161
451500 0.026 0.813 0.000 0.161
452000 0.026 0.813 0.000 0.161
452500 0.026 0.813 0.000 0.161
453000 0.026 0.813 0.000 0.161
453500 0.026 0.813 0.000 0.161
454000 0.026 0.813 0.000 0.161
454500 0.026 0.813 0.000 0.161
455000 0.026 0.813 0.000 0.161
455500 0.026 0.813 0.000 0.161
456000 0.026 0.813 0.000 0.161
456500 0.026 0.813 0.000 0.161
457000 0.026 0.813 0.000 0.161
457500 0.026 0.813 0.000 0.161
458000 0.026 0.813 0.000 0.161
458500 0.026 0.813 0.000 0.161
459000 0.026 0.813 0.000 0.161
459500 0.026 0.813 0.000 0.161
460000 0.026 0.813 0.000 0.161
460500 0.026 0.813 0.000 0.161
461000 0.026 0.813 0.000 0.161
461500 0.026 0.813 0.000 0.161
462000 0.026 0.813 0.000 0.161
462500 0.026 0.813 0.000 0.161
463000 0.026 0.813 0.000 0.161
463500 0.026 0.813 0.000 0.161
464000 0.026 0.813 0.000 0.161
464500 0.026 0.813 0.000 0.161
465000 0.026 0.813 0.000 0.161
465500 0.026 0.813 0.000 0.161
466000 0.026 0.813 0.000 0.161
466500 0.026 0.813 0.000 0.161
467000 0.026 0.813 0.000 0.161
467500 0.026 0.813 0.000 0.161
468000 0.026 0.813 0.000 0.161
468500 0.026 0.813 0.000 0.161
469000 0.026 0.813 0.000 0.161
469500 0.026 0.813 0.000 0.161
470000 0.026 0.813 0.000 0.161
470500 0.026 0.813 0.000 0.161
471000 0.026 0.813 0.000 0.161
471500 0.026 0.813 0.000 0.161
472000 0.026 0.813 0.000 0.161
472500 0.026 0.813 0.000 0.161
473000 0.026 0.813 0.000 0.161
473500 0.026 0.813 0.000 0.161
474000 0.026 0.813 0.000 0.161
474500 0.026 0.813 0.000 0.161
475000 0.026 0.813 0.000 0.161
475500 0.026 0.813 0.000 0.161
476000 0.026 0.813 0.000 0.161
476500 0.026 0.813 0.000 0.161
477000 0.026 0.813 0.000 0.161
477500 0.026 0.813 0.000 0.161
478000 0.026 0.813 0.000 0.161
478500 0.026 0.813 0.000 0.161
479000 0.026 0.813 0.000 0.161
479500 0.026 0.813 0.000 0.161
480000 0.026 0.813 0.000 0.161
480500 0.026 0.813 0.000 0.161
481000 0.026 0.813 0.000 0.161
481500 0.026 0.813 0.000 0.161
482000 0.026 0.813 0.000 0.161
482500 0.026 0.813 0.000 0.161
483000 0.026 0.813 0.000 0.161
483500 0.026 0.813 0.000 0.161
484000 0.026 0.813 0.000 0.161
484500 0.026 0.813 0.000 0.161
485000 0.026 0.813 0.000 0.161
485500 0.026 0.813 0.000 0.161
486000 0.026 0.813 0.000 0.161
486500 0.026 0.813 0.000 0.161
487000 0.026 0.813 0.000 0.161
487500 0.026 0.813 0.000 0.161
488000 0.026 0.813 0.000 0.161
488500 0.026 0.813 0.000 0.161
489000 0.026 0.813 0.000 0.161
489500 0.026 0.813 0.000 0.161
490000 0.026 0.813 0.000 0.161
490500 0.026 0.813 0.000 0.161
491000 0.026 0.813 0.000 0.161
491500 0.026 0.813 0.000 0.161
492000 0.026 0.813 0.000 0.161
492500 0.026 0.813 0.000 0.161
493000 0.026 0.813 0.000 0.161
493500 0.026 0.813 0.000 0.161
494000 0.026 0.813 0.000 0.161
494500 0.026 0.813 0.000 0.161
495000 0.026 0.813 0.000 0.161
495500 0.026 0.813 0.000 0.161
496000 0.026 0.813 0.000 0.161
496500 0.026 0.813 0.000 0.161
497000 0.026 0.813 0.000 0.161
497500 0.026 0.813 0.000 0.161
498000 0.026 0.813 0.000 0.161
498500 0.026 0.813 0.000 0.161
499000 0.026 0.813 0.000 0.161
499500 0.026 0.813 0.000 0.161
500000 0.026 0.813 0.000 0.161
