000000 0.250 0.250 0.250 0.250
000500 0.055 0.568 0.000 0.378
001000 0.055 0.573 0.000 0.373
001500 0.055 0.577 0.000 0.368
002000 0.055 0.581 0.000 0.365
002500 0.055 0.586 0.000 0.360
003000 0.055 0.590 0.000 0.355
003500 0.055 0.592 0.000 0.353
004000 0.055 0.592 0.000 0.353
004500 0.055 0.594 0.000 0.351
005000 0.055 0.595 0.000 0.350
005500 0.055 0.599 0.000 0.346
006000 0.055 0.600 0.000 0.345
006500 0.055 0.603 0.000 0.343
007000 0.055 0.606 0.000 0.339
007500 0.055 0.609 0.000 0.336
008000 0.055 0.612 0.000 0.334
008500 0.055 0.612 0.000 0.334
009000 0.055 0.615 0.000 0.330
009500 0.055 0.618 0.000 0.328
010000 0.055 0.620 0.000 0.325
010500 0.055 0.623 0.000 0.323
011000 0.055 0.624 0.000 0.321
011500 0.055 0.625 0.000 0.320
012000 0.055 0.626 0.000 0.319
012500 0.055 0.628 0.000 0.317
013000 0.055 0.629 0.000 0.317
013500 0.055 0.629 0.000 0.316
014000 0.055 0.632 0.000 0.313
014500 0.055 0.632 0.000 0.314
015000 0.055 0.633 0.000 0.313
015500 0.055 0.634 0.000 0.312
016000 0.055 0.637 0.000 0.309
016500 0.055 0.638 0.000 0.307
017000 0.055 0.639 0.000 0.307
017500 0.055 0.640 0.000 0.306
018000 0.055 0.641 0.000 0.304
018500 0.055 0.641 0.000 0.305
019000 0.055 0.641 0.000 0.304
019500 0.055 0.643 0.000 0.302
020000 0.055 0.644 0.000 0.302
020500 0.055 0.645 0.000 0.301
021000 0.055 0.645 0.000 0.300
021500 0.055 0.646 0.000 0.299
022000 0.055 0.647 0.000 0.299
022500 0.055 0.648 0.000 0.298
023000 0.055 0.647 0.000 0.298
023500 0.055 0.647 0.000 0.298
024000 0.055 0.647 0.000 0.298
024500 0.055 0.647 0.000 0.298
025000 0.055 0.647 0.000 0.298
025500 0.055 0.647 0.000 0.298
026000 0.055 0.647 0.000 0.298
026500 0.055 0.647 0.000 0.298
027000 0.055 0.647 0.000 0.298
027500 0.055 0.647 0.000 0.298
028000 0.055 0.647 0.000 0.298
028500 0.055 0.647 0.000 0.298
029000 0.055 0.647 0.000 0.298
029500 0.055 0.647 0.000 0.298
030000 0.055 0.647 0.000 0.298
030500 0.055 0.647 0.000 0.298
031000 0.055 0.647 0.000 0.298
031500 0.055 0.647 0.000 0.298
032000 0.055 0.647 0.000 0.298
032500 0.055 0.647 0.000 0.298
033000 0.055 0.647 0.000 0.298
033500 0.055 0.647 0.000 0.298
034000 0.055 0.647 0.000 0.298
034500 0.055 0.647 0.000 0.298
035000 0.055 0.647 0.000 0.298
035500 0.055 0.647 0.000 0.298
036000 0.055 0.647 0.000 0.298
036500 0.055 0.647 0.000 0.298
037000 0.055 0.647 0.000 0.298
037500 0.055 0.647 0.000 0.298
038000 0.055 0.647 0.000 0.298
038500 0.055 0.647 0.000 0.298
039000 0.055 0.647 0.000 0.298
039500 0.055 0.647 0.000 0.298
040000 0.055 0.647 0.000 0.298
040500 0.055 0.647 0.000 0.298
041000 0.055 0.647 0.000 0.298
041500 0.055 0.647 0.000 0.298
042000 0.055 0.647 0.000 0.298
042500 0.055 0.647 0.000 0.298
043000 0.055 0.647 0.000 0.298
043500 0.055 0.647 0.000 0.298
044000 0.055 0.647 0.000 0.298
044500 0.055 0.647 0.000 0.298
045000 0.055 0.647 0.000 0.298
045500 0.055 0.647 0.000 0.298
046000 0.055 0.647 0.000 0.298
046500 0.055 0.647 0.000 0.298
047000 0.055 0.647 0.000 0.298
047500 0.055 0.647 0.000 0.298
048000 0.055 0.647 0.000 0.298
048500 0.055 0.647 0.000 0.298
049000 0.055 0.647 0.000 0.298
049500 0.055 0.647 0.000 0.298
050000 0.055 0.647 0.000 0.298
050500 0.055 0.647 0.000 0.298
051000 0.055 0.647 0.000 0.298
051500 0.055 0.647 0.000 0.298
052000 0.055 0.647 0.000 0.298
052500 0.055 0.647 0.000 0.298
053000 0.055 0.647 0.000 0.298
053500 0.055 0.647 0.000 0.298
054000 0.055 0.647 0.000 0.298
054500 0.055 0.647 0.000 0.298
055000 0.055 0.647 0.000 0.298
055500 0.055 0.647 0.000 0.298
056000 0.055 0.647 0.000 0.298
056500 0.055 0.647 0.000 0.298
057000 0.055 0.647 0.000 0.298
057500 0.055 0.647 0.000 0.298
058000 0.055 0.647 0.000 0.298
058500 0.055 0.647 0.000 0.298
059000 0.055 0.647 0.000 0.298
059500 0.055 0.647 0.000 0.298
060000 0.055 0.647 0.000 0.298
060500 0.055 0.647 0.000 0.298
061000 0.055 0.647 0.000 0.298
061500 0.055 0.647 0.000 0.298
062000 0.055 0.647 0.000 0.298
062500 0.055 0.647 0.000 0.298
063000 0.055 0.647 0.000 0.298
063500 0.055 0.647 0.000 0.298
064000 0.055 0.647 0.000 0.298
064500 0.055 0.647 0.000 0.298
065000 0.055 0.647 0.000 0.298
065500 0.055 0.647 0.000 0.298
066000 0.055 0.647 0.000 0.298
066500 0.055 0.647 0.000 0.298
067000 0.055 0.647 0.000 0.298
067500 0.055 0.647 0.000 0.298
068000 0.055 0.647 0.000 0.298
068500 0.055 0.647 0.000 0.298
069000 0.055 0.647 0.000 0.298
069500 0.055 0.647 0.000 0.298
070000 0.055 0.647 0.000 0.298
070500 0.055 0.647 0.000 0.298
071000 0.055 0.647 0.000 0.298
071500 0.055 0.647 0.000 0.298
072000 0.055 0.647 0.000 0.298
072500 0.055 0.647 0.000 0.298
073000 0.055 0.647 0.000 0.298
073500 0.055 0.647 0.000 0.298
074000 0.055 0.647 0.000 0.298
074500 0.055 0.647 0.000 0.298
075000 0.055 0.647 0.000 0.298
075500 0.055 0.647 0.000 0.298
076000 0.055 0.647 0.000 0.298
076500 0.055 0.647 0.000 0.298
077000 0.055 0.647 0.000 0.298
077500 0.055 0.647 0.000 0.298
078000 0.055 0.647 0.000 0.298
078500 0.055 0.647 0.000 0.298
079000 0.055 0.647 0.000 0.298
079500 0.055 0.647 0.000 0.298
080000 0.055 0.647 0.000 0.298
080500 0.055 0.647 0.000 0.298
081000 0.055 0.647 0.000 0.298
081500 0.055 0.647 0.000 0.298
082000 0.055 0.647 0.000 0.298
082500 0.055 0.647 0.000 0.298
083000 0.055 0.647 0.000 0.298
083500 0.055 0.647 0.000 0.298
084000 0.055 0.647 0.000 0.298
084500 0.055 0.647 0.000 0.298
085000 0.055 0.647 0.000 0.298
085500 0.055 0.647 0.000 0.298
086000 0.055 0.647 0.000 0.298
086500 0.055 0.647 0.000 0.298
087000 0.055 0.647 0.000 0.298
087500 0.055 0.647 0.000 0.298
088000 0.055 0.647 0.000 0.298
088500 0.055 0.647 0.000 0.298
089000 0.055 0.647 0.000 0.298
089500 0.055 0.647 0.000 0.298
090000 0.055 0.647 0.000 0.298
090500 0.055 0.647 0.000 0.298
091000 0.055 0.647 0.000 0.298
091500 0.055 0.647 0.000 0.298
092000 0.055 0.647 0.000 0.298
092500 0.055 0.647 0.000 0.298
093000 0.055 0.647 0.000 0.298
093500 0.055 0.647 0.000 0.298
094000 0.055 0.647 0.000 0.298
094500 0.055 0.647 0.000 0.298
095000 0.055 0.647 0.000 0.298
095500 0.055 0.647 0.000 0.298
096000 0.055 0.647 0.000 0.298
096500 0.055 0.647 0.000 0.298
097000 0.055 0.647 0.000 0.298
097500 0.055 0.647 0.000 0.298
098000 0.055 0.647 0.000 0.298
098500 0.055 0.647 0.000 0.298
099000 0.055 0.647 0.000 0.298
099500 0.055 0.647 0.000 0.298
100000 0.055 0.647 0.000 0.298
100500 0.055 0.647 0.000 0.298
101000 0.055 0.647 0.000 0.298
101500 0.055 0.647 0.000 0.298
102000 0.055 0.647 0.000 0.298
102500 0.055 0.647 0.000 0.298
103000 0.055 0.647 0.000 0.298
103500 0.055 0.647 0.000 0.298
104000 0.055 0.647 0.000 0.298
104500 0.055 0.647 0.000 0.298
105000 0.055 0.647 0.000 0.298
105500 0.055 0.647 0.000 0.298
106000 0.055 0.647 0.000 0.298
106500 0.055 0.647 0.000 0.298
107000 0.055 0.647 0.000 0.298
107500 0.055 0.647 0.000 0.298
108000 0.055 0.647 0.000 0.298
108500 0.055 0.647 0.000 0.298
109000 0.055 0.647 0.000 0.298
109500 0.055 0.647 0.000 0.298
110000 0.055 0.647 0.000 0.298
110500 0.055 0.647 0.000 0.298
111000 0.055 0.647 0.000 0.298
111500 0.055 0.647 0.000 0.298
112000 0.055 0.647 0.000 0.298
112500 0.055 0.647 0.000 0.298
113000 0.055 0.647 0.000 0.298
113500 0.055 0.647 0.000 0.298
114000 0.055 0.647 0.000 0.298
114500 0.055 0.647 0.000 0.298
115000 0.055 0.647 0.000 0.298
115500 0.055 0.647 0.000 0.298
116000 0.055 0.647 0.000 0.298
116500 0.055 0.647 0.000 0.298
117000 0.055 0.647 0.000 0.298
117500 0.055 0.647 0.000 0.298
118000 0.055 0.647 0.000 0.298
118500 0.055 0.647 0.000 0.298
119000 0.055 0.647 0.000 0.298
119500 0.055 0.647 0.000 0.298
120000 0.055 0.647 0.000 0.298
120500 0.055 0.647 0.000 0.298
121000 0.055 0.647 0.000 0.298
121500 0.055 0.647 0.000 0.298
122000 0.055 0.647 0.000 0.298
122500 0.055 0.647 0.000 0.298
123000 0.055 0.647 0.000 0.298
123500 0.055 0.647 0.000 0.298
124000 0.055 0.647 0.000 0.298
124500 0.055 0.647 0.000 0.298
125000 0.055 0.647 0.000 0.298
125500 0.055 0.647 0.000 0.298
126000 0.055 0.647 0.000 0.298
126500 0.055 0.647 0.000 0.298
127000 0.055 0.647 0.000 0.298
127500 0.055 0.647 0.000 0.298
128000 0.055 0.647 0.000 0.298
128500 0.055 0.647 0.000 0.298
129000 0.055 0.647 0.000 0.298
129500 0.055 0.647 0.000 0.298
130000 0.055 0.647 0.000 0.298
130500 0.055 0.647 0.000 0.298
131000 0.055 0.647 0.000 0.298
131500 0.055 0.647 0.000 0.298
132000 0.055 0.647 0.000 0.298
132500 0.055 0.647 0.000 0.298
133000 0.055 0.647 0.000 0.298
133500 0.055 0.647 0.000 0.298
134000 0.055 0.647 0.000 0.298
134500 0.055 0.647 0.000 0.298
135000 0.055 0.647 0.000 0.298
135500 0.055 0.647 0.000 0.298
136000 0.055 0.647 0.000 0.298
136500 0.055 0.647 0.000 0.298
137000 0.055 0.647 0.000 0.298
137500 0.055 0.647 0.000 0.298
138000 0.055 0.647 0.000 0.298
138500 0.055 0.647 0.000 0.298
139000 0.055 0.647 0.000 0.298
139500 0.055 0.647 0.000 0.298
140000 0.055 0.647 0.000 0.298
140500 0.055 0.647 0.000 0.298
141000 0.055 0.647 0.000 0.298
141500 0.055 0.647 0.000 0.298
142000 0.055 0.647 0.000 0.298
142500 0.055 0.647 0.000 0.298
143000 0.055 0.647 0.000 0.298
143500 0.055 0.647 0.000 0.298
144000 0.055 0.647 0.000 0.298
144500 0.055 0.647 0.000 0.298
145000 0.055 0.647 0.000 0.298
145500 0.055 0.647 0.000 0.298
146000 0.055 0.647 0.000 0.298
146500 0.055 0.647 0.000 0.298
147000 0.055 0.647 0.000 0.298
147500 0.055 0.647 0.000 0.298
148000 0.055 0.647 0.000 0.298
148500 0.055 0.647 0.000 0.298
149000 0.055 0.647 0.000 0.298
149500 0.055 0.647 0.000 0.298
150000 0.055 0.647 0.000 0.298
150500 0.055 0.647 0.000 0.298
151000 0.055 0.647 0.000 0.298
151500 0.055 0.647 0.000 0.298
152000 0.055 0.647 0.000 0.298
152500 0.055 0.647 0.000 0.298
153000 0.055 0.647 0.000 0.298
153500 0.055 0.647 0.000 0.298
154000 0.055 0.647 0.000 0.298
154500 0.055 0.647 0.000 0.298
155000 0.055 0.647 0.000 0.298
155500 0.055 0.647 0.000 0.298
156000 0.055 0.647 0.000 0.298
156500 0.055 0.647 0.000 0.298
157000 0.055 0.647 0.000 0.298
157500 0.055 0.647 0.000 0.298
158000 0.055 0.647 0.000 0.298
158500 0.055 0.647 0.000 0.298
159000 0.055 0.647 0.000 0.298
159500 0.055 0.647 0.000 0.298
160000 0.055 0.647 0.000 0.298
160500 0.055 0.647 0.000 0.298
161000 0.055 0.647 0.000 0.298
161500 0.055 0.647 0.000 0.298
162000 0.055 0.647 0.000 0.298
162500 0.055 0.647 0.000 0.298
163000 0.055 0.647 0.000 0.298
163500 0.055 0.647 0.000 0.298
164000 0.055 0.647 0.000 0.298
164500 0.055 0.647 0.000 0.298
165000 0.055 0.647 0.000 0.298
165500 0.055 0.647 0.000 0.298
166000 0.055 0.647 0.000 0.298
166500 0.055 0.647 0.000 0.298
167000 0.055 0.647 0.000 0.298
167500 0.055 0.647 0.000 0.298
168000 0.055 0.647 0.000 0.298
168500 0.055 0.647 0.000 0.298
169000 0.055 0.647 0.000 0.298
169500 0.055 0.647 0.000 0.298
170000 0.055 0.647 0.000 0.298
170500 0.055 0.647 0.000 0.298
171000 0.055 0.647 0.000 0.298
171500 0.055 0.647 0.000 0.298
172000 0.055 0.647 0.000 0.298
172500 0.055 0.647 0.000 0.298
173000 0.055 0.647 0.000 0.298
173500 0.055 0.647 0.000 0.298
174000 0.055 0.647 0.000 0.298
174500 0.055 0.647 0.000 0.298
175000 0.055 0.647 0.000 0.298
175500 0.055 0.647 0.000 0.298
176000 0.055 0.647 0.000 0.298
176500 0.055 0.647 0.000 0.298
177000 0.055 0.647 0.000 0.298
177500 0.055 0.647 0.000 0.298
178000 0.055 0.647 0.000 0.298
178500 0.055 0.647 0.000 0.298
179000 0.055 0.647 0.000 0.298
179500 0.055 0.647 0.000 0.298
180000 0.055 0.647 0.000 0.298
180500 0.055 0.647 0.000 0.298
181000 0.055 0.647 0.000 0.298
181500 0.055 0.647 0.000 0.298
182000 0.055 0.647 0.000 0.298
182500 0.055 0.647 0.000 0.298
183000 0.055 0.647 0.000 0.298
183500 0.055 0.647 0.000 0.298
184000 0.055 0.647 0.000 0.298
184500 0.055 0.647 0.000 0.298
185000 0.055 0.647 0.000 0.298
185500 0.055 0.647 0.000 0.298
186000 0.055 0.647 0.000 0.298
186500 0.055 0.647 0.000 0.298
187000 0.055 0.647 0.000 0.298
187500 0.055 0.647 0.000 0.298
188000 0.055 0.647 0.000 0.298
188500 0.055 0.647 0.000 0.298
189000 0.055 0.647 0.000 0.298
189500 0.055 0.647 0.000 0.298
190000 0.055 0.647 0.000 0.298
190500 0.055 0.647 0.000 0.298
191000 0.055 0.647 0.000 0.298
191500 0.055 0.647 0.000 0.298
192000 0.055 0.647 0.000 0.298
192500 0.055 0.647 0.000 0.298
193000 0.055 0.647 0.000 0.298
193500 0.055 0.647 0.000 0.298
194000 0.055 0.647 0.000 0.298
194500 0.055 0.647 0.000 0.298
195000 0.055 0.647 0.000 0.298
195500 0.055 0.647 0.000 0.298
196000 0.055 0.647 0.000 0.298
196500 0.055 0.647 0.000 0.298
197000 0.055 0.647 0.000 0.298
197500 0.055 0.647 0.000 0.298
198000 0.055 0.647 0.000 0.298
198500 0.055 0.647 0.000 0.298
199000 0.055 0.647 0.000 0.298
199500 0.055 0.647 0.000 0.298
200000 0.055 0.647 0.000 0.298
200500 0.055 0.647 0.000 0.298
201000 0.055 0.647 0.000 0.298
201500 0.055 0.647 0.000 0.298
202000 0.055 0.647 0.000 0.298
202500 0.055 0.647 0.000 0.298
203000 0.055 0.647 0.000 0.298
203500 0.055 0.647 0.000 0.298
204000 0.055 0.647 0.000 0.298
204500 0.055 0.647 0.000 0.298
205000 0.055 0.647 0.000 0.298
205500 0.055 0.647 0.000 0.298
206000 0.055 0.647 0.000 0.298
206500 0.055 0.647 0.000 0.298
207000 0.055 0.647 0.000 0.298
207500 0.055 0.647 0.000 0.298
208000 0.055 0.647 0.000 0.298
208500 0.055 0.647 0.000 0.298
209000 0.055 0.647 0.000 0.298
209500 0.055 0.647 0.000 0.298
210000 0.055 0.647 0.000 0.298
210500 0.055 0.647 0.000 0.298
211000 0.055 0.647 0.000 0.298
211500 0.055 0.647 0.000 0.298
212000 0.055 0.647 0.000 0.298
212500 0.055 0.647 0.000 0.298
213000 0.055 0.647 0.000 0.298
213500 0.055 0.647 0.000 0.298
214000 0.055 0.647 0.000 0.298
214500 0.055 0.647 0.000 0.298
215000 0.055 0.647 0.000 0.298
215500 0.055 0.647 0.000 0.298
216000 0.055 0.647 0.000 0.298
216500 0.055 0.647 0.000 0.298
217000 0.055 0.647 0.000 0.298
217500 0.055 0.647 0.000 0.298
218000 0.055 0.647 0.000 0.298
218500 0.055 0.647 0.000 0.298
219000 0.055 0.647 0.000 0.298
219500 0.055 0.647 0.000 0.298
220000 0.055 0.647 0.000 0.298
220500 0.055 0.647 0.000 0.298
221000 0.055 0.647 0.000 0.298
221500 0.055 0.647 0.000 0.298
222000 0.055 0.647 0.000 0.298
222500 0.055 0.647 0.000 0.298
223000 0.055 0.647 0.000 0.298
223500 0.055 0.647 0.000 0.298
224000 0.055 0.647 0.000 0.298
224500 0.055 0.647 0.000 0.298
225000 0.055 0.647 0.000 0.298
225500 0.055 0.647 0.000 0.298
226000 0.055 0.647 0.000 0.298
226500 0.055 0.647 0.000 0.298
227000 0.055 0.647 0.000 0.298
227500 0.055 0.647 0.000 0.298
228000 0.055 0.647 0.000 0.298
228500 0.055 0.647 0.000 0.298
229000 0.055 0.647 0.000 0.298
229500 0.055 0.647 0.000 0.298
230000 0.055 0.647 0.000 0.298
230500 0.055 0.647 0.000 0.298
231000 0.055 0.647 0.000 0.298
231500 0.055 0.647 0.000 0.298
232000 0.055 0.647 0.000 0.298
232500 0.055 0.647 0.000 0.298
233000 0.055 0.647 0.000 0.298
233500 0.055 0.647 0.000 0.298
234000 0.055 0.647 0.000 0.298
234500 0.055 0.647 0.000 0.298
235000 0.055 0.647 0.000 0.298
235500 0.055 0.647 0.000 0.298
236000 0.055 0.647 0.000 0.298
236500 0.055 0.647 0.000 0.298
237000 0.055 0.647 0.000 0.298
237500 0.055 0.647 0.000 0.298
238000 0.055 0.647 0.000 0.298
238500 0.055 0.647 0.000 0.298
239000 0.055 0.647 0.000 0.298
239500 0.055 0.647 0.000 0.298
240000 0.055 0.647 0.000 0.298
240500 0.055 0.647 0.000 0.298
241000 0.055 0.647 0.000 0.298
241500 0.055 0.647 0.000 0.298
242000 0.055 0.647 0.000 0.298
242500 0.055 0.647 0.000 0.298
243000 0.055 0.647 0.000 0.298
243500 0.055 0.647 0.000 0.298
244000 0.055 0.647 0.000 0.298
244500 0.055 0.647 0.000 0.298
245000 0.055 0.647 0.000 0.298
245500 0.055 0.647 0.000 0.298
246000 0.055 0.647 0.000 0.298
246500 0.055 0.647 0.000 0.298
247000 0.055 0.647 0.000 0.298
247500 0.055 0.647 0.000 0.298
248000 0.055 0.647 0.000 0.298
248500 0.055 0.647 0.000 0.298
249000 0.055 0.647 0.000 0.298
249500 0.055 0.647 0.000 0.298
250000 0.055 0.647 0.000 0.298
250500 0.055 0.647 0.000 0.298
251000 0.055 0.647 0.000 0.298
251500 0.055 0.647 0.000 0.298
252000 0.055 0.647 0.000 0.298
252500 0.055 0.647 0.000 0.298
253000 0.055 0.647 0.000 0.298
253500 0.055 0.647 0.000 0.298
254000 0.055 0.647 0.000 0.298
254500 0.055 0.647 0.000 0.298
255000 0.055 0.647 0.000 0.298
255500 0.055 0.647 0.000 0.298
256000 0.055 0.647 0.000 0.298
256500 0.055 0.647 0.000 0.298
257000 0.055 0.647 0.000 0.298
257500 0.055 0.647 0.000 0.298
258000 0.055 0.647 0.000 0.298
258500 0.055 0.647 0.000 0.298
259000 0.055 0.647 0.000 0.298
259500 0.055 0.647 0.000 0.298
260000 0.055 0.647 0.000 0.298
260500 0.055 0.647 0.000 0.298
261000 0.055 0.647 0.000 0.298
261500 0.055 0.647 0.000 0.298
262000 0.055 0.647 0.000 0.298
262500 0.055 0.647 0.000 0.298
263000 0.055 0.647 0.000 0.298
263500 0.055 0.647 0.000 0.298
264000 0.055 0.647 0.000 0.298
264500 0.055 0.647 0.000 0.298
265000 0.055 0.647 0.000 0.298
265500 0.055 0.647 0.000 0.298
266000 0.055 0.647 0.000 0.298
266500 0.055 0.647 0.000 0.298
267000 0.055 0.647 0.000 0.298
267500 0.055 0.647 0.000 0.298
268000 0.055 0.647 0.000 0.298
268500 0.055 0.647 0.000 0.298
269000 0.055 0.647 0.000 0.298
269500 0.055 0.647 0.000 0.298
270000 0.055 0.647 0.000 0.298
270500 0.055 0.647 0.000 0.298
271000 0.055 0.647 0.000 0.298
271500 0.055 0.647 0.000 0.298
272000 0.055 0.647 0.000 0.298
272500 0.055 0.647 0.000 0.298
273000 0.055 0.647 0.000 0.298
273500 0.055 0.647 0.000 0.298
274000 0.055 0.647 0.000 0.298
274500 0.055 0.647 0.000 0.298
275000 0.055 0.647 0.000 0.298
275500 0.055 0.647 0.000 0.298
276000 0.055 0.647 0.000 0.298
276500 0.055 0.647 0.000 0.298
277000 0.055 0.647 0.000 0.298
277500 0.055 0.647 0.000 0.298
278000 0.055 0.647 0.000 0.298
278500 0.055 0.647 0.000 0.298
279000 0.055 0.647 0.000 0.298
279500 0.055 0.647 0.000 0.298
280000 0.055 0.647 0.000 0.298
280500 0.055 0.647 0.000 0.298
281000 0.055 0.647 0.000 0.298
281500 0.055 0.647 0.000 0.298
282000 0.055 0.647 0.000 0.298
282500 0.055 0.647 0.000 0.298
283000 0.055 0.647 0.000 0.298
283500 0.055 0.647 0.000 0.298
284000 0.055 0.647 0.000 0.298
284500 0.055 0.647 0.000 0.298
285000 0.055 0.647 0.000 0.298
285500 0.055 0.647 0.000 0.298
286000 0.055 0.647 0.000 0.298
286500 0.055 0.647 0.000 0.298
287000 0.055 0.647 0.000 0.298
287500 0.055 0.647 0.000 0.298
288000 0.055 0.647 0.000 0.298
288500 0.055 0.647 0.000 0.298
289000 0.055 0.647 0.000 0.298
289500 0.055 0.647 0.000 0.298
290000 0.055 0.647 0.000 0.298
290500 0.055 0.647 0.000 0.298
291000 0.055 0.647 0.000 0.298
291500 0.055 0.647 0.000 0.298
292000 0.055 0.647 0.000 0.298
292500 0.055 0.647 0.000 0.298
293000 0.055 0.647 0.000 0.298
293500 0.055 0.647 0.000 0.298
294000 0.055 0.647 0.000 0.298
294500 0.055 0.647 0.000 0.298
295000 0.055 0.647 0.000 0.298
295500 0.055 0.647 0.000 0.298
296000 0.055 0.647 0.000 0.298
296500 0.055 0.647 0.000 0.298
297000 0.055 0.647 0.000 0.298
297500 0.055 0.647 0.000 0.298
298000 0.055 0.647 0.000 0.298
298500 0.055 0.647 0.000 0.298
299000 0.055 0.647 0.000 0.298
299500 0.055 0.647 0.000 0.298
300000 0.055 0.647 0.000 0.298
300500 0.055 0.647 0.000 0.298
301000 0.055 0.647 0.000 0.298
301500 0.055 0.647 0.000 0.298
302000 0.055 0.647 0.000 0.298
302500 0.055 0.647 0.000 0.298
303000 0.055 0.647 0.000 0.298
303500 0.055 0.647 0.000 0.298
304000 0.055 0.647 0.000 0.298
304500 0.055 0.647 0.000 0.298
305000 0.055 0.647 0.000 0.298
305500 0.055 0.647 0.000 0.298
306000 0.055 0.647 0.000 0.298
306500 0.055 0.647 0.000 0.298
307000 0.055 0.647 0.000 0.298
307500 0.055 0.647 0.000 0.298
308000 0.055 0.647 0.000 0.298
308500 0.055 0.647 0.000 0.298
309000 0.055 0.647 0.000 0.298
309500 0.055 0.647 0.000 0.298
310000 0.055 0.647 0.000 0.298
310500 0.055 0.647 0.000 0.298
311000 0.055 0.647 0.000 0.298
311500 0.055 0.647 0.000 0.298
312000 0.055 0.647 0.000 0.298
312500 0.055 0.647 0.000 0.298
313000 0.055 0.647 0.000 0.298
313500 0.055 0.647 0.000 0.298
314000 0.055 0.647 0.000 0.298
314500 0.055 0.647 0.000 0.298
315000 0.055 0.647 0.000 0.298
315500 0.055 0.647 0.000 0.298
316000 0.055 0.647 0.000 0.298
316500 0.055 0.647 0.000 0.298
317000 0.055 0.647 0.000 0.298
317500 0.055 0.647 0.000 0.298
318000 0.055 0.647 0.000 0.298
318500 0.055 0.647 0.000 0.298
319000 0.055 0.647 0.000 0.298
319500 0.055 0.647 0.000 0.298
320000 0.055 0.647 0.000 0.298
320500 0.055 0.647 0.000 0.298
321000 0.055 0.647 0.000 0.298
321500 0.055 0.647 0.000 0.298
322000 0.055 0.647 0.000 0.298
322500 0.055 0.647 0.000 0.298
323000 0.055 0.647 0.000 0.298
323500 0.055 0.647 0.000 0.298
324000 0.055 0.647 0.000 0.298
324500 0.055 0.647 0.000 0.298
325000 0.055 0.647 0.000 0.298
325500 0.055 0.647 0.000 0.298
326000 0.055 0.647 0.000 0.298
326500 0.055 0.647 0.000 0.298
327000 0.055 0.647 0.000 0.298
327500 0.055 0.647 0.000 0.298
328000 0.055 0.647 0.000 0.298
328500 0.055 0.647 0.000 0.298
329000 0.055 0.647 0.000 0.298
329500 0.055 0.647 0.000 0.298
330000 0.055 0.647 0.000 0.298
330500 0.055 0.647 0.000 0.298
331000 0.055 0.647 0.000 0.298
331500 0.055 0.647 0.000 0.298
332000 0.055 0.647 0.000 0.298
332500 0.055 0.647 0.000 0.298
333000 0.055 0.647 0.000 0.298
333500 0.055 0.647 0.000 0.298
334000 0.055 0.647 0.000 0.298
334500 0.055 0.647 0.000 0.298
335000 0.055 0.647 0.000 0.298
335500 0.055 0.647 0.000 0.298
336000 0.055 0.647 0.000 0.298
336500 0.055 0.647 0.000 0.298
337000 0.055 0.647 0.000 0.298
337500 0.055 0.647 0.000 0.298
338000 0.055 0.647 0.000 0.298
338500 0.055 0.647 0.000 0.298
339000 0.055 0.647 0.000 0.298
339500 0.055 0.647 0.000 0.298
340000 0.055 0.647 0.000 0.298
340500 0.055 0.647 0.000 0.298
341000 0.055 0.647 0.000 0.298
341500 0.055 0.647 0.000 0.298
342000 0.055 0.647 0.000 0.298
342500 0.055 0.647 0.000 0.298
343000 0.055 0.647 0.000 0.298
343500 0.055 0.647 0.000 0.298
344000 0.055 0.647 0.000 0.298
344500 0.055 0.647 0.000 0.298
345000 0.055 0.647 0.000 0.298
345500 0.055 0.647 0.000 0.298
346000 0.055 0.647 0.000 0.298
346500 0.055 0.647 0.000 0.298
347000 0.055 0.647 0.000 0.298
347500 0.055 0.647 0.000 0.298
348000 0.055 0.647 0.000 0.298
348500 0.055 0.647 0.000 0.298
349000 0.055 0.647 0.000 0.298
349500 0.055 0.647 0.000 0.298
350000 0.055 0.647 0.000 0.298
350500 0.055 0.647 0.000 0.298
351000 0.055 0.647 0.000 0.298
351500 0.055 0.647 0.000 0.298
352000 0.055 0.647 0.000 0.298
352500 0.055 0.647 0.000 0.298
353000 0.055 0.647 0.000 0.298
353500 0.055 0.647 0.000 0.298
354000 0.055 0.647 0.000 0.298
354500 0.055 0.647 0.000 0.298
355000 0.055 0.647 0.000 0.298
355500 0.055 0.647 0.000 0.298
356000 0.055 0.647 0.000 0.298
356500 0.055 0.647 0.000 0.298
357000 0.055 0.647 0.000 0.298
357500 0.055 0.647 0.000 0.298
358000 0.055 0.647 0.000 0.298
358500 0.055 0.647 0.000 0.298
359000 0.055 0.647 0.000 0.298
359500 0.055 0.647 0.000 0.298
360000 0.055 0.647 0.000 0.298
360500 0.055 0.647 0.000 0.298
361000 0.055 0.647 0.000 0.298
361500 0.055 0.647 0.000 0.298
362000 0.055 0.647 0.000 0.298
362500 0.055 0.647 0.000 0.298
363000 0.055 0.647 0.000 0.298
363500 0.055 0.647 0.000 0.298
364000 0.055 0.647 0.000 0.298
364500 0.055 0.647 0.000 0.298
365000 0.055 0.647 0.000 0.298
365500 0.055 0.647 0.000 0.298
366000 0.055 0.647 0.000 0.298
366500 0.055 0.647 0.000 0.298
367000 0.055 0.647 0.000 0.298
367500 0.055 0.647 0.000 0.298
368000 0.055 0.647 0.000 0.298
368500 0.055 0.647 0.000 0.298
369000 0.055 0.647 0.000 0.298
369500 0.055 0.647 0.000 0.298
370000 0.055 0.647 0.000 0.298
370500 0.055 0.647 0.000 0.298
371000 0.055 0.647 0.000 0.298
371500 0.055 0.647 0.000 0.298
372000 0.055 0.647 0.000 0.298
372500 0.055 0.647 0.000 0.298
373000 0.055 0.647 0.000 0.298
373500 0.055 0.647 0.000 0.298
374000 0.055 0.647 0.000 0.298
374500 0.055 0.647 0.000 0.298
375000 0.055 0.647 0.000 0.298
375500 0.055 0.647 0.000 0.298
376000 0.055 0.647 0.000 0.298
376500 0.055 0.647 0.000 0.298
377000 0.055 0.647 0.000 0.298
377500 0.055 0.647 0.000 0.298
378000 0.055 0.647 0.000 0.298
378500 0.055 0.647 0.000 0.298
379000 0.055 0.647 0.000 0.298
379500 0.055 0.647 0.000 0.298
380000 0.055 0.647 0.000 0.298
380500 0.055 0.647 0.000 0.298
381000 0.055 0.647 0.000 0.298
381500 0.055 0.647 0.000 0.298
382000 0.055 0.647 0.000 0.298
382500 0.055 0.647 0.000 0.298
383000 0.055 0.647 0.000 0.298
383500 0.055 0.647 0.000 0.298
384000 0.055 0.647 0.000 0.298
384500 0.055 0.647 0.000 0.298
385000 0.055 0.647 0.000 0.298
385500 0.055 0.647 0.000 0.298
386000 0.055 0.647 0.000 0.298
386500 0.055 0.647 0.000 0.298
387000 0.055 0.647 0.000 0.298
387500 0.055 0.647 0.000 0.298
388000 0.055 0.647 0.000 0.298
388500 0.055 0.647 0.000 0.298
389000 0.055 0.647 0.000 0.298
389500 0.055 0.647 0.000 0.298
390000 0.055 0.647 0.000 0.298
390500 0.055 0.647 0.000 0.298
391000 0.055 0.647 0.000 0.298
391500 0.055 0.647 0.000 0.298
392000 0.055 0.647 0.000 0.298
392500 0.055 0.647 0.000 0.298
393000 0.055 0.647 0.000 0.298
393500 0.055 0.647 0.000 0.298
394000 0.055 0.647 0.000 0.298
394500 0.055 0.647 0.000 0.298
395000 0.055 0.647 0.000 0.298
395500 0.055 0.647 0.000 0.298
396000 0.055 0.647 0.000 0.298
396500 0.055 0.647 0.000 0.298
397000 0.055 0.647 0.000 0.298
397500 0.055 0.647 0.000 0.298
398000 0.055 0.647 0.000 0.298
398500 0.055 0.647 0.000 0.298
399000 0.055 0.647 0.000 0.298
399500 0.055 0.647 0.000 0.298
400000 0.055 0.647 0.000 0.298
400500 0.055 0.647 0.000 0.298
401000 0.055 0.647 0.000 0.298
401500 0.055 0.647 0.000 0.298
402000 0.055 0.647 0.000 0.298
402500 0.055 0.647 0.000 0.298
403000 0.055 0.647 0.000 0.298
403500 0.055 0.647 0.000 0.298
404000 0.055 0.647 0.000 0.298
404500 0.055 0.647 0.000 0.298
405000 0.055 0.647 0.000 0.298
405500 0.055 0.647 0.000 0.298
406000 0.055 0.647 0.000 0.298
406500 0.055 0.647 0.000 0.298
407000 0.055 0.647 0.000 0.298
407500 0.055 0.647 0.000 0.298
408000 0.055 0.647 0.000 0.298
408500 0.055 0.647 0.000 0.298
409000 0.055 0.647 0.000 0.298
409500 0.055 0.647 0.000 0.298
410000 0.055 0.647 0.000 0.298
410500 0.055 0.647 0.000 0.298
411000 0.055 0.647 0.000 0.298
411500 0.055 0.647 0.000 0.298
412000 0.055 0.647 0.000 0.298
412500 0.055 0.647 0.000 0.298
413000 0.055 0.647 0.000 0.298
413500 0.055 0.647 0.000 0.298
414000 0.055 0.647 0.000 0.298
414500 0.055 0.647 0.000 0.298
415000 0.055 0.647 0.000 0.298
415500 0.055 0.647 0.000 0.298
416000 0.055 0.647 0.000 0.298
416500 0.055 0.647 0.000 0.298
417000 0.055 0.647 0.000 0.298
417500 0.055 0.647 0.000 0.298
418000 0.055 0.647 0.000 0.298
418500 0.055 0.647 0.000 0.298
419000 0.055 0.647 0.000 0.298
419500 0.055 0.647 0.000 0.298
420000 0.055 0.647 0.000 0.298
420500 0.055 0.647 0.000 0.298
421000 0.055 0.647 0.000 0.298
421500 0.055 0.647 0.000 0.298
422000 0.055 0.647 0.000 0.298
422500 0.055 0.647 0.000 0.298
423000 0.055 0.647 0.000 0.298
423500 0.055 0.647 0.000 0.298
424000 0.055 0.647 0.000 0.298
424500 0.055 0.647 0.000 0.298
425000 0.055 0.647 0.000 0.298
425500 0.055 0.647 0.000 0.298
426000 0.055 0.647 0.000 0.298
426500 0.055 0.647 0.000 0.298
427000 0.055 0.647 0.000 0.298
427500 0.055 0.647 0.000 0.298
428000 0.055 0.647 0.000 0.298
428500 0.055 0.647 0.000 0.298
429000 0.055 0.647 0.000 0.298
429500 0.055 0.647 0.000 0.298
430000 0.055 0.647 0.000 0.298
430500 0.055 0.647 0.000 0.298
431000 0.055 0.647 0.000 0.298
431500 0.055 0.647 0.000 0.298
432000 0.055 0.647 0.000 0.298
432500 0.055 0.647 0.000 0.298
433000 0.055 0.647 0.000 0.298
433500 0.055 0.647 0.000 0.298
434000 0.055 0.647 0.000 0.298
434500 0.055 0.647 0.000 0.298
435000 0.055 0.647 0.000 0.298
435500 0.055 0.647 0.000 0.298
436000 0.055 0.647 0.000 0.298
436500 0.055 0.647 0.000 0.298
437000 0.055 0.647 0.000 0.298
437500 0.055 0.647 0.000 0.298
438000 0.055 0.647 0.000 0.298
438500 0.055 0.647 0.000 0.298
439000 0.055 0.647 0.000 0.298
439500 0.055 0.647 0.000 0.298
440000 0.055 0.647 0.000 0.298
440500 0.055 0.647 0.000 0.298
441000 0.055 0.647 0.000 0.298
441500 0.055 0.647 0.000 0.298
442000 0.055 0.647 0.000 0.298
442500 0.055 0.647 0.000 0.298
443000 0.055 0.647 0.000 0.298
443500 0.055 0.647 0.000 0.298
444000 0.055 0.647 0.000 0.298
444500 0.055 0.647 0.000 0.298
445000 0.055 0.647 0.000 0.298
445500 0.055 0.647 0.000 0.298
446000 0.055 0.647 0.000 0.298
446500 0.055 0.647 0.000 0.298
447000 0.055 0.647 0.000 0.298
447500 0.055 0.647 0.000 0.298
448000 0.055 0.647 0.000 0.298
448500 0.055 0.647 0.000 0.298
449000 0.055 0.647 0.000 0.298
449500 0.055 0.647 0.000 0.298
450000 0.055 0.647 0.000 0.298
450500 0.055 0.647 0.000 0.298
451000 0.055 0.647 0.000 0.298
451500 0.055 0.647 0.000 0.298
452000 0.055 0.647 0.000 0.298
452500 0.055 0.647 0.000 0.298
453000 0.055 0.647 0.000 0.298
453500 0.055 0.647 0.000 0.298
454000 0.055 0.647 0.000 0.298
454500 0.055 0.647 0.000 0.298
455000 0.055 0.647 0.000 0.298
455500 0.055 0.647 0.000 0.298
456000 0.055 0.647 0.000 0.298
456500 0.055 0.647 0.000 0.298
457000 0.055 0.647 0.000 0.298
457500 0.055 0.647 0.000 0.298
458000 0.055 0.647 0.000 0.298
458500 0.055 0.647 0.000 0.298
459000 0.055 0.647 0.000 0.298
459500 0.055 0.647 0.000 0.298
460000 0.055 0.647 0.000 0.298
460500 0.055 0.647 0.000 0.298
461000 0.055 0.647 0.000 0.298
461500 0.055 0.647 0.000 0.298
462000 0.055 0.647 0.000 0.298
462500 0.055 0.647 0.000 0.298
463000 0.055 0.647 0.000 0.298
463500 0.055 0.647 0.000 0.298
464000 0.055 0.647 0.000 0.298
464500 0.055 0.647 0.000 0.298
465000 0.055 0.647 0.000 0.298
465500 0.055 0.647 0.000 0.298
466000 0.055 0.647 0.000 0.298
466500 0.055 0.647 0.000 0.298
467000 0.055 0.647 0.000 0.298
467500 0.055 0.647 0.000 0.298
468000 0.055 0.647 0.000 0.298
468500 0.055 0.647 0.000 0.298
469000 0.055 0.647 0.000 0.298
469500 0.055 0.647 0.000 0.298
470000 0.055 0.647 0.000 0.298
470500 0.055 0.647 0.000 0.298
471000 0.055 0.647 0.000 0.298
471500 0.055 0.647 0.000 0.298
472000 0.055 0.647 0.000 0.298
472500 0.055 0.647 0.000 0.298
473000 0.055 0.647 0.000 0.298
473500 0.055 0.647 0.000 0.298
474000 0.055 0.647 0.000 0.298
474500 0.055 0.647 0.000 0.298
475000 0.055 0.647 0.000 0.298
475500 0.055 0.647 0.000 0.298
476000 0.055 0.647 0.000 0.298
476500 0.055 0.647 0.000 0.298
477000 0.055 0.647 0.000 0.298
477500 0.055 0.647 0.000 0.298
478000 0.055 0.647 0.000 0.298
478500 0.055 0.647 0.000 0.298
479000 0.055 0.647 0.000 0.298
479500 0.055 0.647 0.000 0.298
480000 0.055 0.647 0.000 0.298
480500 0.055 0.647 0.000 0.298
481000 0.055 0.647 0.000 0.298
481500 0.055 0.647 0.000 0.298
482000 0.055 0.647 0.000 0.298
482500 0.055 0.647 0.000 0.298
483000 0.055 0.647 0.000 0.298
483500 0.055 0.647 0.000 0.298
484000 0.055 0.647 0.000 0.298
484500 0.055 0.647 0.000 0.298
485000 0.055 0.647 0.000 0.298
485500 0.055 0.647 0.000 0.298
486000 0.055 0.647 0.000 0.298
486500 0.055 0.647 0.000 0.298
487000 0.055 0.647 0.000 0.298
487500 0.055 0.647 0.000 0.298
488000 0.055 0.647 0.000 0.298
488500 0.055 0.647 0.000 0.298
489000 0.055 0.647 0.000 0.298
489500 0.055 0.647 0.000 0.298
490000 0.055 0.647 0.000 0.298
490500 0.055 0.647 0.000 0.298
491000 0.055 0.647 0.000 0.298
491500 0.055 0.647 0.000 0.298
492000 0.055 0.647 0.000 0.298
492500 0.055 0.647 0.000 0.298
493000 0.055 0.647 0.000 0.298
493500 0.055 0.647 0.000 0.298
494000 0.055 0.647 0.000 0.298
494500 0.055 0.647 0.000 0.298
495000 0.055 0.647 0.000 0.298
495500 0.055 0.647 0.000 0.298
496000 0.055 0.647 0.000 0.298
496500 0.055 0.647 0.000 0.298
497000 0.055 0.647 0.000 0.298
497500 0.055 0.647 0.000 0.298
498000 0.055 0.647 0.000 0.298
498500 0.055 0.647 0.000 0.298
499000 0.055 0.647 0.000 0.298
499500 0.055 0.647 0.000 0.298
500000 0.055 0.647 0.000 0.298
