000000 0.250 0.250 0.250 0.250
000500 0.231 0.373 0.000 0.396
001000 0.231 0.374 0.000 0.394
001500 0.231 0.374 0.000 0.394
002000 0.231 0.375 0.000 0.394
002500 0.231 0.374 0.000 0.394
003000 0.231 0.375 0.000 0.394
003500 0.231 0.374 0.000 0.395
004000 0.231 0.374 0.000 0.395
004500 0.231 0.374 0.000 0.394
005000 0.231 0.375 0.000 0.394
005500 0.231 0.375 0.000 0.394
006000 0.231 0.376 0.000 0.393
006500 0.231 0.375 0.000 0.393
007000 0.231 0.375 0.000 0.394
007500 0.231 0.375 0.000 0.393
008000 0.231 0.375 0.000 0.394
008500 0.231 0.375 0.000 0.394
009000 0.231 0.375 0.000 0.394
009500 0.231 0.375 0.000 0.394
010000 0.231 0.375 0.000 0.394
010500 0.231 0.375 0.000 0.393
011000 0.231 0.376 0.000 0.392
011500 0.231 0.376 0.000 0.393
012000 0.231 0.375 0.000 0.393
012500 0.231 0.376 0.000 0.393
013000 0.231 0.376 0.000 0.393
013500 0.231 0.376 0.000 0.393
014000 0.231 0.376 0.000 0.393
014500 0.231 0.376 0.000 0.393
015000 0.231 0.375 0.000 0.394
015500 0.231 0.375 0.000 0.394
016000 0.231 0.374 0.000 0.394
016500 0.231 0.374 0.000 0.394
017000 0.231 0.375 0.000 0.393
017500 0.231 0.375 0.000 0.394
018000 0.231 0.375 0.000 0.394
018500 0.231 0.375 0.000 0.394
019000 0.231 0.375 0.000 0.394
019500 0.231 0.375 0.000 0.394
020000 0.231 0.375 0.000 0.394
020500 0.231 0.375 0.000 0.394
021000 0.231 0.375 0.000 0.394
021500 0.231 0.375 0.000 0.394
022000 0.231 0.375 0.000 0.394
022500 0.231 0.374 0.000 0.394
023000 0.231 0.375 0.000 0.394
023500 0.231 0.374 0.000 0.394
024000 0.231 0.375 0.000 0.394
024500 0.231 0.375 0.000 0.394
025000 0.231 0.375 0.000 0.394
025500 0.231 0.375 0.000 0.394
026000 0.231 0.374 0.000 0.394
026500 0.231 0.375 0.000 0.393
027000 0.231 0.375 0.000 0.394
027500 0.231 0.375 0.000 0.394
028000 0.231 0.375 0.000 0.394
028500 0.231 0.375 0.000 0.394
029000 0.231 0.375 0.000 0.394
029500 0.231 0.375 0.000 0.394
030000 0.231 0.374 0.000 0.394
030500 0.231 0.374 0.000 0.395
031000 0.231 0.374 0.000 0.395
031500 0.231 0.374 0.000 0.395
032000 0.231 0.374 0.000 0.395
032500 0.231 0.374 0.000 0.395
033000 0.231 0.374 0.000 0.395
033500 0.231 0.374 0.000 0.395
034000 0.231 0.374 0.000 0.395
034500 0.231 0.374 0.000 0.395
035000 0.231 0.374 0.000 0.395
035500 0.231 0.374 0.000 0.395
036000 0.231 0.374 0.000 0.395
036500 0.231 0.374 0.000 0.395
037000 0.231 0.374 0.000 0.395
037500 0.231 0.374 0.000 0.395
038000 0.231 0.374 0.000 0.395
038500 0.231 0.374 0.000 0.395
039000 0.231 0.374 0.000 0.395
039500 0.231 0.374 0.000 0.395
040000 0.231 0.374 0.000 0.395
040500 0.231 0.374 0.000 0.395
041000 0.231 0.374 0.000 0.395
041500 0.231 0.374 0.000 0.395
042000 0.231 0.373 0.000 0.395
042500 0.231 0.374 0.000 0.395
043000 0.231 0.374 0.000 0.395
043500 0.231 0.374 0.000 0.395
044000 0.231 0.374 0.000 0.395
044500 0.231 0.373 0.000 0.395
045000 0.231 0.374 0.000 0.395
045500 0.231 0.374 0.000 0.395
046000 0.231 0.374 0.000 0.395
046500 0.231 0.374 0.000 0.395
047000 0.231 0.374 0.000 0.395
047500 0.231 0.373 0.000 0.395
048000 0.231 0.373 0.000 0.395
048500 0.231 0.373 0.000 0.395
049000 0.231 0.374 0.000 0.395
049500 0.231 0.374 0.000 0.395
050000 0.231 0.374 0.000 0.395
050500 0.231 0.374 0.000 0.395
051000 0.231 0.374 0.000 0.395
051500 0.231 0.374 0.000 0.395
052000 0.231 0.374 0.000 0.395
052500 0.231 0.374 0.000 0.395
053000 0.231 0.373 0.000 0.395
053500 0.231 0.373 0.000 0.395
054000 0.231 0.374 0.000 0.395
054500 0.231 0.373 0.000 0.395
055000 0.231 0.374 0.000 0.394
055500 0.231 0.374 0.000 0.395
056000 0.231 0.373 0.000 0.395
056500 0.231 0.373 0.000 0.395
057000 0.231 0.374 0.000 0.395
057500 0.231 0.374 0.000 0.395
058000 0.231 0.374 0.000 0.395
058500 0.231 0.374 0.000 0.395
059000 0.231 0.374 0.000 0.395
059500 0.231 0.374 0.000 0.395
060000 0.231 0.374 0.000 0.395
060500 0.231 0.373 0.000 0.395
061000 0.231 0.374 0.000 0.395
061500 0.231 0.374 0.000 0.395
062000 0.231 0.374 0.000 0.395
062500 0.231 0.374 0.000 0.395
063000 0.231 0.374 0.000 0.395
063500 0.231 0.373 0.000 0.395
064000 0.231 0.374 0.000 0.395
064500 0.231 0.374 0.000 0.395
065000 0.231 0.374 0.000 0.395
065500 0.231 0.374 0.000 0.395
066000 0.231 0.374 0.000 0.395
066500 0.231 0.374 0.000 0.395
067000 0.231 0.374 0.000 0.395
067500 0.231 0.374 0.000 0.395
068000 0.231 0.374 0.000 0.395
068500 0.231 0.374 0.000 0.395
069000 0.231 0.374 0.000 0.395
069500 0.231 0.374 0.000 0.395
070000 0.231 0.373 0.000 0.395
070500 0.231 0.374 0.000 0.395
071000 0.231 0.374 0.000 0.395
071500 0.231 0.374 0.000 0.395
072000 0.231 0.374 0.000 0.395
072500 0.231 0.374 0.000 0.395
073000 0.231 0.373 0.000 0.395
073500 0.231 0.373 0.000 0.395
074000 0.231 0.373 0.000 0.395
074500 0.231 0.374 0.000 0.394
075000 0.231 0.374 0.000 0.395
075500 0.231 0.374 0.000 0.395
076000 0.231 0.374 0.000 0.395
076500 0.231 0.373 0.000 0.395
077000 0.231 0.374 0.000 0.395
077500 0.231 0.374 0.000 0.395
078000 0.231 0.374 0.000 0.395
078500 0.231 0.374 0.000 0.395
079000 0.231 0.374 0.000 0.395
079500 0.231 0.373 0.000 0.395
080000 0.231 0.373 0.000 0.395
080500 0.231 0.374 0.000 0.395
081000 0.231 0.373 0.000 0.395
081500 0.231 0.374 0.000 0.395
082000 0.231 0.373 0.000 0.395
082500 0.231 0.373 0.000 0.395
083000 0.231 0.373 0.000 0.396
083500 0.231 0.373 0.000 0.395
084000 0.231 0.373 0.000 0.396
084500 0.231 0.373 0.000 0.396
085000 0.231 0.373 0.000 0.395
085500 0.231 0.373 0.000 0.395
086000 0.231 0.373 0.000 0.396
086500 0.231 0.373 0.000 0.396
087000 0.231 0.373 0.000 0.396
087500 0.231 0.373 0.000 0.396
088000 0.231 0.373 0.000 0.395
088500 0.231 0.373 0.000 0.395
089000 0.231 0.373 0.000 0.396
089500 0.231 0.373 0.000 0.395
090000 0.231 0.373 0.000 0.396
090500 0.231 0.373 0.000 0.396
091000 0.231 0.373 0.000 0.395
091500 0.231 0.373 0.000 0.395
092000 0.231 0.373 0.000 0.395
092500 0.231 0.373 0.000 0.395
093000 0.231 0.373 0.000 0.396
093500 0.231 0.373 0.000 0.395
094000 0.231 0.374 0.000 0.395
094500 0.231 0.373 0.000 0.396
095000 0.231 0.373 0.000 0.396
095500 0.231 0.373 0.000 0.395
096000 0.231 0.373 0.000 0.396
096500 0.231 0.373 0.000 0.396
097000 0.231 0.373 0.000 0.395
097500 0.231 0.373 0.000 0.396
098000 0.231 0.373 0.000 0.395
098500 0.231 0.373 0.000 0.396
099000 0.231 0.373 0.000 0.395
099500 0.231 0.373 0.000 0.395
100000 0.231 0.373 0.000 0.395
100500 0.231 0.373 0.000 0.395
101000 0.231 0.373 0.000 0.395
101500 0.231 0.373 0.000 0.396
102000 0.231 0.373 0.000 0.396
102500 0.231 0.373 0.000 0.396
103000 0.231 0.373 0.000 0.396
103500 0.231 0.373 0.000 0.396
104000 0.231 0.373 0.000 0.396
104500 0.231 0.373 0.000 0.396
105000 0.231 0.373 0.000 0.395
105500 0.231 0.373 0.000 0.396
106000 0.231 0.372 0.000 0.396
106500 0.231 0.373 0.000 0.396
107000 0.231 0.373 0.000 0.396
107500 0.231 0.374 0.000 0.395
108000 0.231 0.373 0.000 0.395
108500 0.231 0.373 0.000 0.395
109000 0.231 0.373 0.000 0.396
109500 0.231 0.373 0.000 0.396
110000 0.231 0.373 0.000 0.395
110500 0.231 0.373 0.000 0.396
111000 0.231 0.373 0.000 0.396
111500 0.231 0.373 0.000 0.396
112000 0.231 0.373 0.000 0.395
112500 0.231 0.373 0.000 0.396
113000 0.231 0.373 0.000 0.396
113500 0.231 0.373 0.000 0.395
114000 0.231 0.373 0.000 0.396
114500 0.231 0.373 0.000 0.395
115000 0.231 0.373 0.000 0.396
115500 0.231 0.373 0.000 0.395
116000 0.231 0.373 0.000 0.396
116500 0.231 0.373 0.000 0.395
117000 0.231 0.373 0.000 0.395
117500 0.231 0.373 0.000 0.396
118000 0.231 0.373 0.000 0.396
118500 0.231 0.374 0.000 0.395
119000 0.231 0.373 0.000 0.395
119500 0.231 0.373 0.000 0.395
120000 0.231 0.373 0.000 0.395
120500 0.231 0.374 0.000 0.395
121000 0.231 0.373 0.000 0.396
121500 0.231 0.373 0.000 0.396
122000 0.231 0.373 0.000 0.396
122500 0.231 0.373 0.000 0.395
123000 0.231 0.373 0.000 0.396
123500 0.231 0.373 0.000 0.395
124000 0.231 0.373 0.000 0.395
124500 0.231 0.374 0.000 0.395
125000 0.231 0.373 0.000 0.395
125500 0.231 0.373 0.000 0.395
126000 0.231 0.373 0.000 0.396
126500 0.231 0.373 0.000 0.395
127000 0.231 0.373 0.000 0.396
127500 0.231 0.373 0.000 0.395
128000 0.231 0.373 0.000 0.396
128500 0.231 0.373 0.000 0.395
129000 0.231 0.373 0.000 0.395
129500 0.231 0.373 0.000 0.396
130000 0.231 0.373 0.000 0.396
130500 0.231 0.373 0.000 0.396
131000 0.231 0.373 0.000 0.396
131500 0.231 0.373 0.000 0.396
132000 0.231 0.373 0.000 0.396
132500 0.231 0.373 0.000 0.396
133000 0.231 0.373 0.000 0.396
133500 0.231 0.373 0.000 0.395
134000 0.231 0.373 0.000 0.396
134500 0.231 0.373 0.000 0.396
135000 0.231 0.373 0.000 0.396
135500 0.231 0.373 0.000 0.395
136000 0.231 0.373 0.000 0.395
136500 0.231 0.373 0.000 0.395
137000 0.231 0.373 0.000 0.396
137500 0.231 0.373 0.000 0.396
138000 0.231 0.373 0.000 0.396
138500 0.231 0.373 0.000 0.395
139000 0.231 0.373 0.000 0.396
139500 0.231 0.373 0.000 0.395
140000 0.231 0.373 0.000 0.395
140500 0.231 0.373 0.000 0.395
141000 0.231 0.373 0.000 0.395
141500 0.231 0.373 0.000 0.396
142000 0.231 0.373 0.000 0.395
142500 0.231 0.373 0.000 0.395
143000 0.231 0.373 0.000 0.396
143500 0.231 0.373 0.000 0.396
144000 0.231 0.373 0.000 0.395
144500 0.231 0.373 0.000 0.395
145000 0.231 0.373 0.000 0.396
145500 0.231 0.373 0.000 0.396
146000 0.231 0.373 0.000 0.396
146500 0.231 0.373 0.000 0.396
147000 0.231 0.373 0.000 0.396
147500 0.231 0.373 0.000 0.396
148000 0.231 0.373 0.000 0.396
148500 0.231 0.373 0.000 0.395
149000 0.231 0.373 0.000 0.395
149500 0.231 0.373 0.000 0.396
150000 0.231 0.373 0.000 0.396
150500 0.231 0.373 0.000 0.396
151000 0.231 0.373 0.000 0.396
151500 0.231 0.373 0.000 0.396
152000 0.231 0.373 0.000 0.396
152500 0.231 0.373 0.000 0.396
153000 0.231 0.373 0.000 0.396
153500 0.231 0.373 0.000 0.396
154000 0.231 0.373 0.000 0.396
154500 0.231 0.373 0.000 0.396
155000 0.231 0.372 0.000 0.396
155500 0.231 0.372 0.000 0.396
156000 0.231 0.373 0.000 0.395
156500 0.231 0.373 0.000 0.396
157000 0.231 0.373 0.000 0.396
157500 0.231 0.373 0.000 0.396
158000 0.231 0.373 0.000 0.396
158500 0.231 0.373 0.000 0.396
159000 0.231 0.373 0.000 0.396
159500 0.231 0.373 0.000 0.396
160000 0.231 0.373 0.000 0.396
160500 0.231 0.373 0.000 0.395
161000 0.231 0.373 0.000 0.396
161500 0.231 0.373 0.000 0.396
162000 0.231 0.373 0.000 0.396
162500 0.231 0.373 0.000 0.396
163000 0.231 0.373 0.000 0.396
163500 0.231 0.372 0.000 0.396
164000 0.231 0.373 0.000 0.396
164500 0.231 0.373 0.000 0.395
165000 0.231 0.373 0.000 0.396
165500 0.231 0.373 0.000 0.396
166000 0.231 0.373 0.000 0.395
166500 0.231 0.373 0.000 0.396
167000 0.231 0.373 0.000 0.396
167500 0.231 0.373 0.000 0.396
168000 0.231 0.374 0.000 0.395
168500 0.231 0.373 0.000 0.395
169000 0.231 0.373 0.000 0.396
169500 0.231 0.373 0.000 0.395
170000 0.231 0.373 0.000 0.396
170500 0.231 0.373 0.000 0.396
171000 0.231 0.373 0.000 0.396
171500 0.231 0.373 0.000 0.396
172000 0.231 0.373 0.000 0.395
172500 0.231 0.373 0.000 0.396
173000 0.231 0.373 0.000 0.396
173500 0.231 0.373 0.000 0.396
174000 0.231 0.373 0.000 0.396
174500 0.231 0.373 0.000 0.396
175000 0.231 0.373 0.000 0.395
175500 0.231 0.373 0.000 0.395
176000 0.231 0.373 0.000 0.396
176500 0.231 0.373 0.000 0.396
177000 0.231 0.373 0.000 0.395
177500 0.231 0.373 0.000 0.395
178000 0.231 0.373 0.000 0.396
178500 0.231 0.373 0.000 0.396
179000 0.231 0.373 0.000 0.396
179500 0.231 0.373 0.000 0.396
180000 0.231 0.373 0.000 0.396
180500 0.231 0.373 0.000 0.395
181000 0.231 0.373 0.000 0.396
181500 0.231 0.373 0.000 0.396
182000 0.231 0.373 0.000 0.396
182500 0.231 0.373 0.000 0.396
183000 0.231 0.373 0.000 0.396
183500 0.231 0.373 0.000 0.396
184000 0.231 0.373 0.000 0.396
184500 0.231 0.373 0.000 0.396
185000 0.231 0.373 0.000 0.396
185500 0.231 0.373 0.000 0.396
186000 0.231 0.373 0.000 0.396
186500 0.231 0.373 0.000 0.396
187000 0.231 0.373 0.000 0.396
187500 0.231 0.373 0.000 0.396
188000 0.231 0.373 0.000 0.396
188500 0.231 0.373 0.000 0.396
189000 0.231 0.373 0.000 0.396
189500 0.231 0.373 0.000 0.396
190000 0.231 0.373 0.000 0.396
190500 0.231 0.373 0.000 0.395
191000 0.231 0.373 0.000 0.396
191500 0.231 0.373 0.000 0.396
192000 0.231 0.373 0.000 0.396
192500 0.231 0.373 0.000 0.395
193000 0.231 0.373 0.000 0.396
193500 0.231 0.373 0.000 0.396
194000 0.231 0.373 0.000 0.396
194500 0.231 0.373 0.000 0.395
195000 0.231 0.373 0.000 0.395
195500 0.231 0.373 0.000 0.395
196000 0.231 0.373 0.000 0.395
196500 0.231 0.373 0.000 0.395
197000 0.231 0.373 0.000 0.395
197500 0.231 0.373 0.000 0.396
198000 0.231 0.373 0.000 0.396
198500 0.231 0.373 0.000 0.395
199000 0.231 0.372 0.000 0.396
199500 0.231 0.373 0.000 0.396
200000 0.231 0.373 0.000 0.396
200500 0.231 0.373 0.000 0.395
201000 0.231 0.373 0.000 0.395
201500 0.231 0.374 0.000 0.395
202000 0.231 0.373 0.000 0.395
202500 0.231 0.374 0.000 0.395
203000 0.231 0.373 0.000 0.396
203500 0.231 0.374 0.000 0.395
204000 0.231 0.374 0.000 0.395
204500 0.231 0.374 0.000 0.395
205000 0.231 0.373 0.000 0.395
205500 0.231 0.374 0.000 0.395
206000 0.231 0.374 0.000 0.395
206500 0.231 0.374 0.000 0.395
207000 0.231 0.373 0.000 0.395
207500 0.231 0.374 0.000 0.395
208000 0.231 0.374 0.000 0.395
208500 0.231 0.373 0.000 0.395
209000 0.231 0.373 0.000 0.396
209500 0.231 0.374 0.000 0.395
210000 0.231 0.374 0.000 0.395
210500 0.231 0.374 0.000 0.395
211000 0.231 0.374 0.000 0.395
211500 0.231 0.374 0.000 0.395
212000 0.231 0.374 0.000 0.395
212500 0.231 0.373 0.000 0.395
213000 0.231 0.374 0.000 0.395
213500 0.231 0.373 0.000 0.395
214000 0.231 0.374 0.000 0.395
214500 0.231 0.374 0.000 0.395
215000 0.231 0.374 0.000 0.395
215500 0.231 0.373 0.000 0.395
216000 0.231 0.374 0.000 0.394
216500 0.231 0.373 0.000 0.395
217000 0.231 0.374 0.000 0.395
217500 0.231 0.374 0.000 0.395
218000 0.231 0.374 0.000 0.395
218500 0.231 0.373 0.000 0.395
219000 0.231 0.374 0.000 0.395
219500 0.231 0.374 0.000 0.395
220000 0.231 0.374 0.000 0.395
220500 0.231 0.374 0.000 0.395
221000 0.231 0.374 0.000 0.395
221500 0.231 0.373 0.000 0.395
222000 0.231 0.374 0.000 0.395
222500 0.231 0.373 0.000 0.395
223000 0.231 0.374 0.000 0.395
223500 0.231 0.374 0.000 0.395
224000 0.231 0.373 0.000 0.396
224500 0.231 0.374 0.000 0.395
225000 0.231 0.374 0.000 0.395
225500 0.231 0.374 0.000 0.395
226000 0.231 0.373 0.000 0.395
226500 0.231 0.373 0.000 0.395
227000 0.231 0.373 0.000 0.396
227500 0.231 0.374 0.000 0.395
228000 0.231 0.374 0.000 0.395
228500 0.231 0.374 0.000 0.395
229000 0.231 0.374 0.000 0.395
229500 0.231 0.374 0.000 0.395
230000 0.231 0.374 0.000 0.395
230500 0.231 0.374 0.000 0.395
231000 0.231 0.374 0.000 0.395
231500 0.231 0.374 0.000 0.395
232000 0.231 0.374 0.000 0.395
232500 0.231 0.374 0.000 0.395
233000 0.231 0.373 0.000 0.395
233500 0.231 0.373 0.000 0.395
234000 0.231 0.374 0.000 0.395
234500 0.231 0.374 0.000 0.395
235000 0.231 0.374 0.000 0.395
235500 0.231 0.375 0.000 0.394
236000 0.231 0.375 0.000 0.394
236500 0.231 0.374 0.000 0.394
237000 0.231 0.374 0.000 0.394
237500 0.231 0.375 0.000 0.394
238000 0.231 0.375 0.000 0.394
238500 0.231 0.375 0.000 0.394
239000 0.231 0.375 0.000 0.394
239500 0.231 0.375 0.000 0.394
240000 0.231 0.375 0.000 0.394
240500 0.231 0.375 0.000 0.394
241000 0.231 0.374 0.000 0.394
241500 0.231 0.375 0.000 0.394
242000 0.231 0.374 0.000 0.394
242500 0.231 0.374 0.000 0.394
243000 0.231 0.374 0.000 0.394
243500 0.231 0.375 0.000 0.394
244000 0.231 0.375 0.000 0.394
244500 0.231 0.375 0.000 0.394
245000 0.231 0.375 0.000 0.394
245500 0.231 0.375 0.000 0.394
246000 0.231 0.375 0.000 0.394
246500 0.231 0.375 0.000 0.394
247000 0.231 0.374 0.000 0.394
247500 0.231 0.375 0.000 0.394
248000 0.231 0.375 0.000 0.394
248500 0.231 0.375 0.000 0.394
249000 0.231 0.375 0.000 0.394
249500 0.231 0.375 0.000 0.394
250000 0.231 0.374 0.000 0.394
250500 0.231 0.375 0.000 0.394
251000 0.231 0.375 0.000 0.394
251500 0.231 0.375 0.000 0.394
252000 0.231 0.375 0.000 0.394
252500 0.231 0.375 0.000 0.394
253000 0.231 0.375 0.000 0.394
253500 0.231 0.374 0.000 0.394
254000 0.231 0.375 0.000 0.394
254500 0.231 0.374 0.000 0.394
255000 0.231 0.375 0.000 0.394
255500 0.231 0.374 0.000 0.394
256000 0.231 0.375 0.000 0.394
256500 0.231 0.375 0.000 0.394
257000 0.231 0.375 0.000 0.394
257500 0.231 0.374 0.000 0.394
258000 0.231 0.374 0.000 0.394
258500 0.231 0.375 0.000 0.394
259000 0.231 0.374 0.000 0.394
259500 0.231 0.375 0.000 0.394
260000 0.231 0.375 0.000 0.394
260500 0.231 0.374 0.000 0.394
261000 0.231 0.374 0.000 0.394
261500 0.231 0.375 0.000 0.394
262000 0.231 0.375 0.000 0.394
262500 0.231 0.375 0.000 0.394
263000 0.231 0.374 0.000 0.395
263500 0.231 0.374 0.000 0.394
264000 0.231 0.374 0.000 0.394
264500 0.231 0.374 0.000 0.394
265000 0.231 0.374 0.000 0.394
265500 0.231 0.375 0.000 0.394
266000 0.231 0.374 0.000 0.394
266500 0.231 0.374 0.000 0.395
267000 0.231 0.374 0.000 0.394
267500 0.231 0.374 0.000 0.395
268000 0.231 0.374 0.000 0.394
268500 0.231 0.375 0.000 0.394
269000 0.231 0.375 0.000 0.394
269500 0.231 0.375 0.000 0.394
270000 0.231 0.374 0.000 0.394
270500 0.231 0.374 0.000 0.394
271000 0.231 0.375 0.000 0.394
271500 0.231 0.375 0.000 0.394
272000 0.231 0.374 0.000 0.394
272500 0.231 0.374 0.000 0.394
273000 0.231 0.374 0.000 0.394
273500 0.231 0.375 0.000 0.394
274000 0.231 0.374 0.000 0.394
274500 0.231 0.374 0.000 0.395
275000 0.231 0.375 0.000 0.394
275500 0.231 0.375 0.000 0.394
276000 0.231 0.374 0.000 0.394
276500 0.231 0.374 0.000 0.395
277000 0.231 0.374 0.000 0.394
277500 0.231 0.375 0.000 0.394
278000 0.231 0.375 0.000 0.394
278500 0.231 0.374 0.000 0.394
279000 0.231 0.375 0.000 0.394
279500 0.231 0.375 0.000 0.394
280000 0.231 0.375 0.000 0.394
280500 0.231 0.374 0.000 0.394
281000 0.231 0.375 0.000 0.394
281500 0.231 0.375 0.000 0.394
282000 0.231 0.375 0.000 0.394
282500 0.231 0.375 0.000 0.394
283000 0.231 0.375 0.000 0.394
283500 0.231 0.375 0.000 0.393
284000 0.231 0.375 0.000 0.394
284500 0.231 0.375 0.000 0.394
285000 0.231 0.375 0.000 0.394
285500 0.231 0.375 0.000 0.394
286000 0.231 0.375 0.000 0.394
286500 0.231 0.375 0.000 0.394
287000 0.231 0.375 0.000 0.394
287500 0.231 0.375 0.000 0.394
288000 0.231 0.375 0.000 0.394
288500 0.231 0.375 0.000 0.394
289000 0.231 0.375 0.000 0.394
289500 0.231 0.375 0.000 0.393
290000 0.231 0.375 0.000 0.394
290500 0.231 0.375 0.000 0.394
291000 0.231 0.375 0.000 0.394
291500 0.231 0.375 0.000 0.393
292000 0.231 0.375 0.000 0.394
292500 0.231 0.375 0.000 0.394
293000 0.231 0.375 0.000 0.394
293500 0.231 0.375 0.000 0.394
294000 0.231 0.375 0.000 0.394
294500 0.231 0.375 0.000 0.394
295000 0.231 0.375 0.000 0.394
295500 0.231 0.375 0.000 0.394
296000 0.231 0.375 0.000 0.394
296500 0.231 0.375 0.000 0.394
297000 0.231 0.375 0.000 0.394
297500 0.231 0.375 0.000 0.394
298000 0.231 0.375 0.000 0.394
298500 0.231 0.375 0.000 0.394
299000 0.231 0.375 0.000 0.394
299500 0.231 0.375 0.000 0.394
300000 0.231 0.375 0.000 0.394
300500 0.231 0.375 0.000 0.394
301000 0.231 0.375 0.000 0.394
301500 0.231 0.375 0.000 0.394
302000 0.231 0.375 0.000 0.394
302500 0.231 0.375 0.000 0.394
303000 0.231 0.375 0.000 0.394
303500 0.231 0.375 0.000 0.394
304000 0.231 0.374 0.000 0.394
304500 0.231 0.375 0.000 0.394
305000 0.231 0.374 0.000 0.394
305500 0.231 0.375 0.000 0.394
306000 0.231 0.375 0.000 0.394
306500 0.231 0.375 0.000 0.394
307000 0.231 0.374 0.000 0.394
307500 0.231 0.375 0.000 0.394
308000 0.231 0.375 0.000 0.394
308500 0.231 0.375 0.000 0.394
309000 0.231 0.375 0.000 0.394
309500 0.231 0.375 0.000 0.394
310000 0.231 0.375 0.000 0.394
310500 0.231 0.375 0.000 0.394
311000 0.231 0.375 0.000 0.394
311500 0.231 0.375 0.000 0.394
312000 0.231 0.375 0.000 0.394
312500 0.231 0.375 0.000 0.394
313000 0.231 0.375 0.000 0.394
313500 0.231 0.375 0.000 0.394
314000 0.231 0.375 0.000 0.394
314500 0.231 0.375 0.000 0.394
315000 0.231 0.375 0.000 0.394
315500 0.231 0.375 0.000 0.394
316000 0.231 0.375 0.000 0.394
316500 0.231 0.375 0.000 0.393
317000 0.231 0.375 0.000 0.394
317500 0.231 0.375 0.000 0.394
318000 0.231 0.375 0.000 0.394
318500 0.231 0.375 0.000 0.394
319000 0.231 0.375 0.000 0.394
319500 0.231 0.375 0.000 0.394
320000 0.231 0.375 0.000 0.394
320500 0.231 0.375 0.000 0.394
321000 0.231 0.374 0.000 0.394
321500 0.231 0.375 0.000 0.394
322000 0.231 0.375 0.000 0.394
322500 0.231 0.375 0.000 0.394
323000 0.231 0.375 0.000 0.394
323500 0.231 0.375 0.000 0.394
324000 0.231 0.375 0.000 0.394
324500 0.231 0.375 0.000 0.394
325000 0.231 0.375 0.000 0.394
325500 0.231 0.375 0.000 0.394
326000 0.231 0.374 0.000 0.394
326500 0.231 0.375 0.000 0.394
327000 0.231 0.375 0.000 0.394
327500 0.231 0.375 0.000 0.394
328000 0.231 0.374 0.000 0.395
328500 0.231 0.375 0.000 0.394
329000 0.231 0.375 0.000 0.394
329500 0.231 0.375 0.000 0.394
330000 0.231 0.375 0.000 0.394
330500 0.231 0.375 0.000 0.394
331000 0.231 0.375 0.000 0.394
331500 0.231 0.375 0.000 0.394
332000 0.231 0.375 0.000 0.394
332500 0.231 0.374 0.000 0.394
333000 0.231 0.374 0.000 0.394
333500 0.231 0.375 0.000 0.394
334000 0.231 0.375 0.000 0.394
334500 0.231 0.375 0.000 0.394
335000 0.231 0.374 0.000 0.394
335500 0.231 0.375 0.000 0.394
336000 0.231 0.374 0.000 0.394
336500 0.231 0.374 0.000 0.394
337000 0.231 0.375 0.000 0.394
337500 0.231 0.375 0.000 0.394
338000 0.231 0.375 0.000 0.394
338500 0.231 0.375 0.000 0.394
339000 0.231 0.375 0.000 0.394
339500 0.231 0.375 0.000 0.394
340000 0.231 0.375 0.000 0.394
340500 0.231 0.375 0.000 0.394
341000 0.231 0.375 0.000 0.394
341500 0.231 0.375 0.000 0.394
342000 0.231 0.375 0.000 0.394
342500 0.231 0.375 0.000 0.394
343000 0.231 0.375 0.000 0.394
343500 0.231 0.375 0.000 0.394
344000 0.231 0.375 0.000 0.394
344500 0.231 0.375 0.000 0.394
345000 0.231 0.374 0.000 0.394
345500 0.231 0.374 0.000 0.394
346000 0.231 0.375 0.000 0.394
346500 0.231 0.375 0.000 0.394
347000 0.231 0.375 0.000 0.394
347500 0.231 0.375 0.000 0.394
348000 0.231 0.374 0.000 0.394
348500 0.231 0.375 0.000 0.394
349000 0.231 0.374 0.000 0.394
349500 0.231 0.374 0.000 0.394
350000 0.231 0.375 0.000 0.394
350500 0.231 0.374 0.000 0.394
351000 0.231 0.375 0.000 0.394
351500 0.231 0.375 0.000 0.394
352000 0.231 0.375 0.000 0.394
352500 0.231 0.375 0.000 0.394
353000 0.231 0.374 0.000 0.394
353500 0.231 0.375 0.000 0.394
354000 0.231 0.375 0.000 0.394
354500 0.231 0.375 0.000 0.394
355000 0.231 0.375 0.000 0.394
355500 0.231 0.375 0.000 0.394
356000 0.231 0.375 0.000 0.393
356500 0.231 0.375 0.000 0.394
357000 0.231 0.374 0.000 0.394
357500 0.231 0.375 0.000 0.394
358000 0.231 0.375 0.000 0.394
358500 0.231 0.375 0.000 0.394
359000 0.231 0.375 0.000 0.394
359500 0.231 0.375 0.000 0.394
360000 0.231 0.375 0.000 0.394
360500 0.231 0.375 0.000 0.394
361000 0.231 0.375 0.000 0.394
361500 0.231 0.375 0.000 0.394
362000 0.231 0.375 0.000 0.393
362500 0.231 0.375 0.000 0.394
363000 0.231 0.375 0.000 0.394
363500 0.231 0.375 0.000 0.394
364000 0.231 0.375 0.000 0.394
364500 0.231 0.375 0.000 0.394
365000 0.231 0.375 0.000 0.394
365500 0.231 0.375 0.000 0.394
366000 0.231 0.375 0.000 0.394
366500 0.231 0.375 0.000 0.394
367000 0.231 0.375 0.000 0.394
367500 0.231 0.375 0.000 0.394
368000 0.231 0.375 0.000 0.394
368500 0.231 0.375 0.000 0.394
369000 0.231 0.375 0.000 0.394
369500 0.231 0.375 0.000 0.394
370000 0.231 0.375 0.000 0.394
370500 0.231 0.375 0.000 0.394
371000 0.231 0.375 0.000 0.394
371500 0.231 0.375 0.000 0.394
372000 0.231 0.375 0.000 0.394
372500 0.231 0.374 0.000 0.394
373000 0.231 0.375 0.000 0.394
373500 0.231 0.375 0.000 0.394
374000 0.231 0.375 0.000 0.394
374500 0.231 0.375 0.000 0.394
375000 0.231 0.375 0.000 0.393
375500 0.231 0.375 0.000 0.394
376000 0.231 0.375 0.000 0.394
376500 0.231 0.375 0.000 0.393
377000 0.231 0.375 0.000 0.394
377500 0.231 0.375 0.000 0.394
378000 0.231 0.375 0.000 0.394
378500 0.231 0.375 0.000 0.394
379000 0.231 0.374 0.000 0.394
379500 0.231 0.375 0.000 0.394
380000 0.231 0.375 0.000 0.394
380500 0.231 0.375 0.000 0.394
381000 0.231 0.375 0.000 0.394
381500 0.231 0.374 0.000 0.394
382000 0.231 0.375 0.000 0.394
382500 0.231 0.375 0.000 0.394
383000 0.231 0.375 0.000 0.394
383500 0.231 0.375 0.000 0.394
384000 0.231 0.375 0.000 0.394
384500 0.231 0.375 0.000 0.394
385000 0.231 0.375 0.000 0.394
385500 0.231 0.375 0.000 0.394
386000 0.231 0.375 0.000 0.394
386500 0.231 0.374 0.000 0.394
387000 0.231 0.375 0.000 0.394
387500 0.231 0.375 0.000 0.394
388000 0.231 0.375 0.000 0.394
388500 0.231 0.375 0.000 0.394
389000 0.231 0.375 0.000 0.394
389500 0.231 0.375 0.000 0.394
390000 0.231 0.375 0.000 0.394
390500 0.231 0.375 0.000 0.394
391000 0.231 0.375 0.000 0.394
391500 0.231 0.375 0.000 0.394
392000 0.231 0.375 0.000 0.393
392500 0.231 0.375 0.000 0.394
393000 0.231 0.375 0.000 0.394
393500 0.231 0.375 0.000 0.393
394000 0.231 0.375 0.000 0.394
394500 0.231 0.375 0.000 0.394
395000 0.231 0.375 0.000 0.394
395500 0.231 0.375 0.000 0.394
396000 0.231 0.375 0.000 0.394
396500 0.231 0.375 0.000 0.394
397000 0.231 0.375 0.000 0.394
397500 0.231 0.375 0.000 0.393
398000 0.231 0.375 0.000 0.394
398500 0.231 0.375 0.000 0.394
399000 0.231 0.375 0.000 0.394
399500 0.231 0.375 0.000 0.394
400000 0.231 0.375 0.000 0.393
400500 0.231 0.375 0.000 0.393
401000 0.231 0.375 0.000 0.393
401500 0.231 0.375 0.000 0.394
402000 0.231 0.375 0.000 0.394
402500 0.231 0.375 0.000 0.394
403000 0.231 0.375 0.000 0.394
403500 0.231 0.375 0.000 0.394
404000 0.231 0.375 0.000 0.394
404500 0.231 0.375 0.000 0.393
405000 0.231 0.375 0.000 0.393
405500 0.231 0.375 0.000 0.393
406000 0.231 0.375 0.000 0.394
406500 0.231 0.375 0.000 0.394
407000 0.231 0.375 0.000 0.393
407500 0.231 0.375 0.000 0.393
408000 0.231 0.375 0.000 0.393
408500 0.231 0.375 0.000 0.393
409000 0.231 0.375 0.000 0.394
409500 0.231 0.375 0.000 0.394
410000 0.231 0.375 0.000 0.394
410500 0.231 0.375 0.000 0.394
411000 0.231 0.375 0.000 0.393
411500 0.231 0.375 0.000 0.394
412000 0.231 0.375 0.000 0.393
412500 0.231 0.375 0.000 0.393
413000 0.231 0.375 0.000 0.394
413500 0.231 0.375 0.000 0.393
414000 0.231 0.375 0.000 0.393
414500 0.231 0.375 0.000 0.393
415000 0.231 0.375 0.000 0.394
415500 0.231 0.375 0.000 0.394
416000 0.231 0.375 0.000 0.394
416500 0.231 0.375 0.000 0.394
417000 0.231 0.375 0.000 0.394
417500 0.231 0.375 0.000 0.394
418000 0.231 0.375 0.000 0.394
418500 0.231 0.375 0.000 0.393
419000 0.231 0.375 0.000 0.393
419500 0.231 0.375 0.000 0.393
420000 0.231 0.375 0.000 0.393
420500 0.231 0.375 0.000 0.394
421000 0.231 0.375 0.000 0.393
421500 0.231 0.375 0.000 0.394
422000 0.231 0.375 0.000 0.393
422500 0.231 0.375 0.000 0.393
423000 0.231 0.375 0.000 0.394
423500 0.231 0.375 0.000 0.393
424000 0.231 0.375 0.000 0.394
424500 0.231 0.375 0.000 0.393
425000 0.231 0.375 0.000 0.394
425500 0.231 0.375 0.000 0.394
426000 0.231 0.375 0.000 0.393
426500 0.231 0.375 0.000 0.394
427000 0.231 0.375 0.000 0.394
427500 0.231 0.375 0.000 0.393
428000 0.231 0.375 0.000 0.394
428500 0.231 0.375 0.000 0.394
429000 0.231 0.375 0.000 0.393
429500 0.231 0.375 0.000 0.394
430000 0.231 0.375 0.000 0.393
430500 0.231 0.375 0.000 0.394
431000 0.231 0.375 0.000 0.394
431500 0.231 0.375 0.000 0.393
432000 0.231 0.375 0.000 0.394
432500 0.231 0.375 0.000 0.394
433000 0.231 0.375 0.000 0.394
433500 0.231 0.375 0.000 0.394
434000 0.231 0.375 0.000 0.394
434500 0.231 0.375 0.000 0.394
435000 0.231 0.375 0.000 0.394
435500 0.231 0.375 0.000 0.394
436000 0.231 0.375 0.000 0.394
436500 0.231 0.375 0.000 0.394
437000 0.231 0.375 0.000 0.393
437500 0.231 0.375 0.000 0.393
438000 0.231 0.375 0.000 0.393
438500 0.231 0.375 0.000 0.393
439000 0.231 0.375 0.000 0.393
439500 0.231 0.375 0.000 0.394
440000 0.231 0.375 0.000 0.394
440500 0.231 0.375 0.000 0.393
441000 0.231 0.375 0.000 0.393
441500 0.231 0.375 0.000 0.394
442000 0.231 0.375 0.000 0.393
442500 0.231 0.375 0.000 0.394
443000 0.231 0.375 0.000 0.393
443500 0.231 0.375 0.000 0.394
444000 0.231 0.375 0.000 0.393
444500 0.231 0.375 0.000 0.393
445000 0.231 0.375 0.000 0.394
445500 0.231 0.375 0.000 0.393
446000 0.231 0.375 0.000 0.394
446500 0.231 0.375 0.000 0.393
447000 0.231 0.375 0.000 0.393
447500 0.231 0.375 0.000 0.394
448000 0.231 0.375 0.000 0.394
448500 0.231 0.375 0.000 0.393
449000 0.231 0.375 0.000 0.394
449500 0.231 0.375 0.000 0.393
450000 0.231 0.375 0.000 0.394
450500 0.231 0.375 0.000 0.393
451000 0.231 0.375 0.000 0.393
451500 0.231 0.375 0.000 0.394
452000 0.231 0.375 0.000 0.394
452500 0.231 0.375 0.000 0.394
453000 0.231 0.375 0.000 0.394
453500 0.231 0.375 0.000 0.394
454000 0.231 0.375 0.000 0.394
454500 0.231 0.375 0.000 0.393
455000 0.231 0.375 0.000 0.394
455500 0.231 0.375 0.000 0.394
456000 0.231 0.375 0.000 0.394
456500 0.231 0.375 0.000 0.394
457000 0.231 0.375 0.000 0.394
457500 0.231 0.375 0.000 0.394
458000 0.231 0.375 0.000 0.394
458500 0.231 0.375 0.000 0.393
459000 0.231 0.375 0.000 0.394
459500 0.231 0.375 0.000 0.394
460000 0.231 0.375 0.000 0.394
460500 0.231 0.375 0.000 0.394
461000 0.231 0.375 0.000 0.394
461500 0.231 0.375 0.000 0.394
462000 0.231 0.375 0.000 0.393
462500 0.231 0.375 0.000 0.394
463000 0.231 0.375 0.000 0.393
463500 0.231 0.375 0.000 0.393
464000 0.231 0.375 0.000 0.393
464500 0.231 0.375 0.000 0.393
465000 0.231 0.376 0.000 0.393
465500 0.231 0.375 0.000 0.393
466000 0.231 0.375 0.000 0.393
466500 0.231 0.375 0.000 0.394
467000 0.231 0.375 0.000 0.394
467500 0.231 0.375 0.000 0.394
468000 0.231 0.375 0.000 0.393
468500 0.231 0.375 0.000 0.394
469000 0.231 0.375 0.000 0.394
469500 0.231 0.375 0.000 0.394
470000 0.231 0.375 0.000 0.394
470500 0.231 0.375 0.000 0.394
471000 0.231 0.375 0.000 0.394
471500 0.231 0.375 0.000 0.393
472000 0.231 0.375 0.000 0.393
472500 0.231 0.375 0.000 0.394
473000 0.231 0.375 0.000 0.393
473500 0.231 0.375 0.000 0.393
474000 0.231 0.375 0.000 0.394
474500 0.231 0.375 0.000 0.393
475000 0.231 0.376 0.000 0.393
475500 0.231 0.376 0.000 0.393
476000 0.231 0.375 0.000 0.393
476500 0.231 0.376 0.000 0.393
477000 0.231 0.376 0.000 0.393
477500 0.231 0.376 0.000 0.393
478000 0.231 0.375 0.000 0.393
478500 0.231 0.376 0.000 0.393
479000 0.231 0.375 0.000 0.393
479500 0.231 0.376 0.000 0.393
480000 0.231 0.376 0.000 0.393
480500 0.231 0.375 0.000 0.393
481000 0.231 0.376 0.000 0.393
481500 0.231 0.376 0.000 0.393
482000 0.231 0.375 0.000 0.394
482500 0.231 0.375 0.000 0.394
483000 0.231 0.376 0.000 0.393
483500 0.231 0.376 0.000 0.393
484000 0.231 0.376 0.000 0.393
484500 0.231 0.375 0.000 0.394
485000 0.231 0.375 0.000 0.393
485500 0.231 0.375 0.000 0.393
486000 0.231 0.375 0.000 0.393
486500 0.231 0.375 0.000 0.393
487000 0.231 0.376 0.000 0.393
487500 0.231 0.375 0.000 0.393
488000 0.231 0.375 0.000 0.393
488500 0.231 0.376 0.000 0.393
489000 0.231 0.375 0.000 0.393
489500 0.231 0.376 0.000 0.393
490000 0.231 0.375 0.000 0.394
490500 0.231 0.375 0.000 0.393
491000 0.231 0.375 0.000 0.393
491500 0.231 0.375 0.000 0.393
492000 0.231 0.375 0.000 0.393
492500 0.231 0.375 0.000 0.393
493000 0.231 0.376 0.000 0.393
493500 0.231 0.375 0.000 0.393
494000 0.231 0.375 0.000 0.393
494500 0.231 0.375 0.000 0.394
495000 0.231 0.375 0.000 0.394
495500 0.231 0.375 0.000 0.394
496000 0.231 0.375 0.000 0.394
496500 0.231 0.375 0.000 0.394
497000 0.231 0.375 0.000 0.394
497500 0.231 0.375 0.000 0.394
498000 0.231 0.375 0.000 0.394
498500 0.231 0.375 0.000 0.393
499000 0.231 0.375 0.000 0.394
499500 0.231 0.375 0.000 0.394
500000 0.231 0.375 0.000 0.394
