000000 0.250 0.250 0.250 0.250
000500 0.230 0.388 0.000 0.382
001000 0.230 0.392 0.000 0.378
001500 0.230 0.392 0.000 0.378
002000 0.230 0.392 0.000 0.378
002500 0.230 0.393 0.000 0.377
003000 0.230 0.393 0.000 0.377
003500 0.230 0.393 0.000 0.377
004000 0.230 0.395 0.000 0.375
004500 0.230 0.395 0.000 0.375
005000 0.230 0.395 0.000 0.375
005500 0.230 0.395 0.000 0.375
006000 0.230 0.394 0.000 0.376
006500 0.230 0.394 0.000 0.376
007000 0.230 0.395 0.000 0.375
007500 0.230 0.394 0.000 0.376
008000 0.230 0.395 0.000 0.375
008500 0.230 0.395 0.000 0.375
009000 0.230 0.395 0.000 0.375
009500 0.230 0.395 0.000 0.375
010000 0.230 0.395 0.000 0.375
010500 0.230 0.395 0.000 0.375
011000 0.230 0.395 0.000 0.375
011500 0.230 0.396 0.000 0.374
012000 0.230 0.395 0.000 0.375
012500 0.230 0.395 0.000 0.375
013000 0.230 0.395 0.000 0.375
013500 0.230 0.395 0.000 0.375
014000 0.230 0.395 0.000 0.375
014500 0.230 0.395 0.000 0.375
015000 0.230 0.395 0.000 0.375
015500 0.230 0.396 0.000 0.374
016000 0.230 0.395 0.000 0.375
016500 0.230 0.395 0.000 0.375
017000 0.230 0.395 0.000 0.375
017500 0.230 0.395 0.000 0.375
018000 0.230 0.395 0.000 0.375
018500 0.230 0.395 0.000 0.375
019000 0.230 0.395 0.000 0.375
019500 0.230 0.395 0.000 0.375
020000 0.230 0.396 0.000 0.374
020500 0.230 0.395 0.000 0.375
021000 0.230 0.395 0.000 0.375
021500 0.230 0.395 0.000 0.375
022000 0.230 0.395 0.000 0.375
022500 0.230 0.395 0.000 0.375
023000 0.230 0.395 0.000 0.375
023500 0.230 0.395 0.000 0.375
024000 0.230 0.395 0.000 0.375
024500 0.230 0.395 0.000 0.375
025000 0.230 0.395 0.000 0.375
025500 0.230 0.395 0.000 0.375
026000 0.230 0.395 0.000 0.375
026500 0.230 0.395 0.000 0.375
027000 0.230 0.395 0.000 0.375
027500 0.230 0.395 0.000 0.375
028000 0.230 0.395 0.000 0.375
028500 0.230 0.395 0.000 0.375
029000 0.230 0.395 0.000 0.375
029500 0.230 0.395 0.000 0.375
030000 0.230 0.395 0.000 0.375
030500 0.230 0.395 0.000 0.375
031000 0.230 0.395 0.000 0.375
031500 0.230 0.395 0.000 0.375
032000 0.230 0.395 0.000 0.375
032500 0.230 0.395 0.000 0.375
033000 0.230 0.395 0.000 0.375
033500 0.230 0.395 0.000 0.375
034000 0.230 0.395 0.000 0.375
034500 0.230 0.396 0.000 0.374
035000 0.230 0.395 0.000 0.375
035500 0.230 0.394 0.000 0.376
036000 0.230 0.395 0.000 0.375
036500 0.230 0.395 0.000 0.375
037000 0.230 0.395 0.000 0.375
037500 0.230 0.395 0.000 0.375
038000 0.230 0.395 0.000 0.375
038500 0.230 0.395 0.000 0.375
039000 0.230 0.395 0.000 0.375
039500 0.230 0.396 0.000 0.374
040000 0.230 0.396 0.000 0.374
040500 0.230 0.396 0.000 0.374
041000 0.230 0.395 0.000 0.375
041500 0.230 0.396 0.000 0.374
042000 0.230 0.396 0.000 0.374
042500 0.230 0.396 0.000 0.374
043000 0.230 0.396 0.000 0.374
043500 0.230 0.396 0.000 0.374
044000 0.230 0.396 0.000 0.374
044500 0.230 0.396 0.000 0.374
045000 0.230 0.396 0.000 0.374
045500 0.230 0.396 0.000 0.374
046000 0.230 0.396 0.000 0.374
046500 0.230 0.396 0.000 0.374
047000 0.230 0.396 0.000 0.374
047500 0.230 0.396 0.000 0.374
048000 0.230 0.396 0.000 0.374
048500 0.230 0.396 0.000 0.374
049000 0.230 0.396 0.000 0.374
049500 0.230 0.396 0.000 0.374
050000 0.230 0.397 0.000 0.373
050500 0.230 0.396 0.000 0.374
051000 0.230 0.396 0.000 0.374
051500 0.230 0.397 0.000 0.373
052000 0.230 0.396 0.000 0.374
052500 0.230 0.396 0.000 0.374
053000 0.230 0.396 0.000 0.374
053500 0.230 0.396 0.000 0.374
054000 0.230 0.396 0.000 0.374
054500 0.230 0.397 0.000 0.373
055000 0.230 0.396 0.000 0.374
055500 0.230 0.397 0.000 0.373
056000 0.230 0.398 0.000 0.372
056500 0.230 0.399 0.000 0.371
057000 0.230 0.399 0.000 0.371
057500 0.230 0.399 0.000 0.371
058000 0.230 0.399 0.000 0.371
058500 0.230 0.399 0.000 0.371
059000 0.230 0.399 0.000 0.371
059500 0.230 0.399 0.000 0.371
060000 0.230 0.399 0.000 0.371
060500 0.230 0.399 0.000 0.371
061000 0.230 0.399 0.000 0.371
061500 0.230 0.399 0.000 0.371
062000 0.230 0.399 0.000 0.371
062500 0.230 0.399 0.000 0.371
063000 0.230 0.399 0.000 0.371
063500 0.230 0.400 0.000 0.370
064000 0.230 0.399 0.000 0.371
064500 0.230 0.400 0.000 0.370
065000 0.230 0.400 0.000 0.370
065500 0.230 0.400 0.000 0.370
066000 0.230 0.400 0.000 0.370
066500 0.230 0.399 0.000 0.371
067000 0.230 0.400 0.000 0.370
067500 0.230 0.400 0.000 0.370
068000 0.230 0.400 0.000 0.370
068500 0.230 0.400 0.000 0.370
069000 0.230 0.400 0.000 0.370
069500 0.230 0.400 0.000 0.370
070000 0.230 0.400 0.000 0.370
070500 0.230 0.400 0.000 0.370
071000 0.230 0.400 0.000 0.370
071500 0.230 0.400 0.000 0.370
072000 0.230 0.400 0.000 0.370
072500 0.230 0.400 0.000 0.370
073000 0.230 0.400 0.000 0.370
073500 0.230 0.400 0.000 0.370
074000 0.230 0.400 0.000 0.370
074500 0.230 0.400 0.000 0.370
075000 0.230 0.399 0.000 0.371
075500 0.230 0.400 0.000 0.370
076000 0.230 0.399 0.000 0.371
076500 0.230 0.400 0.000 0.370
077000 0.230 0.400 0.000 0.370
077500 0.230 0.400 0.000 0.370
078000 0.230 0.400 0.000 0.370
078500 0.230 0.400 0.000 0.370
079000 0.230 0.400 0.000 0.370
079500 0.230 0.399 0.000 0.371
080000 0.230 0.400 0.000 0.370
080500 0.230 0.400 0.000 0.370
081000 0.230 0.400 0.000 0.370
081500 0.230 0.400 0.000 0.370
082000 0.230 0.400 0.000 0.370
082500 0.230 0.400 0.000 0.370
083000 0.230 0.400 0.000 0.370
083500 0.230 0.400 0.000 0.370
084000 0.230 0.400 0.000 0.370
084500 0.230 0.400 0.000 0.370
085000 0.230 0.400 0.000 0.370
085500 0.230 0.400 0.000 0.370
086000 0.230 0.400 0.000 0.370
086500 0.230 0.400 0.000 0.370
087000 0.230 0.400 0.000 0.370
087500 0.230 0.400 0.000 0.370
088000 0.230 0.400 0.000 0.370
088500 0.230 0.400 0.000 0.370
089000 0.230 0.399 0.000 0.371
089500 0.230 0.399 0.000 0.371
090000 0.230 0.400 0.000 0.370
090500 0.230 0.400 0.000 0.370
091000 0.230 0.400 0.000 0.370
091500 0.230 0.400 0.000 0.370
092000 0.230 0.400 0.000 0.370
092500 0.230 0.400 0.000 0.370
093000 0.230 0.400 0.000 0.370
093500 0.230 0.400 0.000 0.370
094000 0.230 0.400 0.000 0.370
094500 0.230 0.400 0.000 0.370
095000 0.230 0.400 0.000 0.370
095500 0.230 0.400 0.000 0.370
096000 0.230 0.400 0.000 0.370
096500 0.230 0.399 0.000 0.371
097000 0.230 0.400 0.000 0.370
097500 0.230 0.400 0.000 0.370
098000 0.230 0.400 0.000 0.370
098500 0.230 0.400 0.000 0.370
099000 0.230 0.400 0.000 0.370
099500 0.230 0.400 0.000 0.370
100000 0.230 0.399 0.000 0.371
100500 0.230 0.400 0.000 0.370
101000 0.230 0.400 0.000 0.370
101500 0.230 0.400 0.000 0.370
102000 0.230 0.400 0.000 0.370
102500 0.230 0.400 0.000 0.370
103000 0.230 0.400 0.000 0.370
103500 0.230 0.400 0.000 0.370
104000 0.230 0.400 0.000 0.370
104500 0.230 0.400 0.000 0.370
105000 0.230 0.400 0.000 0.370
105500 0.230 0.400 0.000 0.370
106000 0.230 0.400 0.000 0.370
106500 0.230 0.400 0.000 0.370
107000 0.230 0.400 0.000 0.370
107500 0.230 0.400 0.000 0.370
108000 0.230 0.400 0.000 0.370
108500 0.230 0.400 0.000 0.370
109000 0.230 0.400 0.000 0.370
109500 0.230 0.400 0.000 0.370
110000 0.230 0.400 0.000 0.370
110500 0.230 0.400 0.000 0.370
111000 0.230 0.400 0.000 0.370
111500 0.230 0.400 0.000 0.370
112000 0.230 0.400 0.000 0.370
112500 0.230 0.400 0.000 0.370
113000 0.230 0.399 0.000 0.371
113500 0.230 0.399 0.000 0.371
114000 0.230 0.399 0.000 0.371
114500 0.230 0.400 0.000 0.370
115000 0.230 0.399 0.000 0.371
115500 0.230 0.400 0.000 0.370
116000 0.230 0.400 0.000 0.370
116500 0.230 0.400 0.000 0.370
117000 0.230 0.399 0.000 0.371
117500 0.230 0.400 0.000 0.370
118000 0.230 0.400 0.000 0.370
118500 0.230 0.400 0.000 0.370
119000 0.230 0.399 0.000 0.371
119500 0.230 0.400 0.000 0.370
120000 0.230 0.400 0.000 0.370
120500 0.230 0.400 0.000 0.370
121000 0.230 0.400 0.000 0.370
121500 0.230 0.400 0.000 0.370
122000 0.230 0.400 0.000 0.370
122500 0.230 0.400 0.000 0.370
123000 0.230 0.400 0.000 0.370
123500 0.230 0.399 0.000 0.371
124000 0.230 0.399 0.000 0.371
124500 0.230 0.399 0.000 0.371
125000 0.230 0.400 0.000 0.370
125500 0.230 0.400 0.000 0.370
126000 0.230 0.400 0.000 0.370
126500 0.230 0.399 0.000 0.371
127000 0.230 0.399 0.000 0.371
127500 0.230 0.400 0.000 0.370
128000 0.230 0.400 0.000 0.370
128500 0.230 0.400 0.000 0.370
129000 0.230 0.400 0.000 0.370
129500 0.230 0.400 0.000 0.370
130000 0.230 0.399 0.000 0.371
130500 0.230 0.399 0.000 0.371
131000 0.230 0.399 0.000 0.371
131500 0.230 0.399 0.000 0.371
132000 0.230 0.399 0.000 0.371
132500 0.230 0.399 0.000 0.371
133000 0.230 0.399 0.000 0.371
133500 0.230 0.399 0.000 0.371
134000 0.230 0.399 0.000 0.371
134500 0.230 0.399 0.000 0.371
135000 0.230 0.399 0.000 0.371
135500 0.230 0.399 0.000 0.371
136000 0.230 0.399 0.000 0.371
136500 0.230 0.400 0.000 0.370
137000 0.230 0.399 0.000 0.371
137500 0.230 0.399 0.000 0.371
138000 0.230 0.399 0.000 0.371
138500 0.230 0.399 0.000 0.371
139000 0.230 0.399 0.000 0.371
139500 0.230 0.399 0.000 0.371
140000 0.230 0.399 0.000 0.371
140500 0.230 0.399 0.000 0.371
141000 0.230 0.399 0.000 0.371
141500 0.230 0.399 0.000 0.371
142000 0.230 0.399 0.000 0.371
142500 0.230 0.399 0.000 0.371
143000 0.230 0.399 0.000 0.371
143500 0.230 0.399 0.000 0.371
144000 0.230 0.399 0.000 0.371
144500 0.230 0.399 0.000 0.371
145000 0.230 0.400 0.000 0.370
145500 0.230 0.400 0.000 0.370
146000 0.230 0.400 0.000 0.370
146500 0.230 0.400 0.000 0.370
147000 0.230 0.400 0.000 0.370
147500 0.230 0.400 0.000 0.370
148000 0.230 0.400 0.000 0.370
148500 0.230 0.400 0.000 0.370
149000 0.230 0.400 0.000 0.370
149500 0.230 0.400 0.000 0.370
150000 0.230 0.400 0.000 0.370
150500 0.230 0.400 0.000 0.370
151000 0.230 0.400 0.000 0.370
151500 0.230 0.400 0.000 0.370
152000 0.230 0.400 0.000 0.370
152500 0.230 0.400 0.000 0.370
153000 0.230 0.400 0.000 0.370
153500 0.230 0.400 0.000 0.370
154000 0.230 0.400 0.000 0.370
154500 0.230 0.400 0.000 0.370
155000 0.230 0.400 0.000 0.370
155500 0.230 0.400 0.000 0.370
156000 0.230 0.400 0.000 0.370
156500 0.230 0.400 0.000 0.370
157000 0.230 0.400 0.000 0.370
157500 0.230 0.401 0.000 0.369
158000 0.230 0.400 0.000 0.370
158500 0.230 0.400 0.000 0.370
159000 0.230 0.400 0.000 0.370
159500 0.230 0.400 0.000 0.370
160000 0.230 0.400 0.000 0.370
160500 0.230 0.400 0.000 0.370
161000 0.230 0.400 0.000 0.370
161500 0.230 0.400 0.000 0.370
162000 0.230 0.400 0.000 0.370
162500 0.230 0.400 0.000 0.370
163000 0.230 0.400 0.000 0.370
163500 0.230 0.401 0.000 0.369
164000 0.230 0.400 0.000 0.370
164500 0.230 0.400 0.000 0.370
165000 0.230 0.400 0.000 0.370
165500 0.230 0.400 0.000 0.370
166000 0.230 0.400 0.000 0.370
166500 0.230 0.400 0.000 0.370
167000 0.230 0.400 0.000 0.370
167500 0.230 0.400 0.000 0.370
168000 0.230 0.400 0.000 0.370
168500 0.230 0.400 0.000 0.370
169000 0.230 0.400 0.000 0.370
169500 0.230 0.400 0.000 0.370
170000 0.230 0.400 0.000 0.370
170500 0.230 0.400 0.000 0.370
171000 0.230 0.400 0.000 0.370
171500 0.230 0.400 0.000 0.370
172000 0.230 0.400 0.000 0.370
172500 0.230 0.400 0.000 0.370
173000 0.230 0.400 0.000 0.370
173500 0.230 0.400 0.000 0.370
174000 0.230 0.400 0.000 0.370
174500 0.230 0.400 0.000 0.370
175000 0.230 0.400 0.000 0.370
175500 0.230 0.400 0.000 0.370
176000 0.230 0.400 0.000 0.370
176500 0.230 0.400 0.000 0.370
177000 0.230 0.400 0.000 0.370
177500 0.230 0.400 0.000 0.370
178000 0.230 0.400 0.000 0.370
178500 0.230 0.399 0.000 0.371
179000 0.230 0.399 0.000 0.371
179500 0.230 0.399 0.000 0.371
180000 0.230 0.399 0.000 0.371
180500 0.230 0.399 0.000 0.371
181000 0.230 0.399 0.000 0.371
181500 0.230 0.399 0.000 0.371
182000 0.230 0.399 0.000 0.371
182500 0.230 0.400 0.000 0.370
183000 0.230 0.399 0.000 0.371
183500 0.230 0.399 0.000 0.371
184000 0.230 0.399 0.000 0.371
184500 0.230 0.399 0.000 0.371
185000 0.230 0.399 0.000 0.371
185500 0.230 0.399 0.000 0.371
186000 0.230 0.399 0.000 0.371
186500 0.230 0.399 0.000 0.371
187000 0.230 0.399 0.000 0.371
187500 0.230 0.399 0.000 0.371
188000 0.230 0.399 0.000 0.371
188500 0.230 0.399 0.000 0.371
189000 0.230 0.399 0.000 0.371
189500 0.230 0.399 0.000 0.371
190000 0.230 0.400 0.000 0.370
190500 0.230 0.399 0.000 0.371
191000 0.230 0.399 0.000 0.371
191500 0.230 0.399 0.000 0.371
192000 0.230 0.399 0.000 0.371
192500 0.230 0.399 0.000 0.371
193000 0.230 0.399 0.000 0.371
193500 0.230 0.399 0.000 0.371
194000 0.230 0.399 0.000 0.371
194500 0.230 0.399 0.000 0.371
195000 0.230 0.399 0.000 0.371
195500 0.230 0.399 0.000 0.371
196000 0.230 0.399 0.000 0.371
196500 0.230 0.399 0.000 0.371
197000 0.230 0.399 0.000 0.371
197500 0.230 0.399 0.000 0.371
198000 0.230 0.399 0.000 0.371
198500 0.230 0.399 0.000 0.371
199000 0.230 0.399 0.000 0.371
199500 0.230 0.399 0.000 0.371
200000 0.230 0.399 0.000 0.371
200500 0.230 0.400 0.000 0.370
201000 0.230 0.400 0.000 0.370
201500 0.230 0.399 0.000 0.371
202000 0.230 0.400 0.000 0.370
202500 0.230 0.399 0.000 0.371
203000 0.230 0.399 0.000 0.371
203500 0.230 0.399 0.000 0.371
204000 0.230 0.400 0.000 0.370
204500 0.230 0.400 0.000 0.370
205000 0.230 0.400 0.000 0.370
205500 0.230 0.399 0.000 0.371
206000 0.230 0.399 0.000 0.371
206500 0.230 0.399 0.000 0.371
207000 0.230 0.399 0.000 0.371
207500 0.230 0.400 0.000 0.370
208000 0.230 0.400 0.000 0.370
208500 0.230 0.400 0.000 0.370
209000 0.230 0.399 0.000 0.371
209500 0.230 0.400 0.000 0.370
210000 0.230 0.400 0.000 0.370
210500 0.230 0.399 0.000 0.371
211000 0.230 0.399 0.000 0.371
211500 0.230 0.399 0.000 0.371
212000 0.230 0.399 0.000 0.371
212500 0.230 0.399 0.000 0.371
213000 0.230 0.399 0.000 0.371
213500 0.230 0.399 0.000 0.371
214000 0.230 0.399 0.000 0.371
214500 0.230 0.400 0.000 0.370
215000 0.230 0.400 0.000 0.370
215500 0.230 0.400 0.000 0.370
216000 0.230 0.399 0.000 0.371
216500 0.230 0.400 0.000 0.370
217000 0.230 0.400 0.000 0.370
217500 0.230 0.400 0.000 0.370
218000 0.230 0.400 0.000 0.370
218500 0.230 0.400 0.000 0.370
219000 0.230 0.400 0.000 0.370
219500 0.230 0.400 0.000 0.370
220000 0.230 0.400 0.000 0.370
220500 0.230 0.400 0.000 0.370
221000 0.230 0.400 0.000 0.370
221500 0.230 0.400 0.000 0.370
222000 0.230 0.400 0.000 0.370
222500 0.230 0.400 0.000 0.370
223000 0.230 0.400 0.000 0.370
223500 0.230 0.400 0.000 0.370
224000 0.230 0.400 0.000 0.370
224500 0.230 0.400 0.000 0.370
225000 0.230 0.400 0.000 0.370
225500 0.230 0.400 0.000 0.370
226000 0.230 0.400 0.000 0.370
226500 0.230 0.400 0.000 0.370
227000 0.230 0.400 0.000 0.370
227500 0.230 0.400 0.000 0.370
228000 0.230 0.400 0.000 0.370
228500 0.230 0.400 0.000 0.370
229000 0.230 0.400 0.000 0.370
229500 0.230 0.400 0.000 0.370
230000 0.230 0.400 0.000 0.370
230500 0.230 0.400 0.000 0.370
231000 0.230 0.400 0.000 0.370
231500 0.230 0.400 0.000 0.370
232000 0.230 0.400 0.000 0.370
232500 0.230 0.400 0.000 0.370
233000 0.230 0.400 0.000 0.370
233500 0.230 0.400 0.000 0.370
234000 0.230 0.400 0.000 0.370
234500 0.230 0.400 0.000 0.370
235000 0.230 0.400 0.000 0.370
235500 0.230 0.400 0.000 0.370
236000 0.230 0.400 0.000 0.370
236500 0.230 0.400 0.000 0.370
237000 0.230 0.400 0.000 0.370
237500 0.230 0.399 0.000 0.371
238000 0.230 0.400 0.000 0.370
238500 0.230 0.400 0.000 0.370
239000 0.230 0.400 0.000 0.370
239500 0.230 0.400 0.000 0.370
240000 0.230 0.400 0.000 0.370
240500 0.230 0.400 0.000 0.370
241000 0.230 0.400 0.000 0.370
241500 0.230 0.400 0.000 0.370
242000 0.230 0.400 0.000 0.370
242500 0.230 0.400 0.000 0.370
243000 0.230 0.400 0.000 0.370
243500 0.230 0.400 0.000 0.370
244000 0.230 0.400 0.000 0.370
244500 0.230 0.400 0.000 0.370
245000 0.230 0.400 0.000 0.370
245500 0.230 0.400 0.000 0.370
246000 0.230 0.400 0.000 0.370
246500 0.230 0.400 0.000 0.370
247000 0.230 0.400 0.000 0.370
247500 0.230 0.400 0.000 0.370
248000 0.230 0.400 0.000 0.370
248500 0.230 0.400 0.000 0.370
249000 0.230 0.400 0.000 0.370
249500 0.230 0.400 0.000 0.370
250000 0.230 0.400 0.000 0.370
250500 0.230 0.400 0.000 0.370
251000 0.230 0.400 0.000 0.370
251500 0.230 0.400 0.000 0.370
252000 0.230 0.400 0.000 0.370
252500 0.230 0.401 0.000 0.369
253000 0.230 0.400 0.000 0.370
253500 0.230 0.400 0.000 0.370
254000 0.230 0.401 0.000 0.369
254500 0.230 0.400 0.000 0.370
255000 0.230 0.400 0.000 0.370
255500 0.230 0.400 0.000 0.370
256000 0.230 0.400 0.000 0.370
256500 0.230 0.400 0.000 0.370
257000 0.230 0.400 0.000 0.370
257500 0.230 0.400 0.000 0.370
258000 0.230 0.400 0.000 0.370
258500 0.230 0.400 0.000 0.370
259000 0.230 0.400 0.000 0.370
259500 0.230 0.400 0.000 0.370
260000 0.230 0.400 0.000 0.370
260500 0.230 0.401 0.000 0.369
261000 0.230 0.400 0.000 0.370
261500 0.230 0.400 0.000 0.370
262000 0.230 0.400 0.000 0.370
262500 0.230 0.400 0.000 0.370
263000 0.230 0.400 0.000 0.370
263500 0.230 0.400 0.000 0.370
264000 0.230 0.400 0.000 0.370
264500 0.230 0.400 0.000 0.370
265000 0.230 0.400 0.000 0.370
265500 0.230 0.401 0.000 0.369
266000 0.230 0.400 0.000 0.370
266500 0.230 0.400 0.000 0.370
267000 0.230 0.400 0.000 0.370
267500 0.230 0.400 0.000 0.370
268000 0.230 0.400 0.000 0.370
268500 0.230 0.400 0.000 0.370
269000 0.230 0.400 0.000 0.370
269500 0.230 0.400 0.000 0.370
270000 0.230 0.400 0.000 0.370
270500 0.230 0.400 0.000 0.370
271000 0.230 0.400 0.000 0.370
271500 0.230 0.400 0.000 0.370
272000 0.230 0.400 0.000 0.370
272500 0.230 0.400 0.000 0.370
273000 0.230 0.400 0.000 0.370
273500 0.230 0.400 0.000 0.370
274000 0.230 0.400 0.000 0.370
274500 0.230 0.400 0.000 0.370
275000 0.230 0.400 0.000 0.370
275500 0.230 0.400 0.000 0.370
276000 0.230 0.400 0.000 0.370
276500 0.230 0.400 0.000 0.370
277000 0.230 0.400 0.000 0.370
277500 0.230 0.401 0.000 0.369
278000 0.230 0.401 0.000 0.369
278500 0.230 0.400 0.000 0.370
279000 0.230 0.400 0.000 0.370
279500 0.230 0.401 0.000 0.369
280000 0.230 0.401 0.000 0.369
280500 0.230 0.401 0.000 0.369
281000 0.230 0.401 0.000 0.369
281500 0.230 0.401 0.000 0.369
282000 0.230 0.401 0.000 0.369
282500 0.230 0.400 0.000 0.370
283000 0.230 0.401 0.000 0.369
283500 0.230 0.401 0.000 0.369
284000 0.230 0.401 0.000 0.369
284500 0.230 0.401 0.000 0.369
285000 0.230 0.401 0.000 0.369
285500 0.230 0.401 0.000 0.369
286000 0.230 0.401 0.000 0.369
286500 0.230 0.401 0.000 0.369
287000 0.230 0.401 0.000 0.369
287500 0.230 0.401 0.000 0.369
288000 0.230 0.401 0.000 0.369
288500 0.230 0.401 0.000 0.369
289000 0.230 0.401 0.000 0.369
289500 0.230 0.401 0.000 0.369
290000 0.230 0.401 0.000 0.369
290500 0.230 0.401 0.000 0.369
291000 0.230 0.401 0.000 0.369
291500 0.230 0.401 0.000 0.369
292000 0.230 0.401 0.000 0.369
292500 0.230 0.401 0.000 0.369
293000 0.230 0.401 0.000 0.369
293500 0.230 0.401 0.000 0.369
294000 0.230 0.401 0.000 0.369
294500 0.230 0.401 0.000 0.369
295000 0.230 0.401 0.000 0.369
295500 0.230 0.401 0.000 0.369
296000 0.230 0.401 0.000 0.369
296500 0.230 0.401 0.000 0.369
297000 0.230 0.401 0.000 0.369
297500 0.230 0.401 0.000 0.369
298000 0.230 0.401 0.000 0.369
298500 0.230 0.401 0.000 0.369
299000 0.230 0.401 0.000 0.369
299500 0.230 0.400 0.000 0.370
300000 0.230 0.400 0.000 0.370
300500 0.230 0.400 0.000 0.370
301000 0.230 0.400 0.000 0.370
301500 0.230 0.401 0.000 0.369
302000 0.230 0.401 0.000 0.369
302500 0.230 0.401 0.000 0.369
303000 0.230 0.401 0.000 0.369
303500 0.230 0.401 0.000 0.369
304000 0.230 0.401 0.000 0.369
304500 0.230 0.401 0.000 0.369
305000 0.230 0.401 0.000 0.369
305500 0.230 0.401 0.000 0.369
306000 0.230 0.401 0.000 0.369
306500 0.230 0.401 0.000 0.369
307000 0.230 0.401 0.000 0.369
307500 0.230 0.401 0.000 0.369
308000 0.230 0.401 0.000 0.369
308500 0.230 0.401 0.000 0.369
309000 0.230 0.401 0.000 0.369
309500 0.230 0.401 0.000 0.369
310000 0.230 0.401 0.000 0.369
310500 0.230 0.401 0.000 0.369
311000 0.230 0.401 0.000 0.369
311500 0.230 0.401 0.000 0.369
312000 0.230 0.400 0.000 0.370
312500 0.230 0.401 0.000 0.369
313000 0.230 0.401 0.000 0.369
313500 0.230 0.401 0.000 0.369
314000 0.230 0.401 0.000 0.369
314500 0.230 0.401 0.000 0.369
315000 0.230 0.401 0.000 0.369
315500 0.230 0.401 0.000 0.369
316000 0.230 0.401 0.000 0.369
316500 0.230 0.401 0.000 0.369
317000 0.230 0.401 0.000 0.369
317500 0.230 0.401 0.000 0.369
318000 0.230 0.401 0.000 0.369
318500 0.230 0.401 0.000 0.369
319000 0.230 0.401 0.000 0.369
319500 0.230 0.401 0.000 0.369
320000 0.230 0.401 0.000 0.369
320500 0.230 0.401 0.000 0.369
321000 0.230 0.401 0.000 0.369
321500 0.230 0.401 0.000 0.369
322000 0.230 0.401 0.000 0.369
322500 0.230 0.401 0.000 0.369
323000 0.230 0.401 0.000 0.369
323500 0.230 0.402 0.000 0.368
324000 0.230 0.401 0.000 0.369
324500 0.230 0.401 0.000 0.369
325000 0.230 0.401 0.000 0.369
325500 0.230 0.402 0.000 0.368
326000 0.230 0.401 0.000 0.369
326500 0.230 0.401 0.000 0.369
327000 0.230 0.401 0.000 0.369
327500 0.230 0.401 0.000 0.369
328000 0.230 0.401 0.000 0.369
328500 0.230 0.401 0.000 0.369
329000 0.230 0.401 0.000 0.369
329500 0.230 0.401 0.000 0.369
330000 0.230 0.401 0.000 0.369
330500 0.230 0.401 0.000 0.369
331000 0.230 0.401 0.000 0.369
331500 0.230 0.401 0.000 0.369
332000 0.230 0.401 0.000 0.369
332500 0.230 0.401 0.000 0.369
333000 0.230 0.401 0.000 0.369
333500 0.230 0.401 0.000 0.369
334000 0.230 0.401 0.000 0.369
334500 0.230 0.401 0.000 0.369
335000 0.230 0.401 0.000 0.369
335500 0.230 0.401 0.000 0.369
336000 0.230 0.401 0.000 0.369
336500 0.230 0.401 0.000 0.369
337000 0.230 0.401 0.000 0.369
337500 0.230 0.401 0.000 0.369
338000 0.230 0.400 0.000 0.370
338500 0.230 0.400 0.000 0.370
339000 0.230 0.401 0.000 0.369
339500 0.230 0.401 0.000 0.369
340000 0.230 0.401 0.000 0.369
340500 0.230 0.401 0.000 0.369
341000 0.230 0.401 0.000 0.369
341500 0.230 0.401 0.000 0.369
342000 0.230 0.401 0.000 0.369
342500 0.230 0.401 0.000 0.369
343000 0.230 0.401 0.000 0.369
343500 0.230 0.401 0.000 0.369
344000 0.230 0.401 0.000 0.369
344500 0.230 0.400 0.000 0.370
345000 0.230 0.401 0.000 0.369
345500 0.230 0.401 0.000 0.369
346000 0.230 0.401 0.000 0.369
346500 0.230 0.401 0.000 0.369
347000 0.230 0.401 0.000 0.369
347500 0.230 0.401 0.000 0.369
348000 0.230 0.401 0.000 0.369
348500 0.230 0.401 0.000 0.369
349000 0.230 0.401 0.000 0.369
349500 0.230 0.401 0.000 0.369
350000 0.230 0.401 0.000 0.369
350500 0.230 0.401 0.000 0.369
351000 0.230 0.401 0.000 0.369
351500 0.230 0.401 0.000 0.369
352000 0.230 0.400 0.000 0.370
352500 0.230 0.401 0.000 0.369
353000 0.230 0.401 0.000 0.369
353500 0.230 0.401 0.000 0.369
354000 0.230 0.401 0.000 0.369
354500 0.230 0.401 0.000 0.369
355000 0.230 0.401 0.000 0.369
355500 0.230 0.401 0.000 0.369
356000 0.230 0.401 0.000 0.369
356500 0.230 0.401 0.000 0.369
357000 0.230 0.401 0.000 0.369
357500 0.230 0.400 0.000 0.370
358000 0.230 0.401 0.000 0.369
358500 0.230 0.401 0.000 0.369
359000 0.230 0.401 0.000 0.369
359500 0.230 0.401 0.000 0.369
360000 0.230 0.401 0.000 0.369
360500 0.230 0.401 0.000 0.369
361000 0.230 0.401 0.000 0.369
361500 0.230 0.401 0.000 0.369
362000 0.230 0.401 0.000 0.369
362500 0.230 0.401 0.000 0.369
363000 0.230 0.401 0.000 0.369
363500 0.230 0.401 0.000 0.369
364000 0.230 0.401 0.000 0.369
364500 0.230 0.401 0.000 0.369
365000 0.230 0.401 0.000 0.369
365500 0.230 0.400 0.000 0.370
366000 0.230 0.401 0.000 0.369
366500 0.230 0.401 0.000 0.369
367000 0.230 0.401 0.000 0.369
367500 0.230 0.401 0.000 0.369
368000 0.230 0.401 0.000 0.369
368500 0.230 0.401 0.000 0.369
369000 0.230 0.401 0.000 0.369
369500 0.230 0.401 0.000 0.369
370000 0.230 0.401 0.000 0.369
370500 0.230 0.401 0.000 0.369
371000 0.230 0.401 0.000 0.369
371500 0.230 0.401 0.000 0.369
372000 0.230 0.401 0.000 0.369
372500 0.230 0.401 0.000 0.369
373000 0.230 0.401 0.000 0.369
373500 0.230 0.401 0.000 0.369
374000 0.230 0.401 0.000 0.369
374500 0.230 0.401 0.000 0.369
375000 0.230 0.401 0.000 0.369
375500 0.230 0.401 0.000 0.369
376000 0.230 0.401 0.000 0.369
376500 0.230 0.401 0.000 0.369
377000 0.230 0.401 0.000 0.369
377500 0.230 0.401 0.000 0.369
378000 0.230 0.401 0.000 0.369
378500 0.230 0.401 0.000 0.369
379000 0.230 0.401 0.000 0.369
379500 0.230 0.401 0.000 0.369
380000 0.230 0.401 0.000 0.369
380500 0.230 0.401 0.000 0.369
381000 0.230 0.401 0.000 0.369
381500 0.230 0.401 0.000 0.369
382000 0.230 0.401 0.000 0.369
382500 0.230 0.401 0.000 0.369
383000 0.230 0.401 0.000 0.369
383500 0.230 0.401 0.000 0.369
384000 0.230 0.401 0.000 0.369
384500 0.230 0.401 0.000 0.369
385000 0.230 0.401 0.000 0.369
385500 0.230 0.401 0.000 0.369
386000 0.230 0.401 0.000 0.369
386500 0.230 0.401 0.000 0.369
387000 0.230 0.401 0.000 0.369
387500 0.230 0.401 0.000 0.369
388000 0.230 0.401 0.000 0.369
388500 0.230 0.401 0.000 0.369
389000 0.230 0.400 0.000 0.370
389500 0.230 0.401 0.000 0.369
390000 0.230 0.401 0.000 0.369
390500 0.230 0.401 0.000 0.369
391000 0.230 0.401 0.000 0.369
391500 0.230 0.401 0.000 0.369
392000 0.230 0.401 0.000 0.369
392500 0.230 0.401 0.000 0.369
393000 0.230 0.401 0.000 0.369
393500 0.230 0.401 0.000 0.369
394000 0.230 0.401 0.000 0.369
394500 0.230 0.401 0.000 0.369
395000 0.230 0.401 0.000 0.369
395500 0.230 0.401 0.000 0.369
396000 0.230 0.401 0.000 0.369
396500 0.230 0.401 0.000 0.369
397000 0.230 0.401 0.000 0.369
397500 0.230 0.401 0.000 0.369
398000 0.230 0.401 0.000 0.369
398500 0.230 0.401 0.000 0.369
399000 0.230 0.401 0.000 0.369
399500 0.230 0.401 0.000 0.369
400000 0.230 0.401 0.000 0.369
400500 0.230 0.401 0.000 0.369
401000 0.230 0.401 0.000 0.369
401500 0.230 0.401 0.000 0.369
402000 0.230 0.401 0.000 0.369
402500 0.230 0.401 0.000 0.369
403000 0.230 0.401 0.000 0.369
403500 0.230 0.401 0.000 0.369
404000 0.230 0.401 0.000 0.369
404500 0.230 0.400 0.000 0.370
405000 0.230 0.401 0.000 0.369
405500 0.230 0.401 0.000 0.369
406000 0.230 0.401 0.000 0.369
406500 0.230 0.401 0.000 0.369
407000 0.230 0.401 0.000 0.369
407500 0.230 0.401 0.000 0.369
408000 0.230 0.401 0.000 0.369
408500 0.230 0.401 0.000 0.369
409000 0.230 0.401 0.000 0.369
409500 0.230 0.401 0.000 0.369
410000 0.230 0.401 0.000 0.369
410500 0.230 0.401 0.000 0.369
411000 0.230 0.401 0.000 0.369
411500 0.230 0.401 0.000 0.369
412000 0.230 0.401 0.000 0.369
412500 0.230 0.401 0.000 0.369
413000 0.230 0.401 0.000 0.369
413500 0.230 0.401 0.000 0.369
414000 0.230 0.401 0.000 0.369
414500 0.230 0.401 0.000 0.369
415000 0.230 0.401 0.000 0.369
415500 0.230 0.401 0.000 0.369
416000 0.230 0.401 0.000 0.369
416500 0.230 0.401 0.000 0.369
417000 0.230 0.401 0.000 0.369
417500 0.230 0.401 0.000 0.369
418000 0.230 0.401 0.000 0.369
418500 0.230 0.401 0.000 0.369
419000 0.230 0.401 0.000 0.369
419500 0.230 0.401 0.000 0.369
420000 0.230 0.401 0.000 0.369
420500 0.230 0.401 0.000 0.369
421000 0.230 0.401 0.000 0.369
421500 0.230 0.401 0.000 0.369
422000 0.230 0.401 0.000 0.369
422500 0.230 0.401 0.000 0.369
423000 0.230 0.401 0.000 0.369
423500 0.230 0.401 0.000 0.369
424000 0.230 0.401 0.000 0.369
424500 0.230 0.401 0.000 0.369
425000 0.230 0.401 0.000 0.369
425500 0.230 0.401 0.000 0.369
426000 0.230 0.401 0.000 0.369
426500 0.230 0.401 0.000 0.369
427000 0.230 0.401 0.000 0.369
427500 0.230 0.401 0.000 0.369
428000 0.230 0.401 0.000 0.369
428500 0.230 0.401 0.000 0.369
429000 0.230 0.401 0.000 0.369
429500 0.230 0.401 0.000 0.369
430000 0.230 0.401 0.000 0.369
430500 0.230 0.401 0.000 0.369
431000 0.230 0.401 0.000 0.369
431500 0.230 0.401 0.000 0.369
432000 0.230 0.400 0.000 0.370
432500 0.230 0.400 0.000 0.370
433000 0.230 0.401 0.000 0.369
433500 0.230 0.400 0.000 0.370
434000 0.230 0.400 0.000 0.370
434500 0.230 0.400 0.000 0.370
435000 0.230 0.400 0.000 0.370
435500 0.230 0.400 0.000 0.370
436000 0.230 0.400 0.000 0.370
436500 0.230 0.400 0.000 0.370
437000 0.230 0.400 0.000 0.370
437500 0.230 0.400 0.000 0.370
438000 0.230 0.400 0.000 0.370
438500 0.230 0.400 0.000 0.370
439000 0.230 0.400 0.000 0.370
439500 0.230 0.401 0.000 0.369
440000 0.230 0.400 0.000 0.370
440500 0.230 0.400 0.000 0.370
441000 0.230 0.400 0.000 0.370
441500 0.230 0.400 0.000 0.370
442000 0.230 0.400 0.000 0.370
442500 0.230 0.401 0.000 0.369
443000 0.230 0.401 0.000 0.369
443500 0.230 0.401 0.000 0.369
444000 0.230 0.401 0.000 0.369
444500 0.230 0.401 0.000 0.369
445000 0.230 0.401 0.000 0.369
445500 0.230 0.400 0.000 0.370
446000 0.230 0.400 0.000 0.370
446500 0.230 0.401 0.000 0.369
447000 0.230 0.401 0.000 0.369
447500 0.230 0.401 0.000 0.369
448000 0.230 0.400 0.000 0.370
448500 0.230 0.401 0.000 0.369
449000 0.230 0.400 0.000 0.370
449500 0.230 0.401 0.000 0.369
450000 0.230 0.401 0.000 0.369
450500 0.230 0.401 0.000 0.369
451000 0.230 0.400 0.000 0.370
451500 0.230 0.400 0.000 0.370
452000 0.230 0.401 0.000 0.369
452500 0.230 0.400 0.000 0.370
453000 0.230 0.400 0.000 0.370
453500 0.230 0.401 0.000 0.369
454000 0.230 0.401 0.000 0.369
454500 0.230 0.401 0.000 0.369
455000 0.230 0.401 0.000 0.369
455500 0.230 0.401 0.000 0.369
456000 0.230 0.401 0.000 0.369
456500 0.230 0.401 0.000 0.369
457000 0.230 0.401 0.000 0.369
457500 0.230 0.400 0.000 0.370
458000 0.230 0.400 0.000 0.370
458500 0.230 0.401 0.000 0.369
459000 0.230 0.401 0.000 0.369
459500 0.230 0.401 0.000 0.369
460000 0.230 0.401 0.000 0.369
460500 0.230 0.401 0.000 0.369
461000 0.230 0.400 0.000 0.370
461500 0.230 0.401 0.000 0.369
462000 0.230 0.401 0.000 0.369
462500 0.230 0.401 0.000 0.369
463000 0.230 0.401 0.000 0.369
463500 0.230 0.400 0.000 0.370
464000 0.230 0.401 0.000 0.369
464500 0.230 0.401 0.000 0.369
465000 0.230 0.400 0.000 0.370
465500 0.230 0.400 0.000 0.370
466000 0.230 0.401 0.000 0.369
466500 0.230 0.400 0.000 0.370
467000 0.230 0.400 0.000 0.370
467500 0.230 0.401 0.000 0.369
468000 0.230 0.401 0.000 0.369
468500 0.230 0.400 0.000 0.370
469000 0.230 0.401 0.000 0.369
469500 0.230 0.401 0.000 0.369
470000 0.230 0.401 0.000 0.369
470500 0.230 0.401 0.000 0.369
471000 0.230 0.401 0.000 0.369
471500 0.230 0.401 0.000 0.369
472000 0.230 0.401 0.000 0.369
472500 0.230 0.401 0.000 0.369
473000 0.230 0.400 0.000 0.370
473500 0.230 0.400 0.000 0.370
474000 0.230 0.401 0.000 0.369
474500 0.230 0.401 0.000 0.369
475000 0.230 0.401 0.000 0.369
475500 0.230 0.401 0.000 0.369
476000 0.230 0.401 0.000 0.369
476500 0.230 0.401 0.000 0.369
477000 0.230 0.401 0.000 0.369
477500 0.230 0.401 0.000 0.369
478000 0.230 0.401 0.000 0.369
478500 0.230 0.401 0.000 0.369
479000 0.230 0.401 0.000 0.369
479500 0.230 0.401 0.000 0.369
480000 0.230 0.401 0.000 0.369
480500 0.230 0.401 0.000 0.369
481000 0.230 0.401 0.000 0.369
481500 0.230 0.401 0.000 0.369
482000 0.230 0.401 0.000 0.369
482500 0.230 0.401 0.000 0.369
483000 0.230 0.401 0.000 0.369
483500 0.230 0.401 0.000 0.369
484000 0.230 0.401 0.000 0.369
484500 0.230 0.401 0.000 0.369
485000 0.230 0.401 0.000 0.369
485500 0.230 0.401 0.000 0.369
486000 0.230 0.401 0.000 0.369
486500 0.230 0.401 0.000 0.369
487000 0.230 0.401 0.000 0.369
487500 0.230 0.401 0.000 0.369
488000 0.230 0.401 0.000 0.369
488500 0.230 0.401 0.000 0.369
489000 0.230 0.401 0.000 0.369
489500 0.230 0.401 0.000 0.369
490000 0.230 0.401 0.000 0.369
490500 0.230 0.401 0.000 0.369
491000 0.230 0.401 0.000 0.369
491500 0.230 0.401 0.000 0.369
492000 0.230 0.401 0.000 0.369
492500 0.230 0.401 0.000 0.369
493000 0.230 0.401 0.000 0.369
493500 0.230 0.401 0.000 0.369
494000 0.230 0.401 0.000 0.369
494500 0.230 0.401 0.000 0.369
495000 0.230 0.401 0.000 0.369
495500 0.230 0.401 0.000 0.369
496000 0.230 0.401 0.000 0.369
496500 0.230 0.401 0.000 0.369
497000 0.230 0.401 0.000 0.369
497500 0.230 0.401 0.000 0.369
498000 0.230 0.401 0.000 0.369
498500 0.230 0.401 0.000 0.369
499000 0.230 0.401 0.000 0.369
499500 0.230 0.401 0.000 0.369
500000 0.230 0.401 0.000 0.369
