000000 0.250 0.250 0.250 0.250
000500 0.052 0.558 0.000 0.390
001000 0.052 0.562 0.000 0.387
001500 0.052 0.569 0.000 0.379
002000 0.052 0.573 0.000 0.375
002500 0.052 0.578 0.000 0.370
003000 0.052 0.583 0.000 0.366
003500 0.052 0.589 0.000 0.359
004000 0.052 0.593 0.000 0.356
004500 0.052 0.599 0.000 0.350
005000 0.052 0.602 0.000 0.347
005500 0.052 0.605 0.000 0.343
006000 0.052 0.608 0.000 0.340
006500 0.052 0.611 0.000 0.338
007000 0.052 0.613 0.000 0.336
007500 0.052 0.615 0.000 0.333
008000 0.052 0.619 0.000 0.329
008500 0.052 0.621 0.000 0.328
009000 0.052 0.621 0.000 0.328
009500 0.052 0.621 0.000 0.327
010000 0.052 0.623 0.000 0.325
010500 0.052 0.625 0.000 0.323
011000 0.052 0.626 0.000 0.323
011500 0.052 0.628 0.000 0.320
012000 0.052 0.631 0.000 0.318
012500 0.052 0.634 0.000 0.315
013000 0.052 0.636 0.000 0.313
013500 0.052 0.637 0.000 0.311
014000 0.052 0.640 0.000 0.309
014500 0.052 0.642 0.000 0.307
015000 0.052 0.642 0.000 0.307
015500 0.052 0.643 0.000 0.305
016000 0.052 0.645 0.000 0.304
016500 0.052 0.645 0.000 0.304
017000 0.052 0.646 0.000 0.303
017500 0.052 0.647 0.000 0.301
018000 0.052 0.649 0.000 0.299
018500 0.052 0.650 0.000 0.298
019000 0.052 0.653 0.000 0.296
019500 0.052 0.654 0.000 0.295
020000 0.052 0.654 0.000 0.294
020500 0.052 0.655 0.000 0.294
021000 0.052 0.656 0.000 0.293
021500 0.052 0.655 0.000 0.293
022000 0.052 0.656 0.000 0.292
022500 0.052 0.656 0.000 0.292
023000 0.052 0.656 0.000 0.292
023500 0.052 0.656 0.000 0.292
024000 0.052 0.656 0.000 0.292
024500 0.052 0.656 0.000 0.292
025000 0.052 0.656 0.000 0.292
025500 0.052 0.656 0.000 0.292
026000 0.052 0.656 0.000 0.292
026500 0.052 0.656 0.000 0.292
027000 0.052 0.656 0.000 0.292
027500 0.052 0.656 0.000 0.292
028000 0.052 0.656 0.000 0.292
028500 0.052 0.656 0.000 0.292
029000 0.052 0.656 0.000 0.292
029500 0.052 0.656 0.000 0.292
030000 0.052 0.656 0.000 0.292
030500 0.052 0.656 0.000 0.292
031000 0.052 0.656 0.000 0.292
031500 0.052 0.656 0.000 0.292
032000 0.052 0.656 0.000 0.292
032500 0.052 0.656 0.000 0.292
033000 0.052 0.656 0.000 0.292
033500 0.052 0.656 0.000 0.292
034000 0.052 0.656 0.000 0.292
034500 0.052 0.656 0.000 0.292
035000 0.052 0.656 0.000 0.292
035500 0.052 0.656 0.000 0.292
036000 0.052 0.656 0.000 0.292
036500 0.052 0.656 0.000 0.292
037000 0.052 0.656 0.000 0.292
037500 0.052 0.656 0.000 0.292
038000 0.052 0.656 0.000 0.292
038500 0.052 0.656 0.000 0.292
039000 0.052 0.656 0.000 0.292
039500 0.052 0.656 0.000 0.292
040000 0.052 0.656 0.000 0.292
040500 0.052 0.656 0.000 0.292
041000 0.052 0.656 0.000 0.292
041500 0.052 0.656 0.000 0.292
042000 0.052 0.656 0.000 0.292
042500 0.052 0.656 0.000 0.292
043000 0.052 0.656 0.000 0.292
043500 0.052 0.656 0.000 0.292
044000 0.052 0.656 0.000 0.292
044500 0.052 0.656 0.000 0.292
045000 0.052 0.656 0.000 0.292
045500 0.052 0.656 0.000 0.292
046000 0.052 0.656 0.000 0.292
046500 0.052 0.656 0.000 0.292
047000 0.052 0.656 0.000 0.292
047500 0.052 0.656 0.000 0.292
048000 0.052 0.656 0.000 0.292
048500 0.052 0.656 0.000 0.292
049000 0.052 0.656 0.000 0.292
049500 0.052 0.656 0.000 0.292
050000 0.052 0.656 0.000 0.292
050500 0.052 0.656 0.000 0.292
051000 0.052 0.656 0.000 0.292
051500 0.052 0.656 0.000 0.292
052000 0.052 0.656 0.000 0.292
052500 0.052 0.656 0.000 0.292
053000 0.052 0.656 0.000 0.292
053500 0.052 0.656 0.000 0.292
054000 0.052 0.656 0.000 0.292
054500 0.052 0.656 0.000 0.292
055000 0.052 0.656 0.000 0.292
055500 0.052 0.656 0.000 0.292
056000 0.052 0.656 0.000 0.292
056500 0.052 0.656 0.000 0.292
057000 0.052 0.656 0.000 0.292
057500 0.052 0.656 0.000 0.292
058000 0.052 0.656 0.000 0.292
058500 0.052 0.656 0.000 0.292
059000 0.052 0.656 0.000 0.292
059500 0.052 0.656 0.000 0.292
060000 0.052 0.656 0.000 0.292
060500 0.052 0.656 0.000 0.292
061000 0.052 0.656 0.000 0.292
061500 0.052 0.656 0.000 0.292
062000 0.052 0.656 0.000 0.292
062500 0.052 0.656 0.000 0.292
063000 0.052 0.656 0.000 0.292
063500 0.052 0.656 0.000 0.292
064000 0.052 0.656 0.000 0.292
064500 0.052 0.656 0.000 0.292
065000 0.052 0.656 0.000 0.292
065500 0.052 0.656 0.000 0.292
066000 0.052 0.656 0.000 0.292
066500 0.052 0.656 0.000 0.292
067000 0.052 0.656 0.000 0.292
067500 0.052 0.656 0.000 0.292
068000 0.052 0.656 0.000 0.292
068500 0.052 0.656 0.000 0.292
069000 0.052 0.656 0.000 0.292
069500 0.052 0.656 0.000 0.292
070000 0.052 0.656 0.000 0.292
070500 0.052 0.656 0.000 0.292
071000 0.052 0.656 0.000 0.292
071500 0.052 0.656 0.000 0.292
072000 0.052 0.656 0.000 0.292
072500 0.052 0.656 0.000 0.292
073000 0.052 0.656 0.000 0.292
073500 0.052 0.656 0.000 0.292
074000 0.052 0.656 0.000 0.292
074500 0.052 0.656 0.000 0.292
075000 0.052 0.656 0.000 0.292
075500 0.052 0.656 0.000 0.292
076000 0.052 0.656 0.000 0.292
076500 0.052 0.656 0.000 0.292
077000 0.052 0.656 0.000 0.292
077500 0.052 0.656 0.000 0.292
078000 0.052 0.656 0.000 0.292
078500 0.052 0.656 0.000 0.292
079000 0.052 0.656 0.000 0.292
079500 0.052 0.656 0.000 0.292
080000 0.052 0.656 0.000 0.292
080500 0.052 0.656 0.000 0.292
081000 0.052 0.656 0.000 0.292
081500 0.052 0.656 0.000 0.292
082000 0.052 0.656 0.000 0.292
082500 0.052 0.656 0.000 0.292
083000 0.052 0.656 0.000 0.292
083500 0.052 0.656 0.000 0.292
084000 0.052 0.656 0.000 0.292
084500 0.052 0.656 0.000 0.292
085000 0.052 0.656 0.000 0.292
085500 0.052 0.656 0.000 0.292
086000 0.052 0.656 0.000 0.292
086500 0.052 0.656 0.000 0.292
087000 0.052 0.656 0.000 0.292
087500 0.052 0.656 0.000 0.292
088000 0.052 0.656 0.000 0.292
088500 0.052 0.656 0.000 0.292
089000 0.052 0.656 0.000 0.292
089500 0.052 0.656 0.000 0.292
090000 0.052 0.656 0.000 0.292
090500 0.052 0.656 0.000 0.292
091000 0.052 0.656 0.000 0.292
091500 0.052 0.656 0.000 0.292
092000 0.052 0.656 0.000 0.292
092500 0.052 0.656 0.000 0.292
093000 0.052 0.656 0.000 0.292
093500 0.052 0.656 0.000 0.292
094000 0.052 0.656 0.000 0.292
094500 0.052 0.656 0.000 0.292
095000 0.052 0.656 0.000 0.292
095500 0.052 0.656 0.000 0.292
096000 0.052 0.656 0.000 0.292
096500 0.052 0.656 0.000 0.292
097000 0.052 0.656 0.000 0.292
097500 0.052 0.656 0.000 0.292
098000 0.052 0.656 0.000 0.292
098500 0.052 0.656 0.000 0.292
099000 0.052 0.656 0.000 0.292
099500 0.052 0.656 0.000 0.292
100000 0.052 0.656 0.000 0.292
100500 0.052 0.656 0.000 0.292
101000 0.052 0.656 0.000 0.292
101500 0.052 0.656 0.000 0.292
102000 0.052 0.656 0.000 0.292
102500 0.052 0.656 0.000 0.292
103000 0.052 0.656 0.000 0.292
103500 0.052 0.656 0.000 0.292
104000 0.052 0.656 0.000 0.292
104500 0.052 0.656 0.000 0.292
105000 0.052 0.656 0.000 0.292
105500 0.052 0.656 0.000 0.292
106000 0.052 0.656 0.000 0.292
106500 0.052 0.656 0.000 0.292
107000 0.052 0.656 0.000 0.292
107500 0.052 0.656 0.000 0.292
108000 0.052 0.656 0.000 0.292
108500 0.052 0.656 0.000 0.292
109000 0.052 0.656 0.000 0.292
109500 0.052 0.656 0.000 0.292
110000 0.052 0.656 0.000 0.292
110500 0.052 0.656 0.000 0.292
111000 0.052 0.656 0.000 0.292
111500 0.052 0.656 0.000 0.292
112000 0.052 0.656 0.000 0.292
112500 0.052 0.656 0.000 0.292
113000 0.052 0.656 0.000 0.292
113500 0.052 0.656 0.000 0.292
114000 0.052 0.656 0.000 0.292
114500 0.052 0.656 0.000 0.292
115000 0.052 0.656 0.000 0.292
115500 0.052 0.656 0.000 0.292
116000 0.052 0.656 0.000 0.292
116500 0.052 0.656 0.000 0.292
117000 0.052 0.656 0.000 0.292
117500 0.052 0.656 0.000 0.292
118000 0.052 0.656 0.000 0.292
118500 0.052 0.656 0.000 0.292
119000 0.052 0.656 0.000 0.292
119500 0.052 0.656 0.000 0.292
120000 0.052 0.656 0.000 0.292
120500 0.052 0.656 0.000 0.292
121000 0.052 0.656 0.000 0.292
121500 0.052 0.656 0.000 0.292
122000 0.052 0.656 0.000 0.292
122500 0.052 0.656 0.000 0.292
123000 0.052 0.656 0.000 0.292
123500 0.052 0.656 0.000 0.292
124000 0.052 0.656 0.000 0.292
124500 0.052 0.656 0.000 0.292
125000 0.052 0.656 0.000 0.292
125500 0.052 0.656 0.000 0.292
126000 0.052 0.656 0.000 0.292
126500 0.052 0.656 0.000 0.292
127000 0.052 0.656 0.000 0.292
127500 0.052 0.656 0.000 0.292
128000 0.052 0.656 0.000 0.292
128500 0.052 0.656 0.000 0.292
129000 0.052 0.656 0.000 0.292
129500 0.052 0.656 0.000 0.292
130000 0.052 0.656 0.000 0.292
130500 0.052 0.656 0.000 0.292
131000 0.052 0.656 0.000 0.292
131500 0.052 0.656 0.000 0.292
132000 0.052 0.656 0.000 0.292
132500 0.052 0.656 0.000 0.292
133000 0.052 0.656 0.000 0.292
133500 0.052 0.656 0.000 0.292
134000 0.052 0.656 0.000 0.292
134500 0.052 0.656 0.000 0.292
135000 0.052 0.656 0.000 0.292
135500 0.052 0.656 0.000 0.292
136000 0.052 0.656 0.000 0.292
136500 0.052 0.656 0.000 0.292
137000 0.052 0.656 0.000 0.292
137500 0.052 0.656 0.000 0.292
138000 0.052 0.656 0.000 0.292
138500 0.052 0.656 0.000 0.292
139000 0.052 0.656 0.000 0.292
139500 0.052 0.656 0.000 0.292
140000 0.052 0.656 0.000 0.292
140500 0.052 0.656 0.000 0.292
141000 0.052 0.656 0.000 0.292
141500 0.052 0.656 0.000 0.292
142000 0.052 0.656 0.000 0.292
142500 0.052 0.656 0.000 0.292
143000 0.052 0.656 0.000 0.292
143500 0.052 0.656 0.000 0.292
144000 0.052 0.656 0.000 0.292
144500 0.052 0.656 0.000 0.292
145000 0.052 0.656 0.000 0.292
145500 0.052 0.656 0.000 0.292
146000 0.052 0.656 0.000 0.292
146500 0.052 0.656 0.000 0.292
147000 0.052 0.656 0.000 0.292
147500 0.052 0.656 0.000 0.292
148000 0.052 0.656 0.000 0.292
148500 0.052 0.656 0.000 0.292
149000 0.052 0.656 0.000 0.292
149500 0.052 0.656 0.000 0.292
150000 0.052 0.656 0.000 0.292
150500 0.052 0.656 0.000 0.292
151000 0.052 0.656 0.000 0.292
151500 0.052 0.656 0.000 0.292
152000 0.052 0.656 0.000 0.292
152500 0.052 0.656 0.000 0.292
153000 0.052 0.656 0.000 0.292
153500 0.052 0.656 0.000 0.292
154000 0.052 0.656 0.000 0.292
154500 0.052 0.656 0.000 0.292
155000 0.052 0.656 0.000 0.292
155500 0.052 0.656 0.000 0.292
156000 0.052 0.656 0.000 0.292
156500 0.052 0.656 0.000 0.292
157000 0.052 0.656 0.000 0.292
157500 0.052 0.656 0.000 0.292
158000 0.052 0.656 0.000 0.292
158500 0.052 0.656 0.000 0.292
159000 0.052 0.656 0.000 0.292
159500 0.052 0.656 0.000 0.292
160000 0.052 0.656 0.000 0.292
160500 0.052 0.656 0.000 0.292
161000 0.052 0.656 0.000 0.292
161500 0.052 0.656 0.000 0.292
162000 0.052 0.656 0.000 0.292
162500 0.052 0.656 0.000 0.292
163000 0.052 0.656 0.000 0.292
163500 0.052 0.656 0.000 0.292
164000 0.052 0.656 0.000 0.292
164500 0.052 0.656 0.000 0.292
165000 0.052 0.656 0.000 0.292
165500 0.052 0.656 0.000 0.292
166000 0.052 0.656 0.000 0.292
166500 0.052 0.656 0.000 0.292
167000 0.052 0.656 0.000 0.292
167500 0.052 0.656 0.000 0.292
168000 0.052 0.656 0.000 0.292
168500 0.052 0.656 0.000 0.292
169000 0.052 0.656 0.000 0.292
169500 0.052 0.656 0.000 0.292
170000 0.052 0.656 0.000 0.292
170500 0.052 0.656 0.000 0.292
171000 0.052 0.656 0.000 0.292
171500 0.052 0.656 0.000 0.292
172000 0.052 0.656 0.000 0.292
172500 0.052 0.656 0.000 0.292
173000 0.052 0.656 0.000 0.292
173500 0.052 0.656 0.000 0.292
174000 0.052 0.656 0.000 0.292
174500 0.052 0.656 0.000 0.292
175000 0.052 0.656 0.000 0.292
175500 0.052 0.656 0.000 0.292
176000 0.052 0.656 0.000 0.292
176500 0.052 0.656 0.000 0.292
177000 0.052 0.656 0.000 0.292
177500 0.052 0.656 0.000 0.292
178000 0.052 0.656 0.000 0.292
178500 0.052 0.656 0.000 0.292
179000 0.052 0.656 0.000 0.292
179500 0.052 0.656 0.000 0.292
180000 0.052 0.656 0.000 0.292
180500 0.052 0.656 0.000 0.292
181000 0.052 0.656 0.000 0.292
181500 0.052 0.656 0.000 0.292
182000 0.052 0.656 0.000 0.292
182500 0.052 0.656 0.000 0.292
183000 0.052 0.656 0.000 0.292
183500 0.052 0.656 0.000 0.292
184000 0.052 0.656 0.000 0.292
184500 0.052 0.656 0.000 0.292
185000 0.052 0.656 0.000 0.292
185500 0.052 0.656 0.000 0.292
186000 0.052 0.656 0.000 0.292
186500 0.052 0.656 0.000 0.292
187000 0.052 0.656 0.000 0.292
187500 0.052 0.656 0.000 0.292
188000 0.052 0.656 0.000 0.292
188500 0.052 0.656 0.000 0.292
189000 0.052 0.656 0.000 0.292
189500 0.052 0.656 0.000 0.292
190000 0.052 0.656 0.000 0.292
190500 0.052 0.656 0.000 0.292
191000 0.052 0.656 0.000 0.292
191500 0.052 0.656 0.000 0.292
192000 0.052 0.656 0.000 0.292
192500 0.052 0.656 0.000 0.292
193000 0.052 0.656 0.000 0.292
193500 0.052 0.656 0.000 0.292
194000 0.052 0.656 0.000 0.292
194500 0.052 0.656 0.000 0.292
195000 0.052 0.656 0.000 0.292
195500 0.052 0.656 0.000 0.292
196000 0.052 0.656 0.000 0.292
196500 0.052 0.656 0.000 0.292
197000 0.052 0.656 0.000 0.292
197500 0.052 0.656 0.000 0.292
198000 0.052 0.656 0.000 0.292
198500 0.052 0.656 0.000 0.292
199000 0.052 0.656 0.000 0.292
199500 0.052 0.656 0.000 0.292
200000 0.052 0.656 0.000 0.292
200500 0.052 0.656 0.000 0.292
201000 0.052 0.656 0.000 0.292
201500 0.052 0.656 0.000 0.292
202000 0.052 0.656 0.000 0.292
202500 0.052 0.656 0.000 0.292
203000 0.052 0.656 0.000 0.292
203500 0.052 0.656 0.000 0.292
204000 0.052 0.656 0.000 0.292
204500 0.052 0.656 0.000 0.292
205000 0.052 0.656 0.000 0.292
205500 0.052 0.656 0.000 0.292
206000 0.052 0.656 0.000 0.292
206500 0.052 0.656 0.000 0.292
207000 0.052 0.656 0.000 0.292
207500 0.052 0.656 0.000 0.292
208000 0.052 0.656 0.000 0.292
208500 0.052 0.656 0.000 0.292
209000 0.052 0.656 0.000 0.292
209500 0.052 0.656 0.000 0.292
210000 0.052 0.656 0.000 0.292
210500 0.052 0.656 0.000 0.292
211000 0.052 0.656 0.000 0.292
211500 0.052 0.656 0.000 0.292
212000 0.052 0.656 0.000 0.292
212500 0.052 0.656 0.000 0.292
213000 0.052 0.656 0.000 0.292
213500 0.052 0.656 0.000 0.292
214000 0.052 0.656 0.000 0.292
214500 0.052 0.656 0.000 0.292
215000 0.052 0.656 0.000 0.292
215500 0.052 0.656 0.000 0.292
216000 0.052 0.656 0.000 0.292
216500 0.052 0.656 0.000 0.292
217000 0.052 0.656 0.000 0.292
217500 0.052 0.656 0.000 0.292
218000 0.052 0.656 0.000 0.292
218500 0.052 0.656 0.000 0.292
219000 0.052 0.656 0.000 0.292
219500 0.052 0.656 0.000 0.292
220000 0.052 0.656 0.000 0.292
220500 0.052 0.656 0.000 0.292
221000 0.052 0.656 0.000 0.292
221500 0.052 0.656 0.000 0.292
222000 0.052 0.656 0.000 0.292
222500 0.052 0.656 0.000 0.292
223000 0.052 0.656 0.000 0.292
223500 0.052 0.656 0.000 0.292
224000 0.052 0.656 0.000 0.292
224500 0.052 0.656 0.000 0.292
225000 0.052 0.656 0.000 0.292
225500 0.052 0.656 0.000 0.292
226000 0.052 0.656 0.000 0.292
226500 0.052 0.656 0.000 0.292
227000 0.052 0.656 0.000 0.292
227500 0.052 0.656 0.000 0.292
228000 0.052 0.656 0.000 0.292
228500 0.052 0.656 0.000 0.292
229000 0.052 0.656 0.000 0.292
229500 0.052 0.656 0.000 0.292
230000 0.052 0.656 0.000 0.292
230500 0.052 0.656 0.000 0.292
231000 0.052 0.656 0.000 0.292
231500 0.052 0.656 0.000 0.292
232000 0.052 0.656 0.000 0.292
232500 0.052 0.656 0.000 0.292
233000 0.052 0.656 0.000 0.292
233500 0.052 0.656 0.000 0.292
234000 0.052 0.656 0.000 0.292
234500 0.052 0.656 0.000 0.292
235000 0.052 0.656 0.000 0.292
235500 0.052 0.656 0.000 0.292
236000 0.052 0.656 0.000 0.292
236500 0.052 0.656 0.000 0.292
237000 0.052 0.656 0.000 0.292
237500 0.052 0.656 0.000 0.292
238000 0.052 0.656 0.000 0.292
238500 0.052 0.656 0.000 0.292
239000 0.052 0.656 0.000 0.292
239500 0.052 0.656 0.000 0.292
240000 0.052 0.656 0.000 0.292
240500 0.052 0.656 0.000 0.292
241000 0.052 0.656 0.000 0.292
241500 0.052 0.656 0.000 0.292
242000 0.052 0.656 0.000 0.292
242500 0.052 0.656 0.000 0.292
243000 0.052 0.656 0.000 0.292
243500 0.052 0.656 0.000 0.292
244000 0.052 0.656 0.000 0.292
244500 0.052 0.656 0.000 0.292
245000 0.052 0.656 0.000 0.292
245500 0.052 0.656 0.000 0.292
246000 0.052 0.656 0.000 0.292
246500 0.052 0.656 0.000 0.292
247000 0.052 0.656 0.000 0.292
247500 0.052 0.656 0.000 0.292
248000 0.052 0.656 0.000 0.292
248500 0.052 0.656 0.000 0.292
249000 0.052 0.656 0.000 0.292
249500 0.052 0.656 0.000 0.292
250000 0.052 0.656 0.000 0.292
250500 0.052 0.656 0.000 0.292
251000 0.052 0.656 0.000 0.292
251500 0.052 0.656 0.000 0.292
252000 0.052 0.656 0.000 0.292
252500 0.052 0.656 0.000 0.292
253000 0.052 0.656 0.000 0.292
253500 0.052 0.656 0.000 0.292
254000 0.052 0.656 0.000 0.292
254500 0.052 0.656 0.000 0.292
255000 0.052 0.656 0.000 0.292
255500 0.052 0.656 0.000 0.292
256000 0.052 0.656 0.000 0.292
256500 0.052 0.656 0.000 0.292
257000 0.052 0.656 0.000 0.292
257500 0.052 0.656 0.000 0.292
258000 0.052 0.656 0.000 0.292
258500 0.052 0.656 0.000 0.292
259000 0.052 0.656 0.000 0.292
259500 0.052 0.656 0.000 0.292
260000 0.052 0.656 0.000 0.292
260500 0.052 0.656 0.000 0.292
261000 0.052 0.656 0.000 0.292
261500 0.052 0.656 0.000 0.292
262000 0.052 0.656 0.000 0.292
262500 0.052 0.656 0.000 0.292
263000 0.052 0.656 0.000 0.292
263500 0.052 0.656 0.000 0.292
264000 0.052 0.656 0.000 0.292
264500 0.052 0.656 0.000 0.292
265000 0.052 0.656 0.000 0.292
265500 0.052 0.656 0.000 0.292
266000 0.052 0.656 0.000 0.292
266500 0.052 0.656 0.000 0.292
267000 0.052 0.656 0.000 0.292
267500 0.052 0.656 0.000 0.292
268000 0.052 0.656 0.000 0.292
268500 0.052 0.656 0.000 0.292
269000 0.052 0.656 0.000 0.292
269500 0.052 0.656 0.000 0.292
270000 0.052 0.656 0.000 0.292
270500 0.052 0.656 0.000 0.292
271000 0.052 0.656 0.000 0.292
271500 0.052 0.656 0.000 0.292
272000 0.052 0.656 0.000 0.292
272500 0.052 0.656 0.000 0.292
273000 0.052 0.656 0.000 0.292
273500 0.052 0.656 0.000 0.292
274000 0.052 0.656 0.000 0.292
274500 0.052 0.656 0.000 0.292
275000 0.052 0.656 0.000 0.292
275500 0.052 0.656 0.000 0.292
276000 0.052 0.656 0.000 0.292
276500 0.052 0.656 0.000 0.292
277000 0.052 0.656 0.000 0.292
277500 0.052 0.656 0.000 0.292
278000 0.052 0.656 0.000 0.292
278500 0.052 0.656 0.000 0.292
279000 0.052 0.656 0.000 0.292
279500 0.052 0.656 0.000 0.292
280000 0.052 0.656 0.000 0.292
280500 0.052 0.656 0.000 0.292
281000 0.052 0.656 0.000 0.292
281500 0.052 0.656 0.000 0.292
282000 0.052 0.656 0.000 0.292
282500 0.052 0.656 0.000 0.292
283000 0.052 0.656 0.000 0.292
283500 0.052 0.656 0.000 0.292
284000 0.052 0.656 0.000 0.292
284500 0.052 0.656 0.000 0.292
285000 0.052 0.656 0.000 0.292
285500 0.052 0.656 0.000 0.292
286000 0.052 0.656 0.000 0.292
286500 0.052 0.656 0.000 0.292
287000 0.052 0.656 0.000 0.292
287500 0.052 0.656 0.000 0.292
288000 0.052 0.656 0.000 0.292
288500 0.052 0.656 0.000 0.292
289000 0.052 0.656 0.000 0.292
289500 0.052 0.656 0.000 0.292
290000 0.052 0.656 0.000 0.292
290500 0.052 0.656 0.000 0.292
291000 0.052 0.656 0.000 0.292
291500 0.052 0.656 0.000 0.292
292000 0.052 0.656 0.000 0.292
292500 0.052 0.656 0.000 0.292
293000 0.052 0.656 0.000 0.292
293500 0.052 0.656 0.000 0.292
294000 0.052 0.656 0.000 0.292
294500 0.052 0.656 0.000 0.292
295000 0.052 0.656 0.000 0.292
295500 0.052 0.656 0.000 0.292
296000 0.052 0.656 0.000 0.292
296500 0.052 0.656 0.000 0.292
297000 0.052 0.656 0.000 0.292
297500 0.052 0.656 0.000 0.292
298000 0.052 0.656 0.000 0.292
298500 0.052 0.656 0.000 0.292
299000 0.052 0.656 0.000 0.292
299500 0.052 0.656 0.000 0.292
300000 0.052 0.656 0.000 0.292
300500 0.052 0.656 0.000 0.292
301000 0.052 0.656 0.000 0.292
301500 0.052 0.656 0.000 0.292
302000 0.052 0.656 0.000 0.292
302500 0.052 0.656 0.000 0.292
303000 0.052 0.656 0.000 0.292
303500 0.052 0.656 0.000 0.292
304000 0.052 0.656 0.000 0.292
304500 0.052 0.656 0.000 0.292
305000 0.052 0.656 0.000 0.292
305500 0.052 0.656 0.000 0.292
306000 0.052 0.656 0.000 0.292
306500 0.052 0.656 0.000 0.292
307000 0.052 0.656 0.000 0.292
307500 0.052 0.656 0.000 0.292
308000 0.052 0.656 0.000 0.292
308500 0.052 0.656 0.000 0.292
309000 0.052 0.656 0.000 0.292
309500 0.052 0.656 0.000 0.292
310000 0.052 0.656 0.000 0.292
310500 0.052 0.656 0.000 0.292
311000 0.052 0.656 0.000 0.292
311500 0.052 0.656 0.000 0.292
312000 0.052 0.656 0.000 0.292
312500 0.052 0.656 0.000 0.292
313000 0.052 0.656 0.000 0.292
313500 0.052 0.656 0.000 0.292
314000 0.052 0.656 0.000 0.292
314500 0.052 0.656 0.000 0.292
315000 0.052 0.656 0.000 0.292
315500 0.052 0.656 0.000 0.292
316000 0.052 0.656 0.000 0.292
316500 0.052 0.656 0.000 0.292
317000 0.052 0.656 0.000 0.292
317500 0.052 0.656 0.000 0.292
318000 0.052 0.656 0.000 0.292
318500 0.052 0.656 0.000 0.292
319000 0.052 0.656 0.000 0.292
319500 0.052 0.656 0.000 0.292
320000 0.052 0.656 0.000 0.292
320500 0.052 0.656 0.000 0.292
321000 0.052 0.656 0.000 0.292
321500 0.052 0.656 0.000 0.292
322000 0.052 0.656 0.000 0.292
322500 0.052 0.656 0.000 0.292
323000 0.052 0.656 0.000 0.292
323500 0.052 0.656 0.000 0.292
324000 0.052 0.656 0.000 0.292
324500 0.052 0.656 0.000 0.292
325000 0.052 0.656 0.000 0.292
325500 0.052 0.656 0.000 0.292
326000 0.052 0.656 0.000 0.292
326500 0.052 0.656 0.000 0.292
327000 0.052 0.656 0.000 0.292
327500 0.052 0.656 0.000 0.292
328000 0.052 0.656 0.000 0.292
328500 0.052 0.656 0.000 0.292
329000 0.052 0.656 0.000 0.292
329500 0.052 0.656 0.000 0.292
330000 0.052 0.656 0.000 0.292
330500 0.052 0.656 0.000 0.292
331000 0.052 0.656 0.000 0.292
331500 0.052 0.656 0.000 0.292
332000 0.052 0.656 0.000 0.292
332500 0.052 0.656 0.000 0.292
333000 0.052 0.656 0.000 0.292
333500 0.052 0.656 0.000 0.292
334000 0.052 0.656 0.000 0.292
334500 0.052 0.656 0.000 0.292
335000 0.052 0.656 0.000 0.292
335500 0.052 0.656 0.000 0.292
336000 0.052 0.656 0.000 0.292
336500 0.052 0.656 0.000 0.292
337000 0.052 0.656 0.000 0.292
337500 0.052 0.656 0.000 0.292
338000 0.052 0.656 0.000 0.292
338500 0.052 0.656 0.000 0.292
339000 0.052 0.656 0.000 0.292
339500 0.052 0.656 0.000 0.292
340000 0.052 0.656 0.000 0.292
340500 0.052 0.656 0.000 0.292
341000 0.052 0.656 0.000 0.292
341500 0.052 0.656 0.000 0.292
342000 0.052 0.656 0.000 0.292
342500 0.052 0.656 0.000 0.292
343000 0.052 0.656 0.000 0.292
343500 0.052 0.656 0.000 0.292
344000 0.052 0.656 0.000 0.292
344500 0.052 0.656 0.000 0.292
345000 0.052 0.656 0.000 0.292
345500 0.052 0.656 0.000 0.292
346000 0.052 0.656 0.000 0.292
346500 0.052 0.656 0.000 0.292
347000 0.052 0.656 0.000 0.292
347500 0.052 0.656 0.000 0.292
348000 0.052 0.656 0.000 0.292
348500 0.052 0.656 0.000 0.292
349000 0.052 0.656 0.000 0.292
349500 0.052 0.656 0.000 0.292
350000 0.052 0.656 0.000 0.292
350500 0.052 0.656 0.000 0.292
351000 0.052 0.656 0.000 0.292
351500 0.052 0.656 0.000 0.292
352000 0.052 0.656 0.000 0.292
352500 0.052 0.656 0.000 0.292
353000 0.052 0.656 0.000 0.292
353500 0.052 0.656 0.000 0.292
354000 0.052 0.656 0.000 0.292
354500 0.052 0.656 0.000 0.292
355000 0.052 0.656 0.000 0.292
355500 0.052 0.656 0.000 0.292
356000 0.052 0.656 0.000 0.292
356500 0.052 0.656 0.000 0.292
357000 0.052 0.656 0.000 0.292
357500 0.052 0.656 0.000 0.292
358000 0.052 0.656 0.000 0.292
358500 0.052 0.656 0.000 0.292
359000 0.052 0.656 0.000 0.292
359500 0.052 0.656 0.000 0.292
360000 0.052 0.656 0.000 0.292
360500 0.052 0.656 0.000 0.292
361000 0.052 0.656 0.000 0.292
361500 0.052 0.656 0.000 0.292
362000 0.052 0.656 0.000 0.292
362500 0.052 0.656 0.000 0.292
363000 0.052 0.656 0.000 0.292
363500 0.052 0.656 0.000 0.292
364000 0.052 0.656 0.000 0.292
364500 0.052 0.656 0.000 0.292
365000 0.052 0.656 0.000 0.292
365500 0.052 0.656 0.000 0.292
366000 0.052 0.656 0.000 0.292
366500 0.052 0.656 0.000 0.292
367000 0.052 0.656 0.000 0.292
367500 0.052 0.656 0.000 0.292
368000 0.052 0.656 0.000 0.292
368500 0.052 0.656 0.000 0.292
369000 0.052 0.656 0.000 0.292
369500 0.052 0.656 0.000 0.292
370000 0.052 0.656 0.000 0.292
370500 0.052 0.656 0.000 0.292
371000 0.052 0.656 0.000 0.292
371500 0.052 0.656 0.000 0.292
372000 0.052 0.656 0.000 0.292
372500 0.052 0.656 0.000 0.292
373000 0.052 0.656 0.000 0.292
373500 0.052 0.656 0.000 0.292
374000 0.052 0.656 0.000 0.292
374500 0.052 0.656 0.000 0.292
375000 0.052 0.656 0.000 0.292
375500 0.052 0.656 0.000 0.292
376000 0.052 0.656 0.000 0.292
376500 0.052 0.656 0.000 0.292
377000 0.052 0.656 0.000 0.292
377500 0.052 0.656 0.000 0.292
378000 0.052 0.656 0.000 0.292
378500 0.052 0.656 0.000 0.292
379000 0.052 0.656 0.000 0.292
379500 0.052 0.656 0.000 0.292
380000 0.052 0.656 0.000 0.292
380500 0.052 0.656 0.000 0.292
381000 0.052 0.656 0.000 0.292
381500 0.052 0.656 0.000 0.292
382000 0.052 0.656 0.000 0.292
382500 0.052 0.656 0.000 0.292
383000 0.052 0.656 0.000 0.292
383500 0.052 0.656 0.000 0.292
384000 0.052 0.656 0.000 0.292
384500 0.052 0.656 0.000 0.292
385000 0.052 0.656 0.000 0.292
385500 0.052 0.656 0.000 0.292
386000 0.052 0.656 0.000 0.292
386500 0.052 0.656 0.000 0.292
387000 0.052 0.656 0.000 0.292
387500 0.052 0.656 0.000 0.292
388000 0.052 0.656 0.000 0.292
388500 0.052 0.656 0.000 0.292
389000 0.052 0.656 0.000 0.292
389500 0.052 0.656 0.000 0.292
390000 0.052 0.656 0.000 0.292
390500 0.052 0.656 0.000 0.292
391000 0.052 0.656 0.000 0.292
391500 0.052 0.656 0.000 0.292
392000 0.052 0.656 0.000 0.292
392500 0.052 0.656 0.000 0.292
393000 0.052 0.656 0.000 0.292
393500 0.052 0.656 0.000 0.292
394000 0.052 0.656 0.000 0.292
394500 0.052 0.656 0.000 0.292
395000 0.052 0.656 0.000 0.292
395500 0.052 0.656 0.000 0.292
396000 0.052 0.656 0.000 0.292
396500 0.052 0.656 0.000 0.292
397000 0.052 0.656 0.000 0.292
397500 0.052 0.656 0.000 0.292
398000 0.052 0.656 0.000 0.292
398500 0.052 0.656 0.000 0.292
399000 0.052 0.656 0.000 0.292
399500 0.052 0.656 0.000 0.292
400000 0.052 0.656 0.000 0.292
400500 0.052 0.656 0.000 0.292
401000 0.052 0.656 0.000 0.292
401500 0.052 0.656 0.000 0.292
402000 0.052 0.656 0.000 0.292
402500 0.052 0.656 0.000 0.292
403000 0.052 0.656 0.000 0.292
403500 0.052 0.656 0.000 0.292
404000 0.052 0.656 0.000 0.292
404500 0.052 0.656 0.000 0.292
405000 0.052 0.656 0.000 0.292
405500 0.052 0.656 0.000 0.292
406000 0.052 0.656 0.000 0.292
406500 0.052 0.656 0.000 0.292
407000 0.052 0.656 0.000 0.292
407500 0.052 0.656 0.000 0.292
408000 0.052 0.656 0.000 0.292
408500 0.052 0.656 0.000 0.292
409000 0.052 0.656 0.000 0.292
409500 0.052 0.656 0.000 0.292
410000 0.052 0.656 0.000 0.292
410500 0.052 0.656 0.000 0.292
411000 0.052 0.656 0.000 0.292
411500 0.052 0.656 0.000 0.292
412000 0.052 0.656 0.000 0.292
412500 0.052 0.656 0.000 0.292
413000 0.052 0.656 0.000 0.292
413500 0.052 0.656 0.000 0.292
414000 0.052 0.656 0.000 0.292
414500 0.052 0.656 0.000 0.292
415000 0.052 0.656 0.000 0.292
415500 0.052 0.656 0.000 0.292
416000 0.052 0.656 0.000 0.292
416500 0.052 0.656 0.000 0.292
417000 0.052 0.656 0.000 0.292
417500 0.052 0.656 0.000 0.292
418000 0.052 0.656 0.000 0.292
418500 0.052 0.656 0.000 0.292
419000 0.052 0.656 0.000 0.292
419500 0.052 0.656 0.000 0.292
420000 0.052 0.656 0.000 0.292
420500 0.052 0.656 0.000 0.292
421000 0.052 0.656 0.000 0.292
421500 0.052 0.656 0.000 0.292
422000 0.052 0.656 0.000 0.292
422500 0.052 0.656 0.000 0.292
423000 0.052 0.656 0.000 0.292
423500 0.052 0.656 0.000 0.292
424000 0.052 0.656 0.000 0.292
424500 0.052 0.656 0.000 0.292
425000 0.052 0.656 0.000 0.292
425500 0.052 0.656 0.000 0.292
426000 0.052 0.656 0.000 0.292
426500 0.052 0.656 0.000 0.292
427000 0.052 0.656 0.000 0.292
427500 0.052 0.656 0.000 0.292
428000 0.052 0.656 0.000 0.292
428500 0.052 0.656 0.000 0.292
429000 0.052 0.656 0.000 0.292
429500 0.052 0.656 0.000 0.292
430000 0.052 0.656 0.000 0.292
430500 0.052 0.656 0.000 0.292
431000 0.052 0.656 0.000 0.292
431500 0.052 0.656 0.000 0.292
432000 0.052 0.656 0.000 0.292
432500 0.052 0.656 0.000 0.292
433000 0.052 0.656 0.000 0.292
433500 0.052 0.656 0.000 0.292
434000 0.052 0.656 0.000 0.292
434500 0.052 0.656 0.000 0.292
435000 0.052 0.656 0.000 0.292
435500 0.052 0.656 0.000 0.292
436000 0.052 0.656 0.000 0.292
436500 0.052 0.656 0.000 0.292
437000 0.052 0.656 0.000 0.292
437500 0.052 0.656 0.000 0.292
438000 0.052 0.656 0.000 0.292
438500 0.052 0.656 0.000 0.292
439000 0.052 0.656 0.000 0.292
439500 0.052 0.656 0.000 0.292
440000 0.052 0.656 0.000 0.292
440500 0.052 0.656 0.000 0.292
441000 0.052 0.656 0.000 0.292
441500 0.052 0.656 0.000 0.292
442000 0.052 0.656 0.000 0.292
442500 0.052 0.656 0.000 0.292
443000 0.052 0.656 0.000 0.292
443500 0.052 0.656 0.000 0.292
444000 0.052 0.656 0.000 0.292
444500 0.052 0.656 0.000 0.292
445000 0.052 0.656 0.000 0.292
445500 0.052 0.656 0.000 0.292
446000 0.052 0.656 0.000 0.292
446500 0.052 0.656 0.000 0.292
447000 0.052 0.656 0.000 0.292
447500 0.052 0.656 0.000 0.292
448000 0.052 0.656 0.000 0.292
448500 0.052 0.656 0.000 0.292
449000 0.052 0.656 0.000 0.292
449500 0.052 0.656 0.000 0.292
450000 0.052 0.656 0.000 0.292
450500 0.052 0.656 0.000 0.292
451000 0.052 0.656 0.000 0.292
451500 0.052 0.656 0.000 0.292
452000 0.052 0.656 0.000 0.292
452500 0.052 0.656 0.000 0.292
453000 0.052 0.656 0.000 0.292
453500 0.052 0.656 0.000 0.292
454000 0.052 0.656 0.000 0.292
454500 0.052 0.656 0.000 0.292
455000 0.052 0.656 0.000 0.292
455500 0.052 0.656 0.000 0.292
456000 0.052 0.656 0.000 0.292
456500 0.052 0.656 0.000 0.292
457000 0.052 0.656 0.000 0.292
457500 0.052 0.656 0.000 0.292
458000 0.052 0.656 0.000 0.292
458500 0.052 0.656 0.000 0.292
459000 0.052 0.656 0.000 0.292
459500 0.052 0.656 0.000 0.292
460000 0.052 0.656 0.000 0.292
460500 0.052 0.656 0.000 0.292
461000 0.052 0.656 0.000 0.292
461500 0.052 0.656 0.000 0.292
462000 0.052 0.656 0.000 0.292
462500 0.052 0.656 0.000 0.292
463000 0.052 0.656 0.000 0.292
463500 0.052 0.656 0.000 0.292
464000 0.052 0.656 0.000 0.292
464500 0.052 0.656 0.000 0.292
465000 0.052 0.656 0.000 0.292
465500 0.052 0.656 0.000 0.292
466000 0.052 0.656 0.000 0.292
466500 0.052 0.656 0.000 0.292
467000 0.052 0.656 0.000 0.292
467500 0.052 0.656 0.000 0.292
468000 0.052 0.656 0.000 0.292
468500 0.052 0.656 0.000 0.292
469000 0.052 0.656 0.000 0.292
469500 0.052 0.656 0.000 0.292
470000 0.052 0.656 0.000 0.292
470500 0.052 0.656 0.000 0.292
471000 0.052 0.656 0.000 0.292
471500 0.052 0.656 0.000 0.292
472000 0.052 0.656 0.000 0.292
472500 0.052 0.656 0.000 0.292
473000 0.052 0.656 0.000 0.292
473500 0.052 0.656 0.000 0.292
474000 0.052 0.656 0.000 0.292
474500 0.052 0.656 0.000 0.292
475000 0.052 0.656 0.000 0.292
475500 0.052 0.656 0.000 0.292
476000 0.052 0.656 0.000 0.292
476500 0.052 0.656 0.000 0.292
477000 0.052 0.656 0.000 0.292
477500 0.052 0.656 0.000 0.292
478000 0.052 0.656 0.000 0.292
478500 0.052 0.656 0.000 0.292
479000 0.052 0.656 0.000 0.292
479500 0.052 0.656 0.000 0.292
480000 0.052 0.656 0.000 0.292
480500 0.052 0.656 0.000 0.292
481000 0.052 0.656 0.000 0.292
481500 0.052 0.656 0.000 0.292
482000 0.052 0.656 0.000 0.292
482500 0.052 0.656 0.000 0.292
483000 0.052 0.656 0.000 0.292
483500 0.052 0.656 0.000 0.292
484000 0.052 0.656 0.000 0.292
484500 0.052 0.656 0.000 0.292
485000 0.052 0.656 0.000 0.292
485500 0.052 0.656 0.000 0.292
486000 0.052 0.656 0.000 0.292
486500 0.052 0.656 0.000 0.292
487000 0.052 0.656 0.000 0.292
487500 0.052 0.656 0.000 0.292
488000 0.052 0.656 0.000 0.292
488500 0.052 0.656 0.000 0.292
489000 0.052 0.656 0.000 0.292
489500 0.052 0.656 0.000 0.292
490000 0.052 0.656 0.000 0.292
490500 0.052 0.656 0.000 0.292
491000 0.052 0.656 0.000 0.292
491500 0.052 0.656 0.000 0.292
492000 0.052 0.656 0.000 0.292
492500 0.052 0.656 0.000 0.292
493000 0.052 0.656 0.000 0.292
493500 0.052 0.656 0.000 0.292
494000 0.052 0.656 0.000 0.292
494500 0.052 0.656 0.000 0.292
495000 0.052 0.656 0.000 0.292
495500 0.052 0.656 0.000 0.292
496000 0.052 0.656 0.000 0.292
496500 0.052 0.656 0.000 0.292
497000 0.052 0.656 0.000 0.292
497500 0.052 0.656 0.000 0.292
498000 0.052 0.656 0.000 0.292
498500 0.052 0.656 0.000 0.292
499000 0.052 0.656 0.000 0.292
499500 0.052 0.656 0.000 0.292
500000 0.052 0.656 0.000 0.292
