000000 0.250 0.250 0.250 0.250
000500 0.121 0.525 0.000 0.354
001000 0.108 0.551 0.000 0.341
001500 0.100 0.573 0.000 0.327
002000 0.098 0.585 0.000 0.316
002500 0.096 0.592 0.000 0.312
003000 0.094 0.600 0.000 0.305
003500 0.095 0.604 0.000 0.301
004000 0.097 0.608 0.000 0.295
004500 0.090 0.616 0.000 0.293
005000 0.096 0.614 0.000 0.290
005500 0.099 0.616 0.000 0.285
006000 0.097 0.623 0.000 0.279
006500 0.097 0.628 0.000 0.275
007000 0.096 0.632 0.000 0.272
007500 0.095 0.636 0.000 0.269
008000 0.096 0.638 0.000 0.266
008500 0.096 0.641 0.000 0.263
009000 0.096 0.645 0.000 0.259
009500 0.099 0.644 0.000 0.257
010000 0.093 0.651 0.000 0.255
010500 0.093 0.653 0.000 0.253
011000 0.098 0.650 0.000 0.253
011500 0.094 0.655 0.000 0.252
012000 0.095 0.655 0.000 0.250
012500 0.094 0.657 0.000 0.249
013000 0.091 0.662 0.000 0.247
013500 0.090 0.664 0.000 0.245
014000 0.089 0.667 0.000 0.244
014500 0.090 0.667 0.000 0.243
015000 0.089 0.671 0.000 0.241
015500 0.090 0.671 0.000 0.240
016000 0.088 0.674 0.000 0.238
016500 0.087 0.677 0.000 0.237
017000 0.088 0.676 0.000 0.236
017500 0.087 0.679 0.000 0.233
018000 0.086 0.682 0.000 0.231
018500 0.086 0.684 0.000 0.230
019000 0.085 0.686 0.000 0.229
019500 0.088 0.683 0.000 0.229
020000 0.083 0.688 0.000 0.229
020500 0.083 0.687 0.000 0.229
021000 0.084 0.687 0.000 0.229
021500 0.084 0.688 0.000 0.228
022000 0.085 0.687 0.000 0.228
022500 0.087 0.686 0.000 0.228
023000 0.085 0.687 0.000 0.228
023500 0.083 0.690 0.000 0.227
024000 0.083 0.691 0.000 0.226
024500 0.089 0.686 0.000 0.226
025000 0.087 0.688 0.000 0.225
025500 0.083 0.694 0.000 0.224
026000 0.079 0.698 0.000 0.223
026500 0.082 0.697 0.000 0.221
027000 0.083 0.695 0.000 0.221
027500 0.082 0.697 0.000 0.221
028000 0.078 0.701 0.000 0.221
028500 0.083 0.696 0.000 0.221
029000 0.082 0.698 0.000 0.220
029500 0.078 0.702 0.000 0.220
030000 0.081 0.700 0.000 0.219
030500 0.081 0.700 0.000 0.219
031000 0.081 0.700 0.000 0.219
031500 0.081 0.700 0.000 0.219
032000 0.081 0.700 0.000 0.219
032500 0.081 0.700 0.000 0.219
033000 0.081 0.700 0.000 0.219
033500 0.081 0.700 0.000 0.219
034000 0.081 0.700 0.000 0.219
034500 0.081 0.700 0.000 0.219
035000 0.081 0.700 0.000 0.219
035500 0.081 0.700 0.000 0.219
036000 0.081 0.700 0.000 0.219
036500 0.081 0.700 0.000 0.219
037000 0.081 0.700 0.000 0.219
037500 0.081 0.700 0.000 0.219
038000 0.081 0.700 0.000 0.219
038500 0.081 0.700 0.000 0.219
039000 0.081 0.700 0.000 0.219
039500 0.081 0.700 0.000 0.219
040000 0.081 0.700 0.000 0.219
040500 0.081 0.700 0.000 0.219
041000 0.081 0.700 0.000 0.219
041500 0.081 0.700 0.000 0.219
042000 0.081 0.700 0.000 0.219
042500 0.081 0.700 0.000 0.219
043000 0.081 0.700 0.000 0.219
043500 0.081 0.700 0.000 0.219
044000 0.081 0.700 0.000 0.219
044500 0.081 0.700 0.000 0.219
045000 0.081 0.700 0.000 0.219
045500 0.081 0.700 0.000 0.219
046000 0.081 0.700 0.000 0.219
046500 0.081 0.700 0.000 0.219
047000 0.081 0.700 0.000 0.219
047500 0.081 0.700 0.000 0.219
048000 0.081 0.700 0.000 0.219
048500 0.081 0.700 0.000 0.219
049000 0.081 0.700 0.000 0.219
049500 0.081 0.700 0.000 0.219
050000 0.081 0.700 0.000 0.219
050500 0.081 0.700 0.000 0.219
051000 0.081 0.700 0.000 0.219
051500 0.081 0.700 0.000 0.219
052000 0.081 0.700 0.000 0.219
052500 0.081 0.700 0.000 0.219
053000 0.081 0.700 0.000 0.219
053500 0.081 0.700 0.000 0.219
054000 0.081 0.700 0.000 0.219
054500 0.081 0.700 0.000 0.219
055000 0.081 0.700 0.000 0.219
055500 0.081 0.700 0.000 0.219
056000 0.081 0.700 0.000 0.219
056500 0.081 0.700 0.000 0.219
057000 0.081 0.700 0.000 0.219
057500 0.081 0.700 0.000 0.219
058000 0.081 0.700 0.000 0.219
058500 0.081 0.700 0.000 0.219
059000 0.081 0.700 0.000 0.219
059500 0.081 0.700 0.000 0.219
060000 0.081 0.700 0.000 0.219
060500 0.081 0.700 0.000 0.219
061000 0.081 0.700 0.000 0.219
061500 0.081 0.700 0.000 0.219
062000 0.081 0.700 0.000 0.219
062500 0.081 0.700 0.000 0.219
063000 0.081 0.700 0.000 0.219
063500 0.081 0.700 0.000 0.219
064000 0.081 0.700 0.000 0.219
064500 0.081 0.700 0.000 0.219
065000 0.081 0.700 0.000 0.219
065500 0.081 0.700 0.000 0.219
066000 0.081 0.700 0.000 0.219
066500 0.081 0.700 0.000 0.219
067000 0.081 0.700 0.000 0.219
067500 0.081 0.700 0.000 0.219
068000 0.081 0.700 0.000 0.219
068500 0.081 0.700 0.000 0.219
069000 0.081 0.700 0.000 0.219
069500 0.081 0.700 0.000 0.219
070000 0.081 0.700 0.000 0.219
070500 0.081 0.700 0.000 0.219
071000 0.081 0.700 0.000 0.219
071500 0.081 0.700 0.000 0.219
072000 0.081 0.700 0.000 0.219
072500 0.081 0.700 0.000 0.219
073000 0.081 0.700 0.000 0.219
073500 0.081 0.700 0.000 0.219
074000 0.081 0.700 0.000 0.219
074500 0.081 0.700 0.000 0.219
075000 0.081 0.700 0.000 0.219
075500 0.081 0.700 0.000 0.219
076000 0.081 0.700 0.000 0.219
076500 0.081 0.700 0.000 0.219
077000 0.081 0.700 0.000 0.219
077500 0.081 0.700 0.000 0.219
078000 0.081 0.700 0.000 0.219
078500 0.081 0.700 0.000 0.219
079000 0.081 0.700 0.000 0.219
079500 0.081 0.700 0.000 0.219
080000 0.081 0.700 0.000 0.219
080500 0.081 0.700 0.000 0.219
081000 0.081 0.700 0.000 0.219
081500 0.081 0.700 0.000 0.219
082000 0.081 0.700 0.000 0.219
082500 0.081 0.700 0.000 0.219
083000 0.081 0.700 0.000 0.219
083500 0.081 0.700 0.000 0.219
084000 0.081 0.700 0.000 0.219
084500 0.081 0.700 0.000 0.219
085000 0.081 0.700 0.000 0.219
085500 0.081 0.700 0.000 0.219
086000 0.081 0.700 0.000 0.219
086500 0.081 0.700 0.000 0.219
087000 0.081 0.700 0.000 0.219
087500 0.081 0.700 0.000 0.219
088000 0.081 0.700 0.000 0.219
088500 0.081 0.700 0.000 0.219
089000 0.081 0.700 0.000 0.219
089500 0.081 0.700 0.000 0.219
090000 0.081 0.700 0.000 0.219
090500 0.081 0.700 0.000 0.219
091000 0.081 0.700 0.000 0.219
091500 0.081 0.700 0.000 0.219
092000 0.081 0.700 0.000 0.219
092500 0.081 0.700 0.000 0.219
093000 0.081 0.700 0.000 0.219
093500 0.081 0.700 0.000 0.219
094000 0.081 0.700 0.000 0.219
094500 0.081 0.700 0.000 0.219
095000 0.081 0.700 0.000 0.219
095500 0.081 0.700 0.000 0.219
096000 0.081 0.700 0.000 0.219
096500 0.081 0.700 0.000 0.219
097000 0.081 0.700 0.000 0.219
097500 0.081 0.700 0.000 0.219
098000 0.081 0.700 0.000 0.219
098500 0.081 0.700 0.000 0.219
099000 0.081 0.700 0.000 0.219
099500 0.081 0.700 0.000 0.219
100000 0.081 0.700 0.000 0.219
100500 0.081 0.700 0.000 0.219
101000 0.081 0.700 0.000 0.219
101500 0.081 0.700 0.000 0.219
102000 0.081 0.700 0.000 0.219
102500 0.081 0.700 0.000 0.219
103000 0.081 0.700 0.000 0.219
103500 0.081 0.700 0.000 0.219
104000 0.081 0.700 0.000 0.219
104500 0.081 0.700 0.000 0.219
105000 0.081 0.700 0.000 0.219
105500 0.081 0.700 0.000 0.219
106000 0.081 0.700 0.000 0.219
106500 0.081 0.700 0.000 0.219
107000 0.081 0.700 0.000 0.219
107500 0.081 0.700 0.000 0.219
108000 0.081 0.700 0.000 0.219
108500 0.081 0.700 0.000 0.219
109000 0.081 0.700 0.000 0.219
109500 0.081 0.700 0.000 0.219
110000 0.081 0.700 0.000 0.219
110500 0.081 0.700 0.000 0.219
111000 0.081 0.700 0.000 0.219
111500 0.081 0.700 0.000 0.219
112000 0.081 0.700 0.000 0.219
112500 0.081 0.700 0.000 0.219
113000 0.081 0.700 0.000 0.219
113500 0.081 0.700 0.000 0.219
114000 0.081 0.700 0.000 0.219
114500 0.081 0.700 0.000 0.219
115000 0.081 0.700 0.000 0.219
115500 0.081 0.700 0.000 0.219
116000 0.081 0.700 0.000 0.219
116500 0.081 0.700 0.000 0.219
117000 0.081 0.700 0.000 0.219
117500 0.081 0.700 0.000 0.219
118000 0.081 0.700 0.000 0.219
118500 0.081 0.700 0.000 0.219
119000 0.081 0.700 0.000 0.219
119500 0.081 0.700 0.000 0.219
120000 0.081 0.700 0.000 0.219
120500 0.081 0.700 0.000 0.219
121000 0.081 0.700 0.000 0.219
121500 0.081 0.700 0.000 0.219
122000 0.081 0.700 0.000 0.219
122500 0.081 0.700 0.000 0.219
123000 0.081 0.700 0.000 0.219
123500 0.081 0.700 0.000 0.219
124000 0.081 0.700 0.000 0.219
124500 0.081 0.700 0.000 0.219
125000 0.081 0.700 0.000 0.219
125500 0.081 0.700 0.000 0.219
126000 0.081 0.700 0.000 0.219
126500 0.081 0.700 0.000 0.219
127000 0.081 0.700 0.000 0.219
127500 0.081 0.700 0.000 0.219
128000 0.081 0.700 0.000 0.219
128500 0.081 0.700 0.000 0.219
129000 0.081 0.700 0.000 0.219
129500 0.081 0.700 0.000 0.219
130000 0.081 0.700 0.000 0.219
130500 0.081 0.700 0.000 0.219
131000 0.081 0.700 0.000 0.219
131500 0.081 0.700 0.000 0.219
132000 0.081 0.700 0.000 0.219
132500 0.081 0.700 0.000 0.219
133000 0.081 0.700 0.000 0.219
133500 0.081 0.700 0.000 0.219
134000 0.081 0.700 0.000 0.219
134500 0.081 0.700 0.000 0.219
135000 0.081 0.700 0.000 0.219
135500 0.081 0.700 0.000 0.219
136000 0.081 0.700 0.000 0.219
136500 0.081 0.700 0.000 0.219
137000 0.081 0.700 0.000 0.219
137500 0.081 0.700 0.000 0.219
138000 0.081 0.700 0.000 0.219
138500 0.081 0.700 0.000 0.219
139000 0.081 0.700 0.000 0.219
139500 0.081 0.700 0.000 0.219
140000 0.081 0.700 0.000 0.219
140500 0.081 0.700 0.000 0.219
141000 0.081 0.700 0.000 0.219
141500 0.081 0.700 0.000 0.219
142000 0.081 0.700 0.000 0.219
142500 0.081 0.700 0.000 0.219
143000 0.081 0.700 0.000 0.219
143500 0.081 0.700 0.000 0.219
144000 0.081 0.700 0.000 0.219
144500 0.081 0.700 0.000 0.219
145000 0.081 0.700 0.000 0.219
145500 0.081 0.700 0.000 0.219
146000 0.081 0.700 0.000 0.219
146500 0.081 0.700 0.000 0.219
147000 0.081 0.700 0.000 0.219
147500 0.081 0.700 0.000 0.219
148000 0.081 0.700 0.000 0.219
148500 0.081 0.700 0.000 0.219
149000 0.081 0.700 0.000 0.219
149500 0.081 0.700 0.000 0.219
150000 0.081 0.700 0.000 0.219
150500 0.081 0.700 0.000 0.219
151000 0.081 0.700 0.000 0.219
151500 0.081 0.700 0.000 0.219
152000 0.081 0.700 0.000 0.219
152500 0.081 0.700 0.000 0.219
153000 0.081 0.700 0.000 0.219
153500 0.081 0.700 0.000 0.219
154000 0.081 0.700 0.000 0.219
154500 0.081 0.700 0.000 0.219
155000 0.081 0.700 0.000 0.219
155500 0.081 0.700 0.000 0.219
156000 0.081 0.700 0.000 0.219
156500 0.081 0.700 0.000 0.219
157000 0.081 0.700 0.000 0.219
157500 0.081 0.700 0.000 0.219
158000 0.081 0.700 0.000 0.219
158500 0.081 0.700 0.000 0.219
159000 0.081 0.700 0.000 0.219
159500 0.081 0.700 0.000 0.219
160000 0.081 0.700 0.000 0.219
160500 0.081 0.700 0.000 0.219
161000 0.081 0.700 0.000 0.219
161500 0.081 0.700 0.000 0.219
162000 0.081 0.700 0.000 0.219
162500 0.081 0.700 0.000 0.219
163000 0.081 0.700 0.000 0.219
163500 0.081 0.700 0.000 0.219
164000 0.081 0.700 0.000 0.219
164500 0.081 0.700 0.000 0.219
165000 0.081 0.700 0.000 0.219
165500 0.081 0.700 0.000 0.219
166000 0.081 0.700 0.000 0.219
166500 0.081 0.700 0.000 0.219
167000 0.081 0.700 0.000 0.219
167500 0.081 0.700 0.000 0.219
168000 0.081 0.700 0.000 0.219
168500 0.081 0.700 0.000 0.219
169000 0.081 0.700 0.000 0.219
169500 0.081 0.700 0.000 0.219
170000 0.081 0.700 0.000 0.219
170500 0.081 0.700 0.000 0.219
171000 0.081 0.700 0.000 0.219
171500 0.081 0.700 0.000 0.219
172000 0.081 0.700 0.000 0.219
172500 0.081 0.700 0.000 0.219
173000 0.081 0.700 0.000 0.219
173500 0.081 0.700 0.000 0.219
174000 0.081 0.700 0.000 0.219
174500 0.081 0.700 0.000 0.219
175000 0.081 0.700 0.000 0.219
175500 0.081 0.700 0.000 0.219
176000 0.081 0.700 0.000 0.219
176500 0.081 0.700 0.000 0.219
177000 0.081 0.700 0.000 0.219
177500 0.081 0.700 0.000 0.219
178000 0.081 0.700 0.000 0.219
178500 0.081 0.700 0.000 0.219
179000 0.081 0.700 0.000 0.219
179500 0.081 0.700 0.000 0.219
180000 0.081 0.700 0.000 0.219
180500 0.081 0.700 0.000 0.219
181000 0.081 0.700 0.000 0.219
181500 0.081 0.700 0.000 0.219
182000 0.081 0.700 0.000 0.219
182500 0.081 0.700 0.000 0.219
183000 0.081 0.700 0.000 0.219
183500 0.081 0.700 0.000 0.219
184000 0.081 0.700 0.000 0.219
184500 0.081 0.700 0.000 0.219
185000 0.081 0.700 0.000 0.219
185500 0.081 0.700 0.000 0.219
186000 0.081 0.700 0.000 0.219
186500 0.081 0.700 0.000 0.219
187000 0.081 0.700 0.000 0.219
187500 0.081 0.700 0.000 0.219
188000 0.081 0.700 0.000 0.219
188500 0.081 0.700 0.000 0.219
189000 0.081 0.700 0.000 0.219
189500 0.081 0.700 0.000 0.219
190000 0.081 0.700 0.000 0.219
190500 0.081 0.700 0.000 0.219
191000 0.081 0.700 0.000 0.219
191500 0.081 0.700 0.000 0.219
192000 0.081 0.700 0.000 0.219
192500 0.081 0.700 0.000 0.219
193000 0.081 0.700 0.000 0.219
193500 0.081 0.700 0.000 0.219
194000 0.081 0.700 0.000 0.219
194500 0.081 0.700 0.000 0.219
195000 0.081 0.700 0.000 0.219
195500 0.081 0.700 0.000 0.219
196000 0.081 0.700 0.000 0.219
196500 0.081 0.700 0.000 0.219
197000 0.081 0.700 0.000 0.219
197500 0.081 0.700 0.000 0.219
198000 0.081 0.700 0.000 0.219
198500 0.081 0.700 0.000 0.219
199000 0.081 0.700 0.000 0.219
199500 0.081 0.700 0.000 0.219
200000 0.081 0.700 0.000 0.219
200500 0.081 0.700 0.000 0.219
201000 0.081 0.700 0.000 0.219
201500 0.081 0.700 0.000 0.219
202000 0.081 0.700 0.000 0.219
202500 0.081 0.700 0.000 0.219
203000 0.081 0.700 0.000 0.219
203500 0.081 0.700 0.000 0.219
204000 0.081 0.700 0.000 0.219
204500 0.081 0.700 0.000 0.219
205000 0.081 0.700 0.000 0.219
205500 0.081 0.700 0.000 0.219
206000 0.081 0.700 0.000 0.219
206500 0.081 0.700 0.000 0.219
207000 0.081 0.700 0.000 0.219
207500 0.081 0.700 0.000 0.219
208000 0.081 0.700 0.000 0.219
208500 0.081 0.700 0.000 0.219
209000 0.081 0.700 0.000 0.219
209500 0.081 0.700 0.000 0.219
210000 0.081 0.700 0.000 0.219
210500 0.081 0.700 0.000 0.219
211000 0.081 0.700 0.000 0.219
211500 0.081 0.700 0.000 0.219
212000 0.081 0.700 0.000 0.219
212500 0.081 0.700 0.000 0.219
213000 0.081 0.700 0.000 0.219
213500 0.081 0.700 0.000 0.219
214000 0.081 0.700 0.000 0.219
214500 0.081 0.700 0.000 0.219
215000 0.081 0.700 0.000 0.219
215500 0.081 0.700 0.000 0.219
216000 0.081 0.700 0.000 0.219
216500 0.081 0.700 0.000 0.219
217000 0.081 0.700 0.000 0.219
217500 0.081 0.700 0.000 0.219
218000 0.081 0.700 0.000 0.219
218500 0.081 0.700 0.000 0.219
219000 0.081 0.700 0.000 0.219
219500 0.081 0.700 0.000 0.219
220000 0.081 0.700 0.000 0.219
220500 0.081 0.700 0.000 0.219
221000 0.081 0.700 0.000 0.219
221500 0.081 0.700 0.000 0.219
222000 0.081 0.700 0.000 0.219
222500 0.081 0.700 0.000 0.219
223000 0.081 0.700 0.000 0.219
223500 0.081 0.700 0.000 0.219
224000 0.081 0.700 0.000 0.219
224500 0.081 0.700 0.000 0.219
225000 0.081 0.700 0.000 0.219
225500 0.081 0.700 0.000 0.219
226000 0.081 0.700 0.000 0.219
226500 0.081 0.700 0.000 0.219
227000 0.081 0.700 0.000 0.219
227500 0.081 0.700 0.000 0.219
228000 0.081 0.700 0.000 0.219
228500 0.081 0.700 0.000 0.219
229000 0.081 0.700 0.000 0.219
229500 0.081 0.700 0.000 0.219
230000 0.081 0.700 0.000 0.219
230500 0.081 0.700 0.000 0.219
231000 0.081 0.700 0.000 0.219
231500 0.081 0.700 0.000 0.219
232000 0.081 0.700 0.000 0.219
232500 0.081 0.700 0.000 0.219
233000 0.081 0.700 0.000 0.219
233500 0.081 0.700 0.000 0.219
234000 0.081 0.700 0.000 0.219
234500 0.081 0.700 0.000 0.219
235000 0.081 0.700 0.000 0.219
235500 0.081 0.700 0.000 0.219
236000 0.081 0.700 0.000 0.219
236500 0.081 0.700 0.000 0.219
237000 0.081 0.700 0.000 0.219
237500 0.081 0.700 0.000 0.219
238000 0.081 0.700 0.000 0.219
238500 0.081 0.700 0.000 0.219
239000 0.081 0.700 0.000 0.219
239500 0.081 0.700 0.000 0.219
240000 0.081 0.700 0.000 0.219
240500 0.081 0.700 0.000 0.219
241000 0.081 0.700 0.000 0.219
241500 0.081 0.700 0.000 0.219
242000 0.081 0.700 0.000 0.219
242500 0.081 0.700 0.000 0.219
243000 0.081 0.700 0.000 0.219
243500 0.081 0.700 0.000 0.219
244000 0.081 0.700 0.000 0.219
244500 0.081 0.700 0.000 0.219
245000 0.081 0.700 0.000 0.219
245500 0.081 0.700 0.000 0.219
246000 0.081 0.700 0.000 0.219
246500 0.081 0.700 0.000 0.219
247000 0.081 0.700 0.000 0.219
247500 0.081 0.700 0.000 0.219
248000 0.081 0.700 0.000 0.219
248500 0.081 0.700 0.000 0.219
249000 0.081 0.700 0.000 0.219
249500 0.081 0.700 0.000 0.219
250000 0.081 0.700 0.000 0.219
250500 0.081 0.700 0.000 0.219
251000 0.081 0.700 0.000 0.219
251500 0.081 0.700 0.000 0.219
252000 0.081 0.700 0.000 0.219
252500 0.081 0.700 0.000 0.219
253000 0.081 0.700 0.000 0.219
253500 0.081 0.700 0.000 0.219
254000 0.081 0.700 0.000 0.219
254500 0.081 0.700 0.000 0.219
255000 0.081 0.700 0.000 0.219
255500 0.081 0.700 0.000 0.219
256000 0.081 0.700 0.000 0.219
256500 0.081 0.700 0.000 0.219
257000 0.081 0.700 0.000 0.219
257500 0.081 0.700 0.000 0.219
258000 0.081 0.700 0.000 0.219
258500 0.081 0.700 0.000 0.219
259000 0.081 0.700 0.000 0.219
259500 0.081 0.700 0.000 0.219
260000 0.081 0.700 0.000 0.219
260500 0.081 0.700 0.000 0.219
261000 0.081 0.700 0.000 0.219
261500 0.081 0.700 0.000 0.219
262000 0.081 0.700 0.000 0.219
262500 0.081 0.700 0.000 0.219
263000 0.081 0.700 0.000 0.219
263500 0.081 0.700 0.000 0.219
264000 0.081 0.700 0.000 0.219
264500 0.081 0.700 0.000 0.219
265000 0.081 0.700 0.000 0.219
265500 0.081 0.700 0.000 0.219
266000 0.081 0.700 0.000 0.219
266500 0.081 0.700 0.000 0.219
267000 0.081 0.700 0.000 0.219
267500 0.081 0.700 0.000 0.219
268000 0.081 0.700 0.000 0.219
268500 0.081 0.700 0.000 0.219
269000 0.081 0.700 0.000 0.219
269500 0.081 0.700 0.000 0.219
270000 0.081 0.700 0.000 0.219
270500 0.081 0.700 0.000 0.219
271000 0.081 0.700 0.000 0.219
271500 0.081 0.700 0.000 0.219
272000 0.081 0.700 0.000 0.219
272500 0.081 0.700 0.000 0.219
273000 0.081 0.700 0.000 0.219
273500 0.081 0.700 0.000 0.219
274000 0.081 0.700 0.000 0.219
274500 0.081 0.700 0.000 0.219
275000 0.081 0.700 0.000 0.219
275500 0.081 0.700 0.000 0.219
276000 0.081 0.700 0.000 0.219
276500 0.081 0.700 0.000 0.219
277000 0.081 0.700 0.000 0.219
277500 0.081 0.700 0.000 0.219
278000 0.081 0.700 0.000 0.219
278500 0.081 0.700 0.000 0.219
279000 0.081 0.700 0.000 0.219
279500 0.081 0.700 0.000 0.219
280000 0.081 0.700 0.000 0.219
280500 0.081 0.700 0.000 0.219
281000 0.081 0.700 0.000 0.219
281500 0.081 0.700 0.000 0.219
282000 0.081 0.700 0.000 0.219
282500 0.081 0.700 0.000 0.219
283000 0.081 0.700 0.000 0.219
283500 0.081 0.700 0.000 0.219
284000 0.081 0.700 0.000 0.219
284500 0.081 0.700 0.000 0.219
285000 0.081 0.700 0.000 0.219
285500 0.081 0.700 0.000 0.219
286000 0.081 0.700 0.000 0.219
286500 0.081 0.700 0.000 0.219
287000 0.081 0.700 0.000 0.219
287500 0.081 0.700 0.000 0.219
288000 0.081 0.700 0.000 0.219
288500 0.081 0.700 0.000 0.219
289000 0.081 0.700 0.000 0.219
289500 0.081 0.700 0.000 0.219
290000 0.081 0.700 0.000 0.219
290500 0.081 0.700 0.000 0.219
291000 0.081 0.700 0.000 0.219
291500 0.081 0.700 0.000 0.219
292000 0.081 0.700 0.000 0.219
292500 0.081 0.700 0.000 0.219
293000 0.081 0.700 0.000 0.219
293500 0.081 0.700 0.000 0.219
294000 0.081 0.700 0.000 0.219
294500 0.081 0.700 0.000 0.219
295000 0.081 0.700 0.000 0.219
295500 0.081 0.700 0.000 0.219
296000 0.081 0.700 0.000 0.219
296500 0.081 0.700 0.000 0.219
297000 0.081 0.700 0.000 0.219
297500 0.081 0.700 0.000 0.219
298000 0.081 0.700 0.000 0.219
298500 0.081 0.700 0.000 0.219
299000 0.081 0.700 0.000 0.219
299500 0.081 0.700 0.000 0.219
300000 0.081 0.700 0.000 0.219
300500 0.081 0.700 0.000 0.219
301000 0.081 0.700 0.000 0.219
301500 0.081 0.700 0.000 0.219
302000 0.081 0.700 0.000 0.219
302500 0.081 0.700 0.000 0.219
303000 0.081 0.700 0.000 0.219
303500 0.081 0.700 0.000 0.219
304000 0.081 0.700 0.000 0.219
304500 0.081 0.700 0.000 0.219
305000 0.081 0.700 0.000 0.219
305500 0.081 0.700 0.000 0.219
306000 0.081 0.700 0.000 0.219
306500 0.081 0.700 0.000 0.219
307000 0.081 0.700 0.000 0.219
307500 0.081 0.700 0.000 0.219
308000 0.081 0.700 0.000 0.219
308500 0.081 0.700 0.000 0.219
309000 0.081 0.700 0.000 0.219
309500 0.081 0.700 0.000 0.219
310000 0.081 0.700 0.000 0.219
310500 0.081 0.700 0.000 0.219
311000 0.081 0.700 0.000 0.219
311500 0.081 0.700 0.000 0.219
312000 0.081 0.700 0.000 0.219
312500 0.081 0.700 0.000 0.219
313000 0.081 0.700 0.000 0.219
313500 0.081 0.700 0.000 0.219
314000 0.081 0.700 0.000 0.219
314500 0.081 0.700 0.000 0.219
315000 0.081 0.700 0.000 0.219
315500 0.081 0.700 0.000 0.219
316000 0.081 0.700 0.000 0.219
316500 0.081 0.700 0.000 0.219
317000 0.081 0.700 0.000 0.219
317500 0.081 0.700 0.000 0.219
318000 0.081 0.700 0.000 0.219
318500 0.081 0.700 0.000 0.219
319000 0.081 0.700 0.000 0.219
319500 0.081 0.700 0.000 0.219
320000 0.081 0.700 0.000 0.219
320500 0.081 0.700 0.000 0.219
321000 0.081 0.700 0.000 0.219
321500 0.081 0.700 0.000 0.219
322000 0.081 0.700 0.000 0.219
322500 0.081 0.700 0.000 0.219
323000 0.081 0.700 0.000 0.219
323500 0.081 0.700 0.000 0.219
324000 0.081 0.700 0.000 0.219
324500 0.081 0.700 0.000 0.219
325000 0.081 0.700 0.000 0.219
325500 0.081 0.700 0.000 0.219
326000 0.081 0.700 0.000 0.219
326500 0.081 0.700 0.000 0.219
327000 0.081 0.700 0.000 0.219
327500 0.081 0.700 0.000 0.219
328000 0.081 0.700 0.000 0.219
328500 0.081 0.700 0.000 0.219
329000 0.081 0.700 0.000 0.219
329500 0.081 0.700 0.000 0.219
330000 0.081 0.700 0.000 0.219
330500 0.081 0.700 0.000 0.219
331000 0.081 0.700 0.000 0.219
331500 0.081 0.700 0.000 0.219
332000 0.081 0.700 0.000 0.219
332500 0.081 0.700 0.000 0.219
333000 0.081 0.700 0.000 0.219
333500 0.081 0.700 0.000 0.219
334000 0.081 0.700 0.000 0.219
334500 0.081 0.700 0.000 0.219
335000 0.081 0.700 0.000 0.219
335500 0.081 0.700 0.000 0.219
336000 0.081 0.700 0.000 0.219
336500 0.081 0.700 0.000 0.219
337000 0.081 0.700 0.000 0.219
337500 0.081 0.700 0.000 0.219
338000 0.081 0.700 0.000 0.219
338500 0.081 0.700 0.000 0.219
339000 0.081 0.700 0.000 0.219
339500 0.081 0.700 0.000 0.219
340000 0.081 0.700 0.000 0.219
340500 0.081 0.700 0.000 0.219
341000 0.081 0.700 0.000 0.219
341500 0.081 0.700 0.000 0.219
342000 0.081 0.700 0.000 0.219
342500 0.081 0.700 0.000 0.219
343000 0.081 0.700 0.000 0.219
343500 0.081 0.700 0.000 0.219
344000 0.081 0.700 0.000 0.219
344500 0.081 0.700 0.000 0.219
345000 0.081 0.700 0.000 0.219
345500 0.081 0.700 0.000 0.219
346000 0.081 0.700 0.000 0.219
346500 0.081 0.700 0.000 0.219
347000 0.081 0.700 0.000 0.219
347500 0.081 0.700 0.000 0.219
348000 0.081 0.700 0.000 0.219
348500 0.081 0.700 0.000 0.219
349000 0.081 0.700 0.000 0.219
349500 0.081 0.700 0.000 0.219
350000 0.081 0.700 0.000 0.219
350500 0.081 0.700 0.000 0.219
351000 0.081 0.700 0.000 0.219
351500 0.081 0.700 0.000 0.219
352000 0.081 0.700 0.000 0.219
352500 0.081 0.700 0.000 0.219
353000 0.081 0.700 0.000 0.219
353500 0.081 0.700 0.000 0.219
354000 0.081 0.700 0.000 0.219
354500 0.081 0.700 0.000 0.219
355000 0.081 0.700 0.000 0.219
355500 0.081 0.700 0.000 0.219
356000 0.081 0.700 0.000 0.219
356500 0.081 0.700 0.000 0.219
357000 0.081 0.700 0.000 0.219
357500 0.081 0.700 0.000 0.219
358000 0.081 0.700 0.000 0.219
358500 0.081 0.700 0.000 0.219
359000 0.081 0.700 0.000 0.219
359500 0.081 0.700 0.000 0.219
360000 0.081 0.700 0.000 0.219
360500 0.081 0.700 0.000 0.219
361000 0.081 0.700 0.000 0.219
361500 0.081 0.700 0.000 0.219
362000 0.081 0.700 0.000 0.219
362500 0.081 0.700 0.000 0.219
363000 0.081 0.700 0.000 0.219
363500 0.081 0.700 0.000 0.219
364000 0.081 0.700 0.000 0.219
364500 0.081 0.700 0.000 0.219
365000 0.081 0.700 0.000 0.219
365500 0.081 0.700 0.000 0.219
366000 0.081 0.700 0.000 0.219
366500 0.081 0.700 0.000 0.219
367000 0.081 0.700 0.000 0.219
367500 0.081 0.700 0.000 0.219
368000 0.081 0.700 0.000 0.219
368500 0.081 0.700 0.000 0.219
369000 0.081 0.700 0.000 0.219
369500 0.081 0.700 0.000 0.219
370000 0.081 0.700 0.000 0.219
370500 0.081 0.700 0.000 0.219
371000 0.081 0.700 0.000 0.219
371500 0.081 0.700 0.000 0.219
372000 0.081 0.700 0.000 0.219
372500 0.081 0.700 0.000 0.219
373000 0.081 0.700 0.000 0.219
373500 0.081 0.700 0.000 0.219
374000 0.081 0.700 0.000 0.219
374500 0.081 0.700 0.000 0.219
375000 0.081 0.700 0.000 0.219
375500 0.081 0.700 0.000 0.219
376000 0.081 0.700 0.000 0.219
376500 0.081 0.700 0.000 0.219
377000 0.081 0.700 0.000 0.219
377500 0.081 0.700 0.000 0.219
378000 0.081 0.700 0.000 0.219
378500 0.081 0.700 0.000 0.219
379000 0.081 0.700 0.000 0.219
379500 0.081 0.700 0.000 0.219
380000 0.081 0.700 0.000 0.219
380500 0.081 0.700 0.000 0.219
381000 0.081 0.700 0.000 0.219
381500 0.081 0.700 0.000 0.219
382000 0.081 0.700 0.000 0.219
382500 0.081 0.700 0.000 0.219
383000 0.081 0.700 0.000 0.219
383500 0.081 0.700 0.000 0.219
384000 0.081 0.700 0.000 0.219
384500 0.081 0.700 0.000 0.219
385000 0.081 0.700 0.000 0.219
385500 0.081 0.700 0.000 0.219
386000 0.081 0.700 0.000 0.219
386500 0.081 0.700 0.000 0.219
387000 0.081 0.700 0.000 0.219
387500 0.081 0.700 0.000 0.219
388000 0.081 0.700 0.000 0.219
388500 0.081 0.700 0.000 0.219
389000 0.081 0.700 0.000 0.219
389500 0.081 0.700 0.000 0.219
390000 0.081 0.700 0.000 0.219
390500 0.081 0.700 0.000 0.219
391000 0.081 0.700 0.000 0.219
391500 0.081 0.700 0.000 0.219
392000 0.081 0.700 0.000 0.219
392500 0.081 0.700 0.000 0.219
393000 0.081 0.700 0.000 0.219
393500 0.081 0.700 0.000 0.219
394000 0.081 0.700 0.000 0.219
394500 0.081 0.700 0.000 0.219
395000 0.081 0.700 0.000 0.219
395500 0.081 0.700 0.000 0.219
396000 0.081 0.700 0.000 0.219
396500 0.081 0.700 0.000 0.219
397000 0.081 0.700 0.000 0.219
397500 0.081 0.700 0.000 0.219
398000 0.081 0.700 0.000 0.219
398500 0.081 0.700 0.000 0.219
399000 0.081 0.700 0.000 0.219
399500 0.081 0.700 0.000 0.219
400000 0.081 0.700 0.000 0.219
400500 0.081 0.700 0.000 0.219
401000 0.081 0.700 0.000 0.219
401500 0.081 0.700 0.000 0.219
402000 0.081 0.700 0.000 0.219
402500 0.081 0.700 0.000 0.219
403000 0.081 0.700 0.000 0.219
403500 0.081 0.700 0.000 0.219
404000 0.081 0.700 0.000 0.219
404500 0.081 0.700 0.000 0.219
405000 0.081 0.700 0.000 0.219
405500 0.081 0.700 0.000 0.219
406000 0.081 0.700 0.000 0.219
406500 0.081 0.700 0.000 0.219
407000 0.081 0.700 0.000 0.219
407500 0.081 0.700 0.000 0.219
408000 0.081 0.700 0.000 0.219
408500 0.081 0.700 0.000 0.219
409000 0.081 0.700 0.000 0.219
409500 0.081 0.700 0.000 0.219
410000 0.081 0.700 0.000 0.219
410500 0.081 0.700 0.000 0.219
411000 0.081 0.700 0.000 0.219
411500 0.081 0.700 0.000 0.219
412000 0.081 0.700 0.000 0.219
412500 0.081 0.700 0.000 0.219
413000 0.081 0.700 0.000 0.219
413500 0.081 0.700 0.000 0.219
414000 0.081 0.700 0.000 0.219
414500 0.081 0.700 0.000 0.219
415000 0.081 0.700 0.000 0.219
415500 0.081 0.700 0.000 0.219
416000 0.081 0.700 0.000 0.219
416500 0.081 0.700 0.000 0.219
417000 0.081 0.700 0.000 0.219
417500 0.081 0.700 0.000 0.219
418000 0.081 0.700 0.000 0.219
418500 0.081 0.700 0.000 0.219
419000 0.081 0.700 0.000 0.219
419500 0.081 0.700 0.000 0.219
420000 0.081 0.700 0.000 0.219
420500 0.081 0.700 0.000 0.219
421000 0.081 0.700 0.000 0.219
421500 0.081 0.700 0.000 0.219
422000 0.081 0.700 0.000 0.219
422500 0.081 0.700 0.000 0.219
423000 0.081 0.700 0.000 0.219
423500 0.081 0.700 0.000 0.219
424000 0.081 0.700 0.000 0.219
424500 0.081 0.700 0.000 0.219
425000 0.081 0.700 0.000 0.219
425500 0.081 0.700 0.000 0.219
426000 0.081 0.700 0.000 0.219
426500 0.081 0.700 0.000 0.219
427000 0.081 0.700 0.000 0.219
427500 0.081 0.700 0.000 0.219
428000 0.081 0.700 0.000 0.219
428500 0.081 0.700 0.000 0.219
429000 0.081 0.700 0.000 0.219
429500 0.081 0.700 0.000 0.219
430000 0.081 0.700 0.000 0.219
430500 0.081 0.700 0.000 0.219
431000 0.081 0.700 0.000 0.219
431500 0.081 0.700 0.000 0.219
432000 0.081 0.700 0.000 0.219
432500 0.081 0.700 0.000 0.219
433000 0.081 0.700 0.000 0.219
433500 0.081 0.700 0.000 0.219
434000 0.081 0.700 0.000 0.219
434500 0.081 0.700 0.000 0.219
435000 0.081 0.700 0.000 0.219
435500 0.081 0.700 0.000 0.219
436000 0.081 0.700 0.000 0.219
436500 0.081 0.700 0.000 0.219
437000 0.081 0.700 0.000 0.219
437500 0.081 0.700 0.000 0.219
438000 0.081 0.700 0.000 0.219
438500 0.081 0.700 0.000 0.219
439000 0.081 0.700 0.000 0.219
439500 0.081 0.700 0.000 0.219
440000 0.081 0.700 0.000 0.219
440500 0.081 0.700 0.000 0.219
441000 0.081 0.700 0.000 0.219
441500 0.081 0.700 0.000 0.219
442000 0.081 0.700 0.000 0.219
442500 0.081 0.700 0.000 0.219
443000 0.081 0.700 0.000 0.219
443500 0.081 0.700 0.000 0.219
444000 0.081 0.700 0.000 0.219
444500 0.081 0.700 0.000 0.219
445000 0.081 0.700 0.000 0.219
445500 0.081 0.700 0.000 0.219
446000 0.081 0.700 0.000 0.219
446500 0.081 0.700 0.000 0.219
447000 0.081 0.700 0.000 0.219
447500 0.081 0.700 0.000 0.219
448000 0.081 0.700 0.000 0.219
448500 0.081 0.700 0.000 0.219
449000 0.081 0.700 0.000 0.219
449500 0.081 0.700 0.000 0.219
450000 0.081 0.700 0.000 0.219
450500 0.081 0.700 0.000 0.219
451000 0.081 0.700 0.000 0.219
451500 0.081 0.700 0.000 0.219
452000 0.081 0.700 0.000 0.219
452500 0.081 0.700 0.000 0.219
453000 0.081 0.700 0.000 0.219
453500 0.081 0.700 0.000 0.219
454000 0.081 0.700 0.000 0.219
454500 0.081 0.700 0.000 0.219
455000 0.081 0.700 0.000 0.219
455500 0.081 0.700 0.000 0.219
456000 0.081 0.700 0.000 0.219
456500 0.081 0.700 0.000 0.219
457000 0.081 0.700 0.000 0.219
457500 0.081 0.700 0.000 0.219
458000 0.081 0.700 0.000 0.219
458500 0.081 0.700 0.000 0.219
459000 0.081 0.700 0.000 0.219
459500 0.081 0.700 0.000 0.219
460000 0.081 0.700 0.000 0.219
460500 0.081 0.700 0.000 0.219
461000 0.081 0.700 0.000 0.219
461500 0.081 0.700 0.000 0.219
462000 0.081 0.700 0.000 0.219
462500 0.081 0.700 0.000 0.219
463000 0.081 0.700 0.000 0.219
463500 0.081 0.700 0.000 0.219
464000 0.081 0.700 0.000 0.219
464500 0.081 0.700 0.000 0.219
465000 0.081 0.700 0.000 0.219
465500 0.081 0.700 0.000 0.219
466000 0.081 0.700 0.000 0.219
466500 0.081 0.700 0.000 0.219
467000 0.081 0.700 0.000 0.219
467500 0.081 0.700 0.000 0.219
468000 0.081 0.700 0.000 0.219
468500 0.081 0.700 0.000 0.219
469000 0.081 0.700 0.000 0.219
469500 0.081 0.700 0.000 0.219
470000 0.081 0.700 0.000 0.219
470500 0.081 0.700 0.000 0.219
471000 0.081 0.700 0.000 0.219
471500 0.081 0.700 0.000 0.219
472000 0.081 0.700 0.000 0.219
472500 0.081 0.700 0.000 0.219
473000 0.081 0.700 0.000 0.219
473500 0.081 0.700 0.000 0.219
474000 0.081 0.700 0.000 0.219
474500 0.081 0.700 0.000 0.219
475000 0.081 0.700 0.000 0.219
475500 0.081 0.700 0.000 0.219
476000 0.081 0.700 0.000 0.219
476500 0.081 0.700 0.000 0.219
477000 0.081 0.700 0.000 0.219
477500 0.081 0.700 0.000 0.219
478000 0.081 0.700 0.000 0.219
478500 0.081 0.700 0.000 0.219
479000 0.081 0.700 0.000 0.219
479500 0.081 0.700 0.000 0.219
480000 0.081 0.700 0.000 0.219
480500 0.081 0.700 0.000 0.219
481000 0.081 0.700 0.000 0.219
481500 0.081 0.700 0.000 0.219
482000 0.081 0.700 0.000 0.219
482500 0.081 0.700 0.000 0.219
483000 0.081 0.700 0.000 0.219
483500 0.081 0.700 0.000 0.219
484000 0.081 0.700 0.000 0.219
484500 0.081 0.700 0.000 0.219
485000 0.081 0.700 0.000 0.219
485500 0.081 0.700 0.000 0.219
486000 0.081 0.700 0.000 0.219
486500 0.081 0.700 0.000 0.219
487000 0.081 0.700 0.000 0.219
487500 0.081 0.700 0.000 0.219
488000 0.081 0.700 0.000 0.219
488500 0.081 0.700 0.000 0.219
489000 0.081 0.700 0.000 0.219
489500 0.081 0.700 0.000 0.219
490000 0.081 0.700 0.000 0.219
490500 0.081 0.700 0.000 0.219
491000 0.081 0.700 0.000 0.219
491500 0.081 0.700 0.000 0.219
492000 0.081 0.700 0.000 0.219
492500 0.081 0.700 0.000 0.219
493000 0.081 0.700 0.000 0.219
493500 0.081 0.700 0.000 0.219
494000 0.081 0.700 0.000 0.219
494500 0.081 0.700 0.000 0.219
495000 0.081 0.700 0.000 0.219
495500 0.081 0.700 0.000 0.219
496000 0.081 0.700 0.000 0.219
496500 0.081 0.700 0.000 0.219
497000 0.081 0.700 0.000 0.219
497500 0.081 0.700 0.000 0.219
498000 0.081 0.700 0.000 0.219
498500 0.081 0.700 0.000 0.219
499000 0.081 0.700 0.000 0.219
499500 0.081 0.700 0.000 0.219
500000 0.081 0.700 0.000 0.219
