000000 0.250 0.250 0.250 0.250
000500 0.236 0.374 0.000 0.389
001000 0.236 0.374 0.000 0.390
001500 0.236 0.374 0.000 0.390
002000 0.236 0.373 0.000 0.391
002500 0.236 0.375 0.000 0.389
003000 0.236 0.375 0.000 0.389
003500 0.236 0.375 0.000 0.388
004000 0.236 0.374 0.000 0.389
004500 0.236 0.375 0.000 0.389
005000 0.236 0.375 0.000 0.389
005500 0.236 0.375 0.000 0.388
006000 0.236 0.375 0.000 0.389
006500 0.236 0.375 0.000 0.388
007000 0.236 0.376 0.000 0.388
007500 0.236 0.375 0.000 0.388
008000 0.236 0.376 0.000 0.388
008500 0.236 0.375 0.000 0.388
009000 0.236 0.375 0.000 0.388
009500 0.236 0.376 0.000 0.388
010000 0.236 0.375 0.000 0.388
010500 0.236 0.375 0.000 0.388
011000 0.236 0.375 0.000 0.389
011500 0.236 0.375 0.000 0.388
012000 0.236 0.375 0.000 0.388
012500 0.236 0.375 0.000 0.389
013000 0.236 0.375 0.000 0.389
013500 0.236 0.375 0.000 0.389
014000 0.236 0.375 0.000 0.389
014500 0.236 0.375 0.000 0.389
015000 0.236 0.375 0.000 0.389
015500 0.236 0.375 0.000 0.388
016000 0.236 0.375 0.000 0.389
016500 0.236 0.375 0.000 0.389
017000 0.236 0.375 0.000 0.389
017500 0.236 0.375 0.000 0.389
018000 0.236 0.375 0.000 0.389
018500 0.236 0.374 0.000 0.390
019000 0.236 0.374 0.000 0.389
019500 0.236 0.375 0.000 0.389
020000 0.236 0.375 0.000 0.389
020500 0.236 0.374 0.000 0.389
021000 0.236 0.375 0.000 0.389
021500 0.236 0.375 0.000 0.389
022000 0.236 0.375 0.000 0.389
022500 0.236 0.375 0.000 0.389
023000 0.236 0.375 0.000 0.389
023500 0.236 0.375 0.000 0.389
024000 0.236 0.375 0.000 0.389
024500 0.236 0.375 0.000 0.389
025000 0.236 0.375 0.000 0.389
025500 0.236 0.375 0.000 0.389
026000 0.236 0.374 0.000 0.389
026500 0.236 0.375 0.000 0.389
027000 0.236 0.374 0.000 0.389
027500 0.236 0.375 0.000 0.389
028000 0.236 0.375 0.000 0.389
028500 0.236 0.375 0.000 0.389
029000 0.236 0.375 0.000 0.389
029500 0.236 0.375 0.000 0.389
030000 0.236 0.375 0.000 0.389
030500 0.236 0.374 0.000 0.389
031000 0.236 0.374 0.000 0.389
031500 0.236 0.375 0.000 0.389
032000 0.236 0.374 0.000 0.389
032500 0.236 0.374 0.000 0.390
033000 0.236 0.373 0.000 0.390
033500 0.236 0.374 0.000 0.390
034000 0.236 0.373 0.000 0.390
034500 0.236 0.373 0.000 0.390
035000 0.236 0.374 0.000 0.390
035500 0.236 0.374 0.000 0.390
036000 0.236 0.374 0.000 0.390
036500 0.236 0.374 0.000 0.390
037000 0.236 0.374 0.000 0.390
037500 0.236 0.374 0.000 0.390
038000 0.236 0.373 0.000 0.391
038500 0.236 0.373 0.000 0.391
039000 0.236 0.373 0.000 0.391
039500 0.236 0.373 0.000 0.391
040000 0.236 0.373 0.000 0.391
040500 0.236 0.373 0.000 0.391
041000 0.236 0.373 0.000 0.391
041500 0.236 0.373 0.000 0.391
042000 0.236 0.373 0.000 0.391
042500 0.236 0.373 0.000 0.391
043000 0.236 0.373 0.000 0.391
043500 0.236 0.373 0.000 0.391
044000 0.236 0.373 0.000 0.391
044500 0.236 0.372 0.000 0.391
045000 0.236 0.373 0.000 0.391
045500 0.236 0.373 0.000 0.391
046000 0.236 0.373 0.000 0.391
046500 0.236 0.373 0.000 0.391
047000 0.236 0.373 0.000 0.391
047500 0.236 0.373 0.000 0.391
048000 0.236 0.373 0.000 0.391
048500 0.236 0.373 0.000 0.391
049000 0.236 0.373 0.000 0.391
049500 0.236 0.373 0.000 0.391
050000 0.236 0.373 0.000 0.391
050500 0.236 0.373 0.000 0.391
051000 0.236 0.373 0.000 0.391
051500 0.236 0.373 0.000 0.391
052000 0.236 0.373 0.000 0.391
052500 0.236 0.373 0.000 0.391
053000 0.236 0.373 0.000 0.391
053500 0.236 0.373 0.000 0.391
054000 0.236 0.373 0.000 0.391
054500 0.236 0.373 0.000 0.391
055000 0.236 0.373 0.000 0.391
055500 0.236 0.373 0.000 0.391
056000 0.236 0.373 0.000 0.391
056500 0.236 0.373 0.000 0.391
057000 0.236 0.373 0.000 0.391
057500 0.236 0.373 0.000 0.391
058000 0.236 0.373 0.000 0.391
058500 0.236 0.373 0.000 0.391
059000 0.236 0.373 0.000 0.391
059500 0.236 0.372 0.000 0.391
060000 0.236 0.373 0.000 0.391
060500 0.236 0.373 0.000 0.391
061000 0.236 0.373 0.000 0.391
061500 0.236 0.372 0.000 0.391
062000 0.236 0.373 0.000 0.391
062500 0.236 0.373 0.000 0.391
063000 0.236 0.373 0.000 0.391
063500 0.236 0.373 0.000 0.391
064000 0.236 0.373 0.000 0.390
064500 0.236 0.373 0.000 0.390
065000 0.236 0.373 0.000 0.391
065500 0.236 0.373 0.000 0.390
066000 0.236 0.373 0.000 0.390
066500 0.236 0.373 0.000 0.391
067000 0.236 0.373 0.000 0.391
067500 0.236 0.373 0.000 0.391
068000 0.236 0.373 0.000 0.390
068500 0.236 0.373 0.000 0.391
069000 0.236 0.373 0.000 0.390
069500 0.236 0.373 0.000 0.391
070000 0.236 0.373 0.000 0.391
070500 0.236 0.373 0.000 0.390
071000 0.236 0.373 0.000 0.390
071500 0.236 0.373 0.000 0.391
072000 0.236 0.373 0.000 0.391
072500 0.236 0.373 0.000 0.390
073000 0.236 0.373 0.000 0.390
073500 0.236 0.373 0.000 0.391
074000 0.236 0.373 0.000 0.391
074500 0.236 0.373 0.000 0.391
075000 0.236 0.373 0.000 0.391
075500 0.236 0.373 0.000 0.391
076000 0.236 0.373 0.000 0.391
076500 0.236 0.373 0.000 0.390
077000 0.236 0.373 0.000 0.390
077500 0.236 0.373 0.000 0.390
078000 0.236 0.373 0.000 0.391
078500 0.236 0.373 0.000 0.391
079000 0.236 0.373 0.000 0.390
079500 0.236 0.373 0.000 0.390
080000 0.236 0.373 0.000 0.391
080500 0.236 0.373 0.000 0.390
081000 0.236 0.373 0.000 0.391
081500 0.236 0.373 0.000 0.391
082000 0.236 0.373 0.000 0.391
082500 0.236 0.373 0.000 0.391
083000 0.236 0.373 0.000 0.391
083500 0.236 0.373 0.000 0.391
084000 0.236 0.373 0.000 0.391
084500 0.236 0.373 0.000 0.391
085000 0.236 0.373 0.000 0.391
085500 0.236 0.373 0.000 0.390
086000 0.236 0.373 0.000 0.390
086500 0.236 0.373 0.000 0.391
087000 0.236 0.373 0.000 0.390
087500 0.236 0.373 0.000 0.391
088000 0.236 0.373 0.000 0.391
088500 0.236 0.373 0.000 0.391
089000 0.236 0.373 0.000 0.391
089500 0.236 0.373 0.000 0.390
090000 0.236 0.373 0.000 0.391
090500 0.236 0.373 0.000 0.391
091000 0.236 0.373 0.000 0.391
091500 0.236 0.373 0.000 0.390
092000 0.236 0.373 0.000 0.391
092500 0.236 0.373 0.000 0.391
093000 0.236 0.373 0.000 0.391
093500 0.236 0.373 0.000 0.391
094000 0.236 0.373 0.000 0.391
094500 0.236 0.373 0.000 0.391
095000 0.236 0.373 0.000 0.391
095500 0.236 0.373 0.000 0.391
096000 0.236 0.373 0.000 0.391
096500 0.236 0.373 0.000 0.391
097000 0.236 0.373 0.000 0.391
097500 0.236 0.373 0.000 0.391
098000 0.236 0.373 0.000 0.391
098500 0.236 0.373 0.000 0.391
099000 0.236 0.373 0.000 0.390
099500 0.236 0.373 0.000 0.391
100000 0.236 0.373 0.000 0.390
100500 0.236 0.373 0.000 0.391
101000 0.236 0.373 0.000 0.391
101500 0.236 0.373 0.000 0.390
102000 0.236 0.373 0.000 0.390
102500 0.236 0.373 0.000 0.391
103000 0.236 0.373 0.000 0.390
103500 0.236 0.373 0.000 0.390
104000 0.236 0.373 0.000 0.391
104500 0.236 0.373 0.000 0.390
105000 0.236 0.373 0.000 0.390
105500 0.236 0.373 0.000 0.390
106000 0.236 0.373 0.000 0.390
106500 0.236 0.373 0.000 0.391
107000 0.236 0.373 0.000 0.391
107500 0.236 0.373 0.000 0.391
108000 0.236 0.373 0.000 0.391
108500 0.236 0.373 0.000 0.391
109000 0.236 0.373 0.000 0.391
109500 0.236 0.373 0.000 0.391
110000 0.236 0.373 0.000 0.391
110500 0.236 0.373 0.000 0.390
111000 0.236 0.373 0.000 0.390
111500 0.236 0.373 0.000 0.390
112000 0.236 0.373 0.000 0.390
112500 0.236 0.373 0.000 0.390
113000 0.236 0.374 0.000 0.390
113500 0.236 0.374 0.000 0.390
114000 0.236 0.374 0.000 0.390
114500 0.236 0.374 0.000 0.390
115000 0.236 0.374 0.000 0.390
115500 0.236 0.374 0.000 0.390
116000 0.236 0.374 0.000 0.390
116500 0.236 0.374 0.000 0.390
117000 0.236 0.374 0.000 0.390
117500 0.236 0.374 0.000 0.390
118000 0.236 0.374 0.000 0.390
118500 0.236 0.374 0.000 0.390
119000 0.236 0.374 0.000 0.390
119500 0.236 0.374 0.000 0.390
120000 0.236 0.374 0.000 0.390
120500 0.236 0.374 0.000 0.390
121000 0.236 0.374 0.000 0.390
121500 0.236 0.374 0.000 0.390
122000 0.236 0.374 0.000 0.390
122500 0.236 0.374 0.000 0.390
123000 0.236 0.374 0.000 0.390
123500 0.236 0.374 0.000 0.390
124000 0.236 0.374 0.000 0.390
124500 0.236 0.374 0.000 0.390
125000 0.236 0.374 0.000 0.390
125500 0.236 0.374 0.000 0.390
126000 0.236 0.374 0.000 0.390
126500 0.236 0.374 0.000 0.390
127000 0.236 0.374 0.000 0.390
127500 0.236 0.374 0.000 0.390
128000 0.236 0.374 0.000 0.390
128500 0.236 0.374 0.000 0.390
129000 0.236 0.374 0.000 0.390
129500 0.236 0.374 0.000 0.390
130000 0.236 0.374 0.000 0.390
130500 0.236 0.374 0.000 0.390
131000 0.236 0.374 0.000 0.390
131500 0.236 0.374 0.000 0.390
132000 0.236 0.374 0.000 0.390
132500 0.236 0.374 0.000 0.390
133000 0.236 0.374 0.000 0.390
133500 0.236 0.374 0.000 0.390
134000 0.236 0.374 0.000 0.390
134500 0.236 0.374 0.000 0.390
135000 0.236 0.374 0.000 0.390
135500 0.236 0.374 0.000 0.390
136000 0.236 0.374 0.000 0.390
136500 0.236 0.374 0.000 0.390
137000 0.236 0.374 0.000 0.390
137500 0.236 0.374 0.000 0.390
138000 0.236 0.374 0.000 0.390
138500 0.236 0.374 0.000 0.390
139000 0.236 0.374 0.000 0.390
139500 0.236 0.374 0.000 0.390
140000 0.236 0.374 0.000 0.390
140500 0.236 0.374 0.000 0.390
141000 0.236 0.374 0.000 0.390
141500 0.236 0.374 0.000 0.390
142000 0.236 0.374 0.000 0.390
142500 0.236 0.374 0.000 0.390
143000 0.236 0.374 0.000 0.390
143500 0.236 0.374 0.000 0.390
144000 0.236 0.374 0.000 0.390
144500 0.236 0.374 0.000 0.390
145000 0.236 0.374 0.000 0.390
145500 0.236 0.374 0.000 0.390
146000 0.236 0.374 0.000 0.390
146500 0.236 0.374 0.000 0.390
147000 0.236 0.374 0.000 0.390
147500 0.236 0.374 0.000 0.390
148000 0.236 0.374 0.000 0.390
148500 0.236 0.374 0.000 0.390
149000 0.236 0.374 0.000 0.390
149500 0.236 0.374 0.000 0.390
150000 0.236 0.374 0.000 0.390
150500 0.236 0.374 0.000 0.390
151000 0.236 0.374 0.000 0.390
151500 0.236 0.374 0.000 0.390
152000 0.236 0.374 0.000 0.390
152500 0.236 0.374 0.000 0.390
153000 0.236 0.374 0.000 0.390
153500 0.236 0.374 0.000 0.390
154000 0.236 0.374 0.000 0.390
154500 0.236 0.374 0.000 0.390
155000 0.236 0.374 0.000 0.390
155500 0.236 0.374 0.000 0.390
156000 0.236 0.374 0.000 0.390
156500 0.236 0.374 0.000 0.390
157000 0.236 0.374 0.000 0.389
157500 0.236 0.374 0.000 0.390
158000 0.236 0.374 0.000 0.390
158500 0.236 0.374 0.000 0.389
159000 0.236 0.374 0.000 0.390
159500 0.236 0.374 0.000 0.389
160000 0.236 0.374 0.000 0.389
160500 0.236 0.375 0.000 0.389
161000 0.236 0.374 0.000 0.389
161500 0.236 0.374 0.000 0.389
162000 0.236 0.374 0.000 0.390
162500 0.236 0.374 0.000 0.389
163000 0.236 0.374 0.000 0.389
163500 0.236 0.374 0.000 0.390
164000 0.236 0.374 0.000 0.390
164500 0.236 0.374 0.000 0.390
165000 0.236 0.374 0.000 0.390
165500 0.236 0.374 0.000 0.389
166000 0.236 0.374 0.000 0.389
166500 0.236 0.374 0.000 0.389
167000 0.236 0.374 0.000 0.390
167500 0.236 0.374 0.000 0.390
168000 0.236 0.374 0.000 0.389
168500 0.236 0.374 0.000 0.390
169000 0.236 0.374 0.000 0.390
169500 0.236 0.375 0.000 0.389
170000 0.236 0.375 0.000 0.389
170500 0.236 0.375 0.000 0.389
171000 0.236 0.375 0.000 0.389
171500 0.236 0.375 0.000 0.389
172000 0.236 0.375 0.000 0.389
172500 0.236 0.375 0.000 0.389
173000 0.236 0.375 0.000 0.389
173500 0.236 0.375 0.000 0.389
174000 0.236 0.375 0.000 0.389
174500 0.236 0.375 0.000 0.389
175000 0.236 0.375 0.000 0.389
175500 0.236 0.376 0.000 0.388
176000 0.236 0.375 0.000 0.388
176500 0.236 0.375 0.000 0.388
177000 0.236 0.375 0.000 0.388
177500 0.236 0.375 0.000 0.388
178000 0.236 0.375 0.000 0.388
178500 0.236 0.376 0.000 0.388
179000 0.236 0.376 0.000 0.388
179500 0.236 0.376 0.000 0.388
180000 0.236 0.375 0.000 0.388
180500 0.236 0.375 0.000 0.388
181000 0.236 0.375 0.000 0.388
181500 0.236 0.375 0.000 0.388
182000 0.236 0.375 0.000 0.388
182500 0.236 0.375 0.000 0.388
183000 0.236 0.376 0.000 0.388
183500 0.236 0.375 0.000 0.388
184000 0.236 0.375 0.000 0.388
184500 0.236 0.375 0.000 0.388
185000 0.236 0.375 0.000 0.388
185500 0.236 0.376 0.000 0.388
186000 0.236 0.375 0.000 0.389
186500 0.236 0.375 0.000 0.388
187000 0.236 0.375 0.000 0.388
187500 0.236 0.375 0.000 0.389
188000 0.236 0.375 0.000 0.388
188500 0.236 0.375 0.000 0.388
189000 0.236 0.375 0.000 0.388
189500 0.236 0.375 0.000 0.388
190000 0.236 0.375 0.000 0.388
190500 0.236 0.375 0.000 0.388
191000 0.236 0.376 0.000 0.388
191500 0.236 0.375 0.000 0.388
192000 0.236 0.375 0.000 0.388
192500 0.236 0.375 0.000 0.388
193000 0.236 0.375 0.000 0.388
193500 0.236 0.375 0.000 0.388
194000 0.236 0.375 0.000 0.388
194500 0.236 0.375 0.000 0.388
195000 0.236 0.375 0.000 0.388
195500 0.236 0.375 0.000 0.388
196000 0.236 0.375 0.000 0.388
196500 0.236 0.375 0.000 0.388
197000 0.236 0.375 0.000 0.388
197500 0.236 0.376 0.000 0.388
198000 0.236 0.376 0.000 0.388
198500 0.236 0.375 0.000 0.388
199000 0.236 0.376 0.000 0.388
199500 0.236 0.376 0.000 0.388
200000 0.236 0.376 0.000 0.388
200500 0.236 0.376 0.000 0.388
201000 0.236 0.376 0.000 0.388
201500 0.236 0.376 0.000 0.388
202000 0.236 0.376 0.000 0.388
202500 0.236 0.376 0.000 0.388
203000 0.236 0.376 0.000 0.388
203500 0.236 0.376 0.000 0.388
204000 0.236 0.376 0.000 0.388
204500 0.236 0.376 0.000 0.388
205000 0.236 0.376 0.000 0.388
205500 0.236 0.376 0.000 0.388
206000 0.236 0.376 0.000 0.388
206500 0.236 0.376 0.000 0.388
207000 0.236 0.376 0.000 0.388
207500 0.236 0.376 0.000 0.388
208000 0.236 0.376 0.000 0.388
208500 0.236 0.376 0.000 0.388
209000 0.236 0.376 0.000 0.388
209500 0.236 0.376 0.000 0.388
210000 0.236 0.376 0.000 0.388
210500 0.236 0.376 0.000 0.388
211000 0.236 0.376 0.000 0.388
211500 0.236 0.376 0.000 0.388
212000 0.236 0.376 0.000 0.388
212500 0.236 0.376 0.000 0.388
213000 0.236 0.376 0.000 0.388
213500 0.236 0.376 0.000 0.388
214000 0.236 0.376 0.000 0.388
214500 0.236 0.376 0.000 0.388
215000 0.236 0.376 0.000 0.388
215500 0.236 0.376 0.000 0.388
216000 0.236 0.376 0.000 0.388
216500 0.236 0.376 0.000 0.388
217000 0.236 0.376 0.000 0.388
217500 0.236 0.376 0.000 0.388
218000 0.236 0.376 0.000 0.388
218500 0.236 0.376 0.000 0.388
219000 0.236 0.376 0.000 0.388
219500 0.236 0.376 0.000 0.388
220000 0.236 0.376 0.000 0.388
220500 0.236 0.376 0.000 0.388
221000 0.236 0.376 0.000 0.388
221500 0.236 0.376 0.000 0.388
222000 0.236 0.376 0.000 0.388
222500 0.236 0.376 0.000 0.388
223000 0.236 0.376 0.000 0.388
223500 0.236 0.376 0.000 0.388
224000 0.236 0.376 0.000 0.388
224500 0.236 0.376 0.000 0.388
225000 0.236 0.376 0.000 0.388
225500 0.236 0.376 0.000 0.388
226000 0.236 0.376 0.000 0.388
226500 0.236 0.376 0.000 0.388
227000 0.236 0.376 0.000 0.388
227500 0.236 0.376 0.000 0.388
228000 0.236 0.376 0.000 0.388
228500 0.236 0.376 0.000 0.388
229000 0.236 0.376 0.000 0.388
229500 0.236 0.376 0.000 0.388
230000 0.236 0.376 0.000 0.388
230500 0.236 0.376 0.000 0.388
231000 0.236 0.376 0.000 0.388
231500 0.236 0.376 0.000 0.388
232000 0.236 0.375 0.000 0.388
232500 0.236 0.376 0.000 0.388
233000 0.236 0.376 0.000 0.388
233500 0.236 0.376 0.000 0.388
234000 0.236 0.376 0.000 0.388
234500 0.236 0.376 0.000 0.388
235000 0.236 0.376 0.000 0.388
235500 0.236 0.376 0.000 0.388
236000 0.236 0.376 0.000 0.388
236500 0.236 0.376 0.000 0.388
237000 0.236 0.376 0.000 0.388
237500 0.236 0.376 0.000 0.388
238000 0.236 0.376 0.000 0.388
238500 0.236 0.376 0.000 0.388
239000 0.236 0.376 0.000 0.388
239500 0.236 0.376 0.000 0.388
240000 0.236 0.376 0.000 0.388
240500 0.236 0.376 0.000 0.388
241000 0.236 0.376 0.000 0.388
241500 0.236 0.376 0.000 0.388
242000 0.236 0.376 0.000 0.388
242500 0.236 0.376 0.000 0.388
243000 0.236 0.376 0.000 0.388
243500 0.236 0.376 0.000 0.388
244000 0.236 0.376 0.000 0.388
244500 0.236 0.376 0.000 0.388
245000 0.236 0.376 0.000 0.388
245500 0.236 0.376 0.000 0.388
246000 0.236 0.376 0.000 0.388
246500 0.236 0.376 0.000 0.388
247000 0.236 0.376 0.000 0.388
247500 0.236 0.376 0.000 0.388
248000 0.236 0.376 0.000 0.388
248500 0.236 0.376 0.000 0.388
249000 0.236 0.376 0.000 0.388
249500 0.236 0.376 0.000 0.388
250000 0.236 0.376 0.000 0.388
250500 0.236 0.376 0.000 0.388
251000 0.236 0.376 0.000 0.388
251500 0.236 0.376 0.000 0.388
252000 0.236 0.376 0.000 0.388
252500 0.236 0.376 0.000 0.388
253000 0.236 0.376 0.000 0.388
253500 0.236 0.376 0.000 0.388
254000 0.236 0.376 0.000 0.388
254500 0.236 0.376 0.000 0.388
255000 0.236 0.376 0.000 0.388
255500 0.236 0.376 0.000 0.388
256000 0.236 0.376 0.000 0.388
256500 0.236 0.376 0.000 0.388
257000 0.236 0.376 0.000 0.388
257500 0.236 0.376 0.000 0.388
258000 0.236 0.376 0.000 0.388
258500 0.236 0.376 0.000 0.388
259000 0.236 0.376 0.000 0.388
259500 0.236 0.376 0.000 0.388
260000 0.236 0.376 0.000 0.388
260500 0.236 0.376 0.000 0.388
261000 0.236 0.376 0.000 0.388
261500 0.236 0.376 0.000 0.388
262000 0.236 0.376 0.000 0.388
262500 0.236 0.376 0.000 0.388
263000 0.236 0.376 0.000 0.388
263500 0.236 0.376 0.000 0.388
264000 0.236 0.376 0.000 0.388
264500 0.236 0.376 0.000 0.388
265000 0.236 0.376 0.000 0.388
265500 0.236 0.376 0.000 0.387
266000 0.236 0.376 0.000 0.388
266500 0.236 0.376 0.000 0.388
267000 0.236 0.376 0.000 0.387
267500 0.236 0.376 0.000 0.388
268000 0.236 0.376 0.000 0.387
268500 0.236 0.376 0.000 0.387
269000 0.236 0.376 0.000 0.388
269500 0.236 0.376 0.000 0.388
270000 0.236 0.376 0.000 0.387
270500 0.236 0.376 0.000 0.388
271000 0.236 0.376 0.000 0.388
271500 0.236 0.376 0.000 0.388
272000 0.236 0.376 0.000 0.388
272500 0.236 0.376 0.000 0.388
273000 0.236 0.376 0.000 0.388
273500 0.236 0.376 0.000 0.387
274000 0.236 0.376 0.000 0.387
274500 0.236 0.376 0.000 0.388
275000 0.236 0.376 0.000 0.388
275500 0.236 0.376 0.000 0.388
276000 0.236 0.376 0.000 0.388
276500 0.236 0.376 0.000 0.388
277000 0.236 0.376 0.000 0.388
277500 0.236 0.376 0.000 0.388
278000 0.236 0.376 0.000 0.388
278500 0.236 0.376 0.000 0.388
279000 0.236 0.376 0.000 0.388
279500 0.236 0.376 0.000 0.388
280000 0.236 0.376 0.000 0.388
280500 0.236 0.376 0.000 0.388
281000 0.236 0.376 0.000 0.388
281500 0.236 0.376 0.000 0.388
282000 0.236 0.376 0.000 0.387
282500 0.236 0.377 0.000 0.387
283000 0.236 0.377 0.000 0.387
283500 0.236 0.376 0.000 0.387
284000 0.236 0.377 0.000 0.387
284500 0.236 0.377 0.000 0.387
285000 0.236 0.377 0.000 0.387
285500 0.236 0.377 0.000 0.387
286000 0.236 0.377 0.000 0.387
286500 0.236 0.377 0.000 0.387
287000 0.236 0.376 0.000 0.387
287500 0.236 0.376 0.000 0.387
288000 0.236 0.376 0.000 0.387
288500 0.236 0.377 0.000 0.387
289000 0.236 0.377 0.000 0.387
289500 0.236 0.377 0.000 0.387
290000 0.236 0.376 0.000 0.387
290500 0.236 0.376 0.000 0.387
291000 0.236 0.376 0.000 0.387
291500 0.236 0.377 0.000 0.387
292000 0.236 0.377 0.000 0.387
292500 0.236 0.377 0.000 0.387
293000 0.236 0.377 0.000 0.387
293500 0.236 0.377 0.000 0.387
294000 0.236 0.377 0.000 0.387
294500 0.236 0.377 0.000 0.387
295000 0.236 0.377 0.000 0.387
295500 0.236 0.377 0.000 0.387
296000 0.236 0.377 0.000 0.387
296500 0.236 0.377 0.000 0.387
297000 0.236 0.377 0.000 0.387
297500 0.236 0.377 0.000 0.387
298000 0.236 0.377 0.000 0.387
298500 0.236 0.377 0.000 0.387
299000 0.236 0.377 0.000 0.387
299500 0.236 0.377 0.000 0.387
300000 0.236 0.377 0.000 0.387
300500 0.236 0.377 0.000 0.387
301000 0.236 0.377 0.000 0.387
301500 0.236 0.377 0.000 0.387
302000 0.236 0.377 0.000 0.387
302500 0.236 0.377 0.000 0.387
303000 0.236 0.377 0.000 0.387
303500 0.236 0.377 0.000 0.387
304000 0.236 0.377 0.000 0.387
304500 0.236 0.377 0.000 0.387
305000 0.236 0.377 0.000 0.387
305500 0.236 0.377 0.000 0.387
306000 0.236 0.377 0.000 0.387
306500 0.236 0.377 0.000 0.387
307000 0.236 0.377 0.000 0.387
307500 0.236 0.377 0.000 0.387
308000 0.236 0.377 0.000 0.387
308500 0.236 0.377 0.000 0.387
309000 0.236 0.377 0.000 0.387
309500 0.236 0.377 0.000 0.387
310000 0.236 0.377 0.000 0.387
310500 0.236 0.377 0.000 0.387
311000 0.236 0.377 0.000 0.387
311500 0.236 0.377 0.000 0.387
312000 0.236 0.377 0.000 0.387
312500 0.236 0.377 0.000 0.387
313000 0.236 0.377 0.000 0.387
313500 0.236 0.377 0.000 0.387
314000 0.236 0.377 0.000 0.387
314500 0.236 0.377 0.000 0.387
315000 0.236 0.377 0.000 0.387
315500 0.236 0.377 0.000 0.387
316000 0.236 0.377 0.000 0.387
316500 0.236 0.377 0.000 0.387
317000 0.236 0.377 0.000 0.387
317500 0.236 0.377 0.000 0.387
318000 0.236 0.377 0.000 0.387
318500 0.236 0.377 0.000 0.387
319000 0.236 0.377 0.000 0.387
319500 0.236 0.377 0.000 0.387
320000 0.236 0.377 0.000 0.387
320500 0.236 0.377 0.000 0.387
321000 0.236 0.377 0.000 0.387
321500 0.236 0.377 0.000 0.387
322000 0.236 0.377 0.000 0.387
322500 0.236 0.377 0.000 0.387
323000 0.236 0.377 0.000 0.387
323500 0.236 0.377 0.000 0.387
324000 0.236 0.377 0.000 0.387
324500 0.236 0.377 0.000 0.387
325000 0.236 0.377 0.000 0.387
325500 0.236 0.377 0.000 0.387
326000 0.236 0.377 0.000 0.387
326500 0.236 0.377 0.000 0.387
327000 0.236 0.377 0.000 0.387
327500 0.236 0.377 0.000 0.387
328000 0.236 0.377 0.000 0.387
328500 0.236 0.377 0.000 0.387
329000 0.236 0.377 0.000 0.387
329500 0.236 0.377 0.000 0.387
330000 0.236 0.377 0.000 0.387
330500 0.236 0.377 0.000 0.387
331000 0.236 0.377 0.000 0.387
331500 0.236 0.377 0.000 0.387
332000 0.236 0.377 0.000 0.387
332500 0.236 0.377 0.000 0.387
333000 0.236 0.377 0.000 0.387
333500 0.236 0.377 0.000 0.387
334000 0.236 0.377 0.000 0.387
334500 0.236 0.377 0.000 0.387
335000 0.236 0.377 0.000 0.387
335500 0.236 0.377 0.000 0.387
336000 0.236 0.377 0.000 0.387
336500 0.236 0.377 0.000 0.387
337000 0.236 0.377 0.000 0.387
337500 0.236 0.377 0.000 0.387
338000 0.236 0.377 0.000 0.387
338500 0.236 0.377 0.000 0.387
339000 0.236 0.377 0.000 0.387
339500 0.236 0.377 0.000 0.387
340000 0.236 0.377 0.000 0.387
340500 0.236 0.377 0.000 0.387
341000 0.236 0.377 0.000 0.387
341500 0.236 0.377 0.000 0.387
342000 0.236 0.377 0.000 0.387
342500 0.236 0.377 0.000 0.387
343000 0.236 0.377 0.000 0.387
343500 0.236 0.377 0.000 0.387
344000 0.236 0.377 0.000 0.387
344500 0.236 0.377 0.000 0.387
345000 0.236 0.377 0.000 0.387
345500 0.236 0.377 0.000 0.387
346000 0.236 0.377 0.000 0.387
346500 0.236 0.377 0.000 0.387
347000 0.236 0.377 0.000 0.387
347500 0.236 0.377 0.000 0.387
348000 0.236 0.377 0.000 0.387
348500 0.236 0.377 0.000 0.387
349000 0.236 0.377 0.000 0.387
349500 0.236 0.377 0.000 0.387
350000 0.236 0.377 0.000 0.387
350500 0.236 0.377 0.000 0.387
351000 0.236 0.377 0.000 0.387
351500 0.236 0.377 0.000 0.387
352000 0.236 0.377 0.000 0.387
352500 0.236 0.377 0.000 0.387
353000 0.236 0.377 0.000 0.387
353500 0.236 0.377 0.000 0.387
354000 0.236 0.377 0.000 0.387
354500 0.236 0.377 0.000 0.387
355000 0.236 0.377 0.000 0.387
355500 0.236 0.377 0.000 0.387
356000 0.236 0.377 0.000 0.387
356500 0.236 0.377 0.000 0.387
357000 0.236 0.377 0.000 0.387
357500 0.236 0.377 0.000 0.387
358000 0.236 0.377 0.000 0.387
358500 0.236 0.377 0.000 0.387
359000 0.236 0.377 0.000 0.387
359500 0.236 0.377 0.000 0.387
360000 0.236 0.377 0.000 0.387
360500 0.236 0.376 0.000 0.387
361000 0.236 0.377 0.000 0.387
361500 0.236 0.377 0.000 0.387
362000 0.236 0.377 0.000 0.387
362500 0.236 0.377 0.000 0.387
363000 0.236 0.377 0.000 0.387
363500 0.236 0.377 0.000 0.387
364000 0.236 0.377 0.000 0.387
364500 0.236 0.377 0.000 0.387
365000 0.236 0.377 0.000 0.387
365500 0.236 0.377 0.000 0.387
366000 0.236 0.377 0.000 0.387
366500 0.236 0.377 0.000 0.387
367000 0.236 0.377 0.000 0.387
367500 0.236 0.377 0.000 0.387
368000 0.236 0.377 0.000 0.387
368500 0.236 0.377 0.000 0.387
369000 0.236 0.377 0.000 0.387
369500 0.236 0.377 0.000 0.387
370000 0.236 0.377 0.000 0.387
370500 0.236 0.377 0.000 0.387
371000 0.236 0.377 0.000 0.387
371500 0.236 0.377 0.000 0.387
372000 0.236 0.377 0.000 0.387
372500 0.236 0.377 0.000 0.387
373000 0.236 0.377 0.000 0.387
373500 0.236 0.377 0.000 0.387
374000 0.236 0.377 0.000 0.387
374500 0.236 0.377 0.000 0.387
375000 0.236 0.377 0.000 0.387
375500 0.236 0.377 0.000 0.387
376000 0.236 0.377 0.000 0.387
376500 0.236 0.377 0.000 0.387
377000 0.236 0.377 0.000 0.387
377500 0.236 0.377 0.000 0.387
378000 0.236 0.377 0.000 0.387
378500 0.236 0.377 0.000 0.387
379000 0.236 0.377 0.000 0.387
379500 0.236 0.377 0.000 0.387
380000 0.236 0.377 0.000 0.387
380500 0.236 0.377 0.000 0.387
381000 0.236 0.377 0.000 0.387
381500 0.236 0.377 0.000 0.387
382000 0.236 0.377 0.000 0.387
382500 0.236 0.377 0.000 0.387
383000 0.236 0.377 0.000 0.387
383500 0.236 0.377 0.000 0.387
384000 0.236 0.377 0.000 0.387
384500 0.236 0.377 0.000 0.387
385000 0.236 0.377 0.000 0.387
385500 0.236 0.377 0.000 0.387
386000 0.236 0.377 0.000 0.387
386500 0.236 0.377 0.000 0.387
387000 0.236 0.377 0.000 0.387
387500 0.236 0.377 0.000 0.387
388000 0.236 0.377 0.000 0.387
388500 0.236 0.377 0.000 0.387
389000 0.236 0.377 0.000 0.387
389500 0.236 0.377 0.000 0.387
390000 0.236 0.377 0.000 0.387
390500 0.236 0.377 0.000 0.387
391000 0.236 0.377 0.000 0.387
391500 0.236 0.377 0.000 0.387
392000 0.236 0.377 0.000 0.387
392500 0.236 0.377 0.000 0.387
393000 0.236 0.377 0.000 0.387
393500 0.236 0.377 0.000 0.387
394000 0.236 0.377 0.000 0.387
394500 0.236 0.377 0.000 0.387
395000 0.236 0.377 0.000 0.387
395500 0.236 0.377 0.000 0.387
396000 0.236 0.377 0.000 0.387
396500 0.236 0.377 0.000 0.387
397000 0.236 0.377 0.000 0.387
397500 0.236 0.377 0.000 0.387
398000 0.236 0.377 0.000 0.387
398500 0.236 0.376 0.000 0.388
399000 0.236 0.376 0.000 0.388
399500 0.236 0.376 0.000 0.388
400000 0.236 0.376 0.000 0.388
400500 0.236 0.376 0.000 0.388
401000 0.236 0.376 0.000 0.388
401500 0.236 0.376 0.000 0.388
402000 0.236 0.376 0.000 0.388
402500 0.236 0.376 0.000 0.388
403000 0.236 0.376 0.000 0.388
403500 0.236 0.376 0.000 0.388
404000 0.236 0.376 0.000 0.388
404500 0.236 0.376 0.000 0.388
405000 0.236 0.376 0.000 0.388
405500 0.236 0.376 0.000 0.388
406000 0.236 0.376 0.000 0.388
406500 0.236 0.376 0.000 0.388
407000 0.236 0.376 0.000 0.388
407500 0.236 0.376 0.000 0.388
408000 0.236 0.376 0.000 0.388
408500 0.236 0.376 0.000 0.388
409000 0.236 0.376 0.000 0.388
409500 0.236 0.376 0.000 0.388
410000 0.236 0.376 0.000 0.388
410500 0.236 0.376 0.000 0.388
411000 0.236 0.376 0.000 0.388
411500 0.236 0.376 0.000 0.388
412000 0.236 0.376 0.000 0.388
412500 0.236 0.376 0.000 0.388
413000 0.236 0.376 0.000 0.388
413500 0.236 0.376 0.000 0.388
414000 0.236 0.376 0.000 0.388
414500 0.236 0.376 0.000 0.388
415000 0.236 0.376 0.000 0.388
415500 0.236 0.376 0.000 0.388
416000 0.236 0.376 0.000 0.388
416500 0.236 0.376 0.000 0.388
417000 0.236 0.376 0.000 0.388
417500 0.236 0.376 0.000 0.388
418000 0.236 0.376 0.000 0.388
418500 0.236 0.376 0.000 0.388
419000 0.236 0.376 0.000 0.388
419500 0.236 0.376 0.000 0.388
420000 0.236 0.376 0.000 0.388
420500 0.236 0.376 0.000 0.388
421000 0.236 0.376 0.000 0.388
421500 0.236 0.376 0.000 0.388
422000 0.236 0.376 0.000 0.388
422500 0.236 0.376 0.000 0.388
423000 0.236 0.376 0.000 0.388
423500 0.236 0.376 0.000 0.388
424000 0.236 0.376 0.000 0.388
424500 0.236 0.376 0.000 0.388
425000 0.236 0.376 0.000 0.388
425500 0.236 0.376 0.000 0.388
426000 0.236 0.376 0.000 0.388
426500 0.236 0.376 0.000 0.388
427000 0.236 0.376 0.000 0.388
427500 0.236 0.376 0.000 0.388
428000 0.236 0.376 0.000 0.388
428500 0.236 0.376 0.000 0.388
429000 0.236 0.376 0.000 0.388
429500 0.236 0.376 0.000 0.388
430000 0.236 0.376 0.000 0.388
430500 0.236 0.376 0.000 0.388
431000 0.236 0.376 0.000 0.388
431500 0.236 0.376 0.000 0.388
432000 0.236 0.376 0.000 0.388
432500 0.236 0.376 0.000 0.388
433000 0.236 0.376 0.000 0.388
433500 0.236 0.376 0.000 0.388
434000 0.236 0.376 0.000 0.388
434500 0.236 0.376 0.000 0.388
435000 0.236 0.376 0.000 0.388
435500 0.236 0.376 0.000 0.388
436000 0.236 0.376 0.000 0.388
436500 0.236 0.376 0.000 0.388
437000 0.236 0.376 0.000 0.388
437500 0.236 0.376 0.000 0.388
438000 0.236 0.376 0.000 0.388
438500 0.236 0.376 0.000 0.388
439000 0.236 0.376 0.000 0.388
439500 0.236 0.376 0.000 0.388
440000 0.236 0.376 0.000 0.388
440500 0.236 0.376 0.000 0.388
441000 0.236 0.376 0.000 0.388
441500 0.236 0.376 0.000 0.388
442000 0.236 0.376 0.000 0.388
442500 0.236 0.376 0.000 0.388
443000 0.236 0.376 0.000 0.388
443500 0.236 0.376 0.000 0.388
444000 0.236 0.376 0.000 0.388
444500 0.236 0.376 0.000 0.388
445000 0.236 0.376 0.000 0.388
445500 0.236 0.376 0.000 0.388
446000 0.236 0.376 0.000 0.388
446500 0.236 0.376 0.000 0.388
447000 0.236 0.376 0.000 0.388
447500 0.236 0.376 0.000 0.388
448000 0.236 0.376 0.000 0.388
448500 0.236 0.376 0.000 0.388
449000 0.236 0.376 0.000 0.388
449500 0.236 0.376 0.000 0.388
450000 0.236 0.376 0.000 0.388
450500 0.236 0.376 0.000 0.388
451000 0.236 0.376 0.000 0.388
451500 0.236 0.375 0.000 0.388
452000 0.236 0.375 0.000 0.388
452500 0.236 0.375 0.000 0.388
453000 0.236 0.375 0.000 0.388
453500 0.236 0.375 0.000 0.388
454000 0.236 0.375 0.000 0.388
454500 0.236 0.375 0.000 0.388
455000 0.236 0.375 0.000 0.388
455500 0.236 0.375 0.000 0.388
456000 0.236 0.375 0.000 0.388
456500 0.236 0.375 0.000 0.388
457000 0.236 0.375 0.000 0.388
457500 0.236 0.375 0.000 0.388
458000 0.236 0.375 0.000 0.388
458500 0.236 0.375 0.000 0.388
459000 0.236 0.375 0.000 0.388
459500 0.236 0.375 0.000 0.388
460000 0.236 0.375 0.000 0.388
460500 0.236 0.375 0.000 0.388
461000 0.236 0.375 0.000 0.388
461500 0.236 0.375 0.000 0.388
462000 0.236 0.375 0.000 0.388
462500 0.236 0.375 0.000 0.388
463000 0.236 0.375 0.000 0.388
463500 0.236 0.375 0.000 0.388
464000 0.236 0.375 0.000 0.388
464500 0.236 0.375 0.000 0.388
465000 0.236 0.375 0.000 0.388
465500 0.236 0.375 0.000 0.388
466000 0.236 0.375 0.000 0.388
466500 0.236 0.375 0.000 0.388
467000 0.236 0.375 0.000 0.388
467500 0.236 0.375 0.000 0.388
468000 0.236 0.375 0.000 0.388
468500 0.236 0.375 0.000 0.388
469000 0.236 0.375 0.000 0.388
469500 0.236 0.375 0.000 0.388
470000 0.236 0.375 0.000 0.388
470500 0.236 0.375 0.000 0.388
471000 0.236 0.375 0.000 0.388
471500 0.236 0.375 0.000 0.388
472000 0.236 0.375 0.000 0.388
472500 0.236 0.375 0.000 0.388
473000 0.236 0.375 0.000 0.388
473500 0.236 0.375 0.000 0.388
474000 0.236 0.375 0.000 0.388
474500 0.236 0.375 0.000 0.388
475000 0.236 0.375 0.000 0.388
475500 0.236 0.375 0.000 0.388
476000 0.236 0.375 0.000 0.388
476500 0.236 0.375 0.000 0.388
477000 0.236 0.375 0.000 0.388
477500 0.236 0.375 0.000 0.388
478000 0.236 0.375 0.000 0.388
478500 0.236 0.375 0.000 0.388
479000 0.236 0.375 0.000 0.388
479500 0.236 0.375 0.000 0.388
480000 0.236 0.375 0.000 0.388
480500 0.236 0.375 0.000 0.388
481000 0.236 0.375 0.000 0.388
481500 0.236 0.375 0.000 0.388
482000 0.236 0.375 0.000 0.388
482500 0.236 0.375 0.000 0.388
483000 0.236 0.375 0.000 0.388
483500 0.236 0.375 0.000 0.388
484000 0.236 0.375 0.000 0.388
484500 0.236 0.375 0.000 0.388
485000 0.236 0.375 0.000 0.388
485500 0.236 0.375 0.000 0.388
486000 0.236 0.375 0.000 0.388
486500 0.236 0.375 0.000 0.388
487000 0.236 0.375 0.000 0.388
487500 0.236 0.375 0.000 0.388
488000 0.236 0.375 0.000 0.388
488500 0.236 0.375 0.000 0.388
489000 0.236 0.375 0.000 0.388
489500 0.236 0.375 0.000 0.388
490000 0.236 0.375 0.000 0.388
490500 0.236 0.375 0.000 0.388
491000 0.236 0.375 0.000 0.388
491500 0.236 0.375 0.000 0.388
492000 0.236 0.375 0.000 0.388
492500 0.236 0.375 0.000 0.388
493000 0.236 0.375 0.000 0.388
493500 0.236 0.375 0.000 0.388
494000 0.236 0.375 0.000 0.388
494500 0.236 0.375 0.000 0.388
495000 0.236 0.375 0.000 0.388
495500 0.236 0.375 0.000 0.388
496000 0.236 0.375 0.000 0.388
496500 0.236 0.375 0.000 0.388
497000 0.236 0.375 0.000 0.388
497500 0.236 0.375 0.000 0.388
498000 0.236 0.375 0.000 0.388
498500 0.236 0.375 0.000 0.388
499000 0.236 0.375 0.000 0.388
499500 0.236 0.375 0.000 0.388
500000 0.236 0.375 0.000 0.388
