000000 0.250 0.250 0.250 0.250
000500 0.164 0.251 0.137 0.449
001000 0.041 0.105 0.489 0.364
001500 0.013 0.061 0.518 0.408
002000 0.014 0.041 0.511 0.433
002500 0.003 0.032 0.546 0.419
003000 0.001 0.026 0.537 0.436
003500 0.000 0.015 0.536 0.449
004000 0.000 0.021 0.539 0.440
004500 0.000 0.016 0.542 0.443
005000 0.000 0.009 0.540 0.451
005500 0.000 0.005 0.531 0.464
006000 0.000 0.001 0.542 0.457
006500 0.000 0.001 0.546 0.452
007000 0.000 0.002 0.533 0.465
007500 0.000 0.000 0.552 0.448
008000 0.000 0.000 0.541 0.459
008500 0.000 0.000 0.546 0.454
009000 0.000 0.000 0.544 0.456
009500 0.000 0.000 0.545 0.455
010000 0.000 0.000 0.521 0.479
010500 0.000 0.000 0.553 0.447
011000 0.000 0.000 0.555 0.445
011500 0.000 0.000 0.531 0.469
012000 0.000 0.000 0.532 0.468
012500 0.000 0.000 0.516 0.484
013000 0.000 0.000 0.551 0.449
013500 0.000 0.000 0.531 0.469
014000 0.000 0.000 0.543 0.457
014500 0.000 0.000 0.539 0.461
015000 0.000 0.000 0.552 0.448
015500 0.000 0.000 0.551 0.449
016000 0.000 0.000 0.541 0.459
016500 0.000 0.000 0.543 0.457
017000 0.000 0.000 0.546 0.454
017500 0.000 0.000 0.555 0.445
018000 0.000 0.000 0.562 0.438
018500 0.000 0.000 0.557 0.443
019000 0.000 0.000 0.543 0.457
019500 0.000 0.000 0.533 0.467
020000 0.000 0.000 0.545 0.455
020500 0.000 0.000 0.536 0.464
021000 0.000 0.000 0.546 0.454
021500 0.000 0.000 0.553 0.447
022000 0.000 0.000 0.558 0.442
022500 0.000 0.000 0.540 0.460
023000 0.000 0.000 0.541 0.459
023500 0.000 0.000 0.542 0.458
024000 0.000 0.000 0.541 0.459
024500 0.000 0.000 0.535 0.465
025000 0.000 0.000 0.538 0.462
025500 0.000 0.000 0.544 0.456
026000 0.000 0.000 0.539 0.461
026500 0.000 0.000 0.544 0.456
027000 0.000 0.000 0.553 0.447
027500 0.000 0.000 0.536 0.464
028000 0.000 0.000 0.548 0.452
028500 0.000 0.000 0.558 0.442
029000 0.000 0.000 0.542 0.458
029500 0.000 0.000 0.546 0.454
030000 0.000 0.000 0.536 0.464
030500 0.000 0.000 0.536 0.464
031000 0.000 0.000 0.537 0.463
031500 0.000 0.000 0.540 0.460
032000 0.000 0.000 0.538 0.462
032500 0.000 0.000 0.549 0.451
033000 0.000 0.000 0.545 0.455
033500 0.000 0.000 0.547 0.453
034000 0.000 0.000 0.550 0.450
034500 0.000 0.000 0.538 0.462
035000 0.000 0.000 0.539 0.461
035500 0.000 0.000 0.557 0.443
036000 0.000 0.000 0.531 0.469
036500 0.000 0.000 0.539 0.461
037000 0.000 0.000 0.553 0.447
037500 0.000 0.000 0.556 0.444
038000 0.000 0.000 0.549 0.451
038500 0.000 0.000 0.544 0.456
039000 0.000 0.000 0.539 0.461
039500 0.000 0.000 0.557 0.443
040000 0.000 0.000 0.545 0.455
040500 0.000 0.000 0.551 0.449
041000 0.000 0.000 0.543 0.457
041500 0.000 0.000 0.547 0.453
042000 0.000 0.000 0.545 0.455
042500 0.000 0.000 0.554 0.446
043000 0.000 0.000 0.538 0.462
043500 0.000 0.000 0.542 0.458
044000 0.000 0.000 0.530 0.470
044500 0.000 0.000 0.544 0.456
045000 0.000 0.000 0.549 0.451
045500 0.000 0.000 0.540 0.460
046000 0.000 0.000 0.541 0.459
046500 0.000 0.000 0.531 0.469
047000 0.000 0.000 0.543 0.457
047500 0.000 0.000 0.538 0.462
048000 0.000 0.000 0.546 0.454
048500 0.000 0.000 0.543 0.457
049000 0.000 0.000 0.554 0.446
049500 0.000 0.000 0.539 0.461
050000 0.000 0.000 0.544 0.456
050500 0.000 0.000 0.549 0.451
051000 0.000 0.000 0.537 0.463
051500 0.000 0.000 0.545 0.455
052000 0.000 0.000 0.546 0.454
052500 0.000 0.000 0.524 0.476
053000 0.000 0.000 0.542 0.458
053500 0.000 0.000 0.557 0.443
054000 0.000 0.000 0.548 0.452
054500 0.000 0.000 0.545 0.455
055000 0.000 0.000 0.539 0.461
055500 0.000 0.000 0.546 0.454
056000 0.000 0.000 0.540 0.460
056500 0.000 0.000 0.554 0.446
057000 0.000 0.000 0.541 0.459
057500 0.000 0.000 0.527 0.473
058000 0.000 0.000 0.542 0.458
058500 0.000 0.000 0.542 0.458
059000 0.000 0.000 0.545 0.455
059500 0.000 0.000 0.544 0.456
060000 0.000 0.000 0.539 0.461
060500 0.000 0.000 0.548 0.452
061000 0.000 0.000 0.541 0.459
061500 0.000 0.000 0.547 0.453
062000 0.000 0.000 0.557 0.443
062500 0.000 0.000 0.543 0.457
063000 0.000 0.000 0.547 0.453
063500 0.000 0.000 0.558 0.442
064000 0.000 0.000 0.544 0.456
064500 0.000 0.000 0.562 0.438
065000 0.000 0.000 0.540 0.460
065500 0.000 0.000 0.544 0.456
066000 0.000 0.000 0.536 0.464
066500 0.000 0.000 0.536 0.464
067000 0.000 0.000 0.553 0.447
067500 0.000 0.000 0.546 0.454
068000 0.000 0.000 0.543 0.457
068500 0.000 0.000 0.558 0.442
069000 0.000 0.000 0.545 0.455
069500 0.000 0.000 0.558 0.442
070000 0.000 0.000 0.554 0.446
070500 0.000 0.000 0.560 0.440
071000 0.000 0.000 0.533 0.467
071500 0.000 0.000 0.539 0.461
072000 0.000 0.000 0.546 0.454
072500 0.000 0.000 0.546 0.454
073000 0.000 0.000 0.542 0.458
073500 0.000 0.000 0.540 0.460
074000 0.000 0.000 0.545 0.455
074500 0.000 0.000 0.535 0.465
075000 0.000 0.000 0.544 0.456
075500 0.000 0.000 0.536 0.464
076000 0.000 0.000 0.570 0.430
076500 0.000 0.000 0.542 0.458
077000 0.000 0.000 0.544 0.456
077500 0.000 0.000 0.537 0.463
078000 0.000 0.000 0.551 0.449
078500 0.000 0.000 0.548 0.452
079000 0.000 0.000 0.552 0.448
079500 0.000 0.000 0.556 0.444
080000 0.000 0.000 0.539 0.461
080500 0.000 0.000 0.546 0.454
081000 0.000 0.000 0.524 0.476
081500 0.000 0.000 0.539 0.461
082000 0.000 0.000 0.546 0.454
082500 0.000 0.000 0.548 0.452
083000 0.000 0.000 0.546 0.454
083500 0.000 0.000 0.539 0.461
084000 0.000 0.000 0.554 0.446
084500 0.000 0.000 0.539 0.461
085000 0.000 0.000 0.547 0.453
085500 0.000 0.000 0.533 0.467
086000 0.000 0.000 0.533 0.467
086500 0.000 0.000 0.546 0.454
087000 0.000 0.000 0.551 0.449
087500 0.000 0.000 0.549 0.451
088000 0.000 0.000 0.534 0.466
088500 0.000 0.000 0.537 0.463
089000 0.000 0.000 0.552 0.448
089500 0.000 0.000 0.527 0.473
090000 0.000 0.000 0.544 0.456
090500 0.000 0.000 0.540 0.460
091000 0.000 0.000 0.555 0.445
091500 0.000 0.000 0.540 0.460
092000 0.000 0.000 0.539 0.461
092500 0.000 0.000 0.554 0.446
093000 0.000 0.000 0.533 0.467
093500 0.000 0.000 0.542 0.458
094000 0.000 0.000 0.543 0.457
094500 0.000 0.000 0.549 0.451
095000 0.000 0.000 0.551 0.449
095500 0.000 0.000 0.527 0.473
096000 0.000 0.000 0.542 0.458
096500 0.000 0.000 0.549 0.451
097000 0.000 0.000 0.556 0.444
097500 0.000 0.000 0.535 0.465
098000 0.000 0.000 0.542 0.458
098500 0.000 0.000 0.569 0.431
099000 0.000 0.000 0.539 0.461
099500 0.000 0.000 0.541 0.459
100000 0.000 0.000 0.541 0.459
100500 0.000 0.000 0.546 0.454
101000 0.000 0.000 0.550 0.450
101500 0.000 0.000 0.548 0.452
102000 0.000 0.000 0.539 0.461
102500 0.000 0.000 0.545 0.455
103000 0.000 0.000 0.550 0.450
103500 0.000 0.000 0.540 0.460
104000 0.000 0.000 0.533 0.467
104500 0.000 0.000 0.545 0.455
105000 0.000 0.000 0.545 0.455
105500 0.000 0.000 0.555 0.445
106000 0.000 0.000 0.537 0.463
106500 0.000 0.000 0.546 0.454
107000 0.000 0.000 0.554 0.446
107500 0.000 0.000 0.549 0.451
108000 0.000 0.000 0.543 0.457
108500 0.000 0.000 0.551 0.449
109000 0.000 0.000 0.556 0.444
109500 0.000 0.000 0.557 0.443
110000 0.000 0.000 0.554 0.446
110500 0.000 0.000 0.552 0.448
111000 0.000 0.000 0.540 0.460
111500 0.000 0.000 0.542 0.458
112000 0.000 0.000 0.555 0.445
112500 0.000 0.000 0.559 0.441
113000 0.000 0.000 0.543 0.457
113500 0.000 0.000 0.542 0.458
114000 0.000 0.000 0.552 0.448
114500 0.000 0.000 0.527 0.473
115000 0.000 0.000 0.538 0.462
115500 0.000 0.000 0.534 0.466
116000 0.000 0.000 0.537 0.463
116500 0.000 0.000 0.555 0.445
117000 0.000 0.000 0.546 0.454
117500 0.000 0.000 0.549 0.451
118000 0.000 0.000 0.530 0.470
118500 0.000 0.000 0.543 0.457
119000 0.000 0.000 0.538 0.462
119500 0.000 0.000 0.535 0.465
120000 0.000 0.000 0.554 0.446
120500 0.000 0.000 0.543 0.457
121000 0.000 0.000 0.517 0.483
121500 0.000 0.000 0.539 0.461
122000 0.000 0.000 0.541 0.459
122500 0.000 0.000 0.563 0.437
123000 0.000 0.000 0.536 0.464
123500 0.000 0.000 0.552 0.448
124000 0.000 0.000 0.551 0.449
124500 0.000 0.000 0.551 0.449
125000 0.000 0.000 0.546 0.454
125500 0.000 0.000 0.553 0.447
126000 0.000 0.000 0.559 0.441
126500 0.000 0.000 0.539 0.461
127000 0.000 0.000 0.540 0.460
127500 0.000 0.000 0.550 0.450
128000 0.000 0.000 0.545 0.455
128500 0.000 0.000 0.538 0.462
129000 0.000 0.000 0.566 0.434
129500 0.000 0.000 0.534 0.466
130000 0.000 0.000 0.523 0.477
130500 0.000 0.000 0.539 0.461
131000 0.000 0.000 0.547 0.453
131500 0.000 0.000 0.558 0.442
132000 0.000 0.000 0.526 0.474
132500 0.000 0.000 0.538 0.462
133000 0.000 0.000 0.540 0.460
133500 0.000 0.000 0.576 0.424
134000 0.000 0.000 0.554 0.446
134500 0.000 0.000 0.558 0.442
135000 0.000 0.000 0.548 0.452
135500 0.000 0.000 0.552 0.448
136000 0.000 0.000 0.555 0.445
136500 0.000 0.000 0.537 0.463
137000 0.000 0.000 0.543 0.457
137500 0.000 0.000 0.556 0.444
138000 0.000 0.000 0.530 0.470
138500 0.000 0.000 0.538 0.462
139000 0.000 0.000 0.533 0.467
139500 0.000 0.000 0.544 0.456
140000 0.000 0.000 0.533 0.467
140500 0.000 0.000 0.542 0.458
141000 0.000 0.000 0.553 0.447
141500 0.000 0.000 0.536 0.464
142000 0.000 0.000 0.538 0.462
142500 0.000 0.000 0.563 0.437
143000 0.000 0.000 0.538 0.462
143500 0.000 0.000 0.548 0.452
144000 0.000 0.000 0.534 0.466
144500 0.000 0.000 0.551 0.449
145000 0.000 0.000 0.535 0.465
145500 0.000 0.000 0.539 0.461
146000 0.000 0.000 0.554 0.446
146500 0.000 0.000 0.548 0.452
147000 0.000 0.000 0.531 0.469
147500 0.000 0.000 0.525 0.475
148000 0.000 0.000 0.539 0.461
148500 0.000 0.000 0.554 0.446
149000 0.000 0.000 0.534 0.466
149500 0.000 0.000 0.533 0.467
150000 0.000 0.000 0.546 0.454
150500 0.000 0.000 0.549 0.451
151000 0.000 0.000 0.543 0.457
151500 0.000 0.000 0.544 0.456
152000 0.000 0.000 0.544 0.456
152500 0.000 0.000 0.551 0.449
153000 0.000 0.000 0.559 0.441
153500 0.000 0.000 0.540 0.460
154000 0.000 0.000 0.549 0.451
154500 0.000 0.000 0.526 0.474
155000 0.000 0.000 0.545 0.455
155500 0.000 0.000 0.533 0.467
156000 0.000 0.000 0.542 0.458
156500 0.000 0.000 0.548 0.452
157000 0.000 0.000 0.560 0.440
157500 0.000 0.000 0.554 0.446
158000 0.000 0.000 0.549 0.451
158500 0.000 0.000 0.548 0.452
159000 0.000 0.000 0.548 0.452
159500 0.000 0.000 0.537 0.463
160000 0.000 0.000 0.551 0.449
160500 0.000 0.000 0.545 0.455
161000 0.000 0.000 0.565 0.435
161500 0.000 0.000 0.542 0.458
162000 0.000 0.000 0.547 0.453
162500 0.000 0.000 0.548 0.452
163000 0.000 0.000 0.546 0.454
163500 0.000 0.000 0.558 0.442
164000 0.000 0.000 0.535 0.465
164500 0.000 0.000 0.546 0.454
165000 0.000 0.000 0.554 0.446
165500 0.000 0.000 0.546 0.454
166000 0.000 0.000 0.537 0.463
166500 0.000 0.000 0.549 0.451
167000 0.000 0.000 0.559 0.441
167500 0.000 0.000 0.544 0.456
168000 0.000 0.000 0.547 0.453
168500 0.000 0.000 0.548 0.452
169000 0.000 0.000 0.555 0.445
169500 0.000 0.000 0.555 0.445
170000 0.000 0.000 0.545 0.455
170500 0.000 0.000 0.544 0.456
171000 0.000 0.000 0.534 0.466
171500 0.000 0.000 0.555 0.445
172000 0.000 0.000 0.538 0.462
172500 0.000 0.000 0.551 0.449
173000 0.000 0.000 0.539 0.461
173500 0.000 0.000 0.551 0.449
174000 0.000 0.000 0.555 0.445
174500 0.000 0.000 0.539 0.461
175000 0.000 0.000 0.561 0.439
175500 0.000 0.000 0.544 0.456
176000 0.000 0.000 0.549 0.451
176500 0.000 0.000 0.544 0.456
177000 0.000 0.000 0.548 0.452
177500 0.000 0.000 0.553 0.447
178000 0.000 0.000 0.527 0.473
178500 0.000 0.000 0.545 0.455
179000 0.000 0.000 0.551 0.449
179500 0.000 0.000 0.545 0.455
180000 0.000 0.000 0.544 0.456
180500 0.000 0.000 0.551 0.449
181000 0.000 0.000 0.542 0.458
181500 0.000 0.000 0.542 0.458
182000 0.000 0.000 0.536 0.464
182500 0.000 0.000 0.561 0.439
183000 0.000 0.000 0.543 0.457
183500 0.000 0.000 0.536 0.464
184000 0.000 0.000 0.551 0.449
184500 0.000 0.000 0.535 0.465
185000 0.000 0.000 0.545 0.455
185500 0.000 0.000 0.538 0.462
186000 0.000 0.000 0.535 0.465
186500 0.000 0.000 0.563 0.437
187000 0.000 0.000 0.561 0.439
187500 0.000 0.000 0.548 0.452
188000 0.000 0.000 0.551 0.449
188500 0.000 0.000 0.545 0.455
189000 0.000 0.000 0.531 0.469
189500 0.000 0.000 0.536 0.464
190000 0.000 0.000 0.575 0.425
190500 0.000 0.000 0.534 0.466
191000 0.000 0.000 0.543 0.457
191500 0.000 0.000 0.534 0.466
192000 0.000 0.000 0.545 0.455
192500 0.000 0.000 0.554 0.446
193000 0.000 0.000 0.546 0.454
193500 0.000 0.000 0.544 0.456
194000 0.000 0.000 0.551 0.449
194500 0.000 0.000 0.537 0.463
195000 0.000 0.000 0.548 0.452
195500 0.000 0.000 0.551 0.449
196000 0.000 0.000 0.534 0.466
196500 0.000 0.000 0.545 0.455
197000 0.000 0.000 0.545 0.455
197500 0.000 0.000 0.541 0.459
198000 0.000 0.000 0.555 0.445
198500 0.000 0.000 0.552 0.448
199000 0.000 0.000 0.538 0.462
199500 0.000 0.000 0.550 0.450
200000 0.000 0.000 0.536 0.464
200500 0.000 0.000 0.561 0.439
201000 0.000 0.000 0.543 0.457
201500 0.000 0.000 0.546 0.454
202000 0.000 0.000 0.540 0.460
202500 0.000 0.000 0.541 0.459
203000 0.000 0.000 0.550 0.450
203500 0.000 0.000 0.553 0.447
204000 0.000 0.000 0.564 0.436
204500 0.000 0.000 0.543 0.457
205000 0.000 0.000 0.551 0.449
205500 0.000 0.000 0.552 0.448
206000 0.000 0.000 0.551 0.449
206500 0.000 0.000 0.557 0.443
207000 0.000 0.000 0.523 0.477
207500 0.000 0.000 0.536 0.464
208000 0.000 0.000 0.536 0.464
208500 0.000 0.000 0.555 0.445
209000 0.000 0.000 0.541 0.459
209500 0.000 0.000 0.537 0.463
210000 0.000 0.000 0.557 0.443
210500 0.000 0.000 0.532 0.468
211000 0.000 0.000 0.544 0.456
211500 0.000 0.000 0.543 0.457
212000 0.000 0.000 0.549 0.451
212500 0.000 0.000 0.561 0.439
213000 0.000 0.000 0.536 0.464
213500 0.000 0.000 0.542 0.458
214000 0.000 0.000 0.567 0.433
214500 0.000 0.000 0.547 0.453
215000 0.000 0.000 0.539 0.461
215500 0.000 0.000 0.543 0.457
216000 0.000 0.000 0.559 0.441
216500 0.000 0.000 0.546 0.454
217000 0.000 0.000 0.547 0.453
217500 0.000 0.000 0.539 0.461
218000 0.000 0.000 0.545 0.455
218500 0.000 0.000 0.547 0.453
219000 0.000 0.000 0.568 0.432
219500 0.000 0.000 0.542 0.458
220000 0.000 0.000 0.537 0.463
220500 0.000 0.000 0.550 0.450
221000 0.000 0.000 0.538 0.462
221500 0.000 0.000 0.543 0.457
222000 0.000 0.000 0.560 0.440
222500 0.000 0.000 0.553 0.447
223000 0.000 0.000 0.552 0.448
223500 0.000 0.000 0.539 0.461
224000 0.000 0.000 0.559 0.441
224500 0.000 0.000 0.545 0.455
225000 0.000 0.000 0.543 0.457
225500 0.000 0.000 0.564 0.436
226000 0.000 0.000 0.545 0.455
226500 0.000 0.000 0.553 0.447
227000 0.000 0.000 0.552 0.448
227500 0.000 0.000 0.545 0.455
228000 0.000 0.000 0.550 0.450
228500 0.000 0.000 0.532 0.468
229000 0.000 0.000 0.541 0.459
229500 0.000 0.000 0.535 0.465
230000 0.000 0.000 0.533 0.467
230500 0.000 0.000 0.543 0.457
231000 0.000 0.000 0.544 0.456
231500 0.000 0.000 0.535 0.465
232000 0.000 0.000 0.542 0.458
232500 0.000 0.000 0.546 0.454
233000 0.000 0.000 0.543 0.457
233500 0.000 0.000 0.551 0.449
234000 0.000 0.000 0.534 0.466
234500 0.000 0.000 0.544 0.456
235000 0.000 0.000 0.536 0.464
235500 0.000 0.000 0.525 0.475
236000 0.000 0.000 0.539 0.461
236500 0.000 0.000 0.555 0.445
237000 0.000 0.000 0.540 0.460
237500 0.000 0.000 0.548 0.452
238000 0.000 0.000 0.539 0.461
238500 0.000 0.000 0.528 0.472
239000 0.000 0.000 0.544 0.456
239500 0.000 0.000 0.536 0.464
240000 0.000 0.000 0.543 0.457
240500 0.000 0.000 0.535 0.465
241000 0.000 0.000 0.545 0.455
241500 0.000 0.000 0.555 0.445
242000 0.000 0.000 0.541 0.459
242500 0.000 0.000 0.559 0.441
243000 0.000 0.000 0.546 0.454
243500 0.000 0.000 0.550 0.450
244000 0.000 0.000 0.541 0.459
244500 0.000 0.000 0.552 0.448
245000 0.000 0.000 0.543 0.457
245500 0.000 0.000 0.549 0.451
246000 0.000 0.000 0.548 0.452
246500 0.000 0.000 0.541 0.459
247000 0.000 0.000 0.574 0.426
247500 0.000 0.000 0.545 0.455
248000 0.000 0.000 0.559 0.441
248500 0.000 0.000 0.556 0.444
249000 0.000 0.000 0.561 0.439
249500 0.000 0.000 0.537 0.463
250000 0.000 0.000 0.542 0.458
250500 0.000 0.000 0.542 0.458
251000 0.000 0.000 0.550 0.450
251500 0.000 0.000 0.550 0.450
252000 0.000 0.000 0.553 0.447
252500 0.000 0.000 0.545 0.455
253000 0.000 0.000 0.537 0.463
253500 0.000 0.000 0.537 0.463
254000 0.000 0.000 0.546 0.454
254500 0.000 0.000 0.543 0.457
255000 0.000 0.000 0.550 0.450
255500 0.000 0.000 0.555 0.445
256000 0.000 0.000 0.550 0.450
256500 0.000 0.000 0.550 0.450
257000 0.000 0.000 0.530 0.470
257500 0.000 0.000 0.538 0.462
258000 0.000 0.000 0.541 0.459
258500 0.000 0.000 0.545 0.455
259000 0.000 0.000 0.541 0.459
259500 0.000 0.000 0.541 0.459
260000 0.000 0.000 0.551 0.449
260500 0.000 0.000 0.535 0.465
261000 0.000 0.000 0.540 0.460
261500 0.000 0.000 0.544 0.456
262000 0.000 0.000 0.556 0.444
262500 0.000 0.000 0.540 0.460
263000 0.000 0.000 0.545 0.455
263500 0.000 0.000 0.544 0.456
264000 0.000 0.000 0.545 0.455
264500 0.000 0.000 0.545 0.455
265000 0.000 0.000 0.545 0.455
265500 0.000 0.000 0.545 0.455
266000 0.000 0.000 0.545 0.455
266500 0.000 0.000 0.545 0.455
267000 0.000 0.000 0.545 0.455
267500 0.000 0.000 0.545 0.455
268000 0.000 0.000 0.545 0.455
268500 0.000 0.000 0.545 0.455
269000 0.000 0.000 0.545 0.455
269500 0.000 0.000 0.545 0.455
270000 0.000 0.000 0.545 0.455
270500 0.000 0.000 0.545 0.455
271000 0.000 0.000 0.545 0.455
271500 0.000 0.000 0.545 0.455
272000 0.000 0.000 0.545 0.455
272500 0.000 0.000 0.545 0.455
273000 0.000 0.000 0.545 0.455
273500 0.000 0.000 0.545 0.455
274000 0.000 0.000 0.545 0.455
274500 0.000 0.000 0.545 0.455
275000 0.000 0.000 0.545 0.455
275500 0.000 0.000 0.545 0.455
276000 0.000 0.000 0.545 0.455
276500 0.000 0.000 0.545 0.455
277000 0.000 0.000 0.545 0.455
277500 0.000 0.000 0.545 0.455
278000 0.000 0.000 0.545 0.455
278500 0.000 0.000 0.545 0.455
279000 0.000 0.000 0.545 0.455
279500 0.000 0.000 0.545 0.455
280000 0.000 0.000 0.545 0.455
280500 0.000 0.000 0.545 0.455
281000 0.000 0.000 0.545 0.455
281500 0.000 0.000 0.545 0.455
282000 0.000 0.000 0.545 0.455
282500 0.000 0.000 0.545 0.455
283000 0.000 0.000 0.545 0.455
283500 0.000 0.000 0.545 0.455
284000 0.000 0.000 0.545 0.455
284500 0.000 0.000 0.545 0.455
285000 0.000 0.000 0.545 0.455
285500 0.000 0.000 0.545 0.455
286000 0.000 0.000 0.545 0.455
286500 0.000 0.000 0.545 0.455
287000 0.000 0.000 0.545 0.455
287500 0.000 0.000 0.545 0.455
288000 0.000 0.000 0.545 0.455
288500 0.000 0.000 0.545 0.455
289000 0.000 0.000 0.545 0.455
289500 0.000 0.000 0.545 0.455
290000 0.000 0.000 0.545 0.455
290500 0.000 0.000 0.545 0.455
291000 0.000 0.000 0.545 0.455
291500 0.000 0.000 0.545 0.455
292000 0.000 0.000 0.545 0.455
292500 0.000 0.000 0.545 0.455
293000 0.000 0.000 0.545 0.455
293500 0.000 0.000 0.545 0.455
294000 0.000 0.000 0.545 0.455
294500 0.000 0.000 0.545 0.455
295000 0.000 0.000 0.545 0.455
295500 0.000 0.000 0.545 0.455
296000 0.000 0.000 0.545 0.455
296500 0.000 0.000 0.545 0.455
297000 0.000 0.000 0.545 0.455
297500 0.000 0.000 0.545 0.455
298000 0.000 0.000 0.545 0.455
298500 0.000 0.000 0.545 0.455
299000 0.000 0.000 0.545 0.455
299500 0.000 0.000 0.545 0.455
300000 0.000 0.000 0.545 0.455
300500 0.000 0.000 0.545 0.455
301000 0.000 0.000 0.545 0.455
301500 0.000 0.000 0.545 0.455
302000 0.000 0.000 0.545 0.455
302500 0.000 0.000 0.545 0.455
303000 0.000 0.000 0.545 0.455
303500 0.000 0.000 0.545 0.455
304000 0.000 0.000 0.545 0.455
304500 0.000 0.000 0.545 0.455
305000 0.000 0.000 0.545 0.455
305500 0.000 0.000 0.545 0.455
306000 0.000 0.000 0.545 0.455
306500 0.000 0.000 0.545 0.455
307000 0.000 0.000 0.545 0.455
307500 0.000 0.000 0.545 0.455
308000 0.000 0.000 0.545 0.455
308500 0.000 0.000 0.545 0.455
309000 0.000 0.000 0.545 0.455
309500 0.000 0.000 0.545 0.455
310000 0.000 0.000 0.545 0.455
310500 0.000 0.000 0.545 0.455
311000 0.000 0.000 0.545 0.455
311500 0.000 0.000 0.545 0.455
312000 0.000 0.000 0.545 0.455
312500 0.000 0.000 0.545 0.455
313000 0.000 0.000 0.545 0.455
313500 0.000 0.000 0.545 0.455
314000 0.000 0.000 0.545 0.455
314500 0.000 0.000 0.545 0.455
315000 0.000 0.000 0.545 0.455
315500 0.000 0.000 0.545 0.455
316000 0.000 0.000 0.545 0.455
316500 0.000 0.000 0.545 0.455
317000 0.000 0.000 0.545 0.455
317500 0.000 0.000 0.545 0.455
318000 0.000 0.000 0.545 0.455
318500 0.000 0.000 0.545 0.455
319000 0.000 0.000 0.545 0.455
319500 0.000 0.000 0.545 0.455
320000 0.000 0.000 0.545 0.455
320500 0.000 0.000 0.545 0.455
321000 0.000 0.000 0.545 0.455
321500 0.000 0.000 0.545 0.455
322000 0.000 0.000 0.545 0.455
322500 0.000 0.000 0.545 0.455
323000 0.000 0.000 0.545 0.455
323500 0.000 0.000 0.545 0.455
324000 0.000 0.000 0.545 0.455
324500 0.000 0.000 0.545 0.455
325000 0.000 0.000 0.545 0.455
325500 0.000 0.000 0.545 0.455
326000 0.000 0.000 0.545 0.455
326500 0.000 0.000 0.545 0.455
327000 0.000 0.000 0.545 0.455
327500 0.000 0.000 0.545 0.455
328000 0.000 0.000 0.545 0.455
328500 0.000 0.000 0.545 0.455
329000 0.000 0.000 0.545 0.455
329500 0.000 0.000 0.545 0.455
330000 0.000 0.000 0.545 0.455
330500 0.000 0.000 0.545 0.455
331000 0.000 0.000 0.545 0.455
331500 0.000 0.000 0.545 0.455
332000 0.000 0.000 0.545 0.455
332500 0.000 0.000 0.545 0.455
333000 0.000 0.000 0.545 0.455
333500 0.000 0.000 0.545 0.455
334000 0.000 0.000 0.545 0.455
334500 0.000 0.000 0.545 0.455
335000 0.000 0.000 0.545 0.455
335500 0.000 0.000 0.545 0.455
336000 0.000 0.000 0.545 0.455
336500 0.000 0.000 0.545 0.455
337000 0.000 0.000 0.545 0.455
337500 0.000 0.000 0.545 0.455
338000 0.000 0.000 0.545 0.455
338500 0.000 0.000 0.545 0.455
339000 0.000 0.000 0.545 0.455
339500 0.000 0.000 0.545 0.455
340000 0.000 0.000 0.545 0.455
340500 0.000 0.000 0.545 0.455
341000 0.000 0.000 0.545 0.455
341500 0.000 0.000 0.545 0.455
342000 0.000 0.000 0.545 0.455
342500 0.000 0.000 0.545 0.455
343000 0.000 0.000 0.545 0.455
343500 0.000 0.000 0.545 0.455
344000 0.000 0.000 0.545 0.455
344500 0.000 0.000 0.545 0.455
345000 0.000 0.000 0.545 0.455
345500 0.000 0.000 0.545 0.455
346000 0.000 0.000 0.545 0.455
346500 0.000 0.000 0.545 0.455
347000 0.000 0.000 0.545 0.455
347500 0.000 0.000 0.545 0.455
348000 0.000 0.000 0.545 0.455
348500 0.000 0.000 0.545 0.455
349000 0.000 0.000 0.545 0.455
349500 0.000 0.000 0.545 0.455
350000 0.000 0.000 0.545 0.455
350500 0.000 0.000 0.545 0.455
351000 0.000 0.000 0.545 0.455
351500 0.000 0.000 0.545 0.455
352000 0.000 0.000 0.545 0.455
352500 0.000 0.000 0.545 0.455
353000 0.000 0.000 0.545 0.455
353500 0.000 0.000 0.545 0.455
354000 0.000 0.000 0.545 0.455
354500 0.000 0.000 0.545 0.455
355000 0.000 0.000 0.545 0.455
355500 0.000 0.000 0.545 0.455
356000 0.000 0.000 0.545 0.455
356500 0.000 0.000 0.545 0.455
357000 0.000 0.000 0.545 0.455
357500 0.000 0.000 0.545 0.455
358000 0.000 0.000 0.545 0.455
358500 0.000 0.000 0.545 0.455
359000 0.000 0.000 0.545 0.455
359500 0.000 0.000 0.545 0.455
360000 0.000 0.000 0.545 0.455
360500 0.000 0.000 0.545 0.455
361000 0.000 0.000 0.545 0.455
361500 0.000 0.000 0.545 0.455
362000 0.000 0.000 0.545 0.455
362500 0.000 0.000 0.545 0.455
363000 0.000 0.000 0.545 0.455
363500 0.000 0.000 0.545 0.455
364000 0.000 0.000 0.545 0.455
364500 0.000 0.000 0.545 0.455
365000 0.000 0.000 0.545 0.455
365500 0.000 0.000 0.545 0.455
366000 0.000 0.000 0.545 0.455
366500 0.000 0.000 0.545 0.455
367000 0.000 0.000 0.545 0.455
367500 0.000 0.000 0.545 0.455
368000 0.000 0.000 0.545 0.455
368500 0.000 0.000 0.545 0.455
369000 0.000 0.000 0.545 0.455
369500 0.000 0.000 0.545 0.455
370000 0.000 0.000 0.545 0.455
370500 0.000 0.000 0.545 0.455
371000 0.000 0.000 0.545 0.455
371500 0.000 0.000 0.545 0.455
372000 0.000 0.000 0.545 0.455
372500 0.000 0.000 0.545 0.455
373000 0.000 0.000 0.545 0.455
373500 0.000 0.000 0.545 0.455
374000 0.000 0.000 0.545 0.455
374500 0.000 0.000 0.545 0.455
375000 0.000 0.000 0.545 0.455
375500 0.000 0.000 0.545 0.455
376000 0.000 0.000 0.545 0.455
376500 0.000 0.000 0.545 0.455
377000 0.000 0.000 0.545 0.455
377500 0.000 0.000 0.545 0.455
378000 0.000 0.000 0.545 0.455
378500 0.000 0.000 0.545 0.455
379000 0.000 0.000 0.545 0.455
379500 0.000 0.000 0.545 0.455
380000 0.000 0.000 0.545 0.455
380500 0.000 0.000 0.545 0.455
381000 0.000 0.000 0.545 0.455
381500 0.000 0.000 0.545 0.455
382000 0.000 0.000 0.545 0.455
382500 0.000 0.000 0.545 0.455
383000 0.000 0.000 0.545 0.455
383500 0.000 0.000 0.545 0.455
384000 0.000 0.000 0.545 0.455
384500 0.000 0.000 0.545 0.455
385000 0.000 0.000 0.545 0.455
385500 0.000 0.000 0.545 0.455
386000 0.000 0.000 0.545 0.455
386500 0.000 0.000 0.545 0.455
387000 0.000 0.000 0.545 0.455
387500 0.000 0.000 0.545 0.455
388000 0.000 0.000 0.545 0.455
388500 0.000 0.000 0.545 0.455
389000 0.000 0.000 0.545 0.455
389500 0.000 0.000 0.545 0.455
390000 0.000 0.000 0.545 0.455
390500 0.000 0.000 0.545 0.455
391000 0.000 0.000 0.545 0.455
391500 0.000 0.000 0.545 0.455
392000 0.000 0.000 0.545 0.455
392500 0.000 0.000 0.545 0.455
393000 0.000 0.000 0.545 0.455
393500 0.000 0.000 0.545 0.455
394000 0.000 0.000 0.545 0.455
394500 0.000 0.000 0.545 0.455
395000 0.000 0.000 0.545 0.455
395500 0.000 0.000 0.545 0.455
396000 0.000 0.000 0.545 0.455
396500 0.000 0.000 0.545 0.455
397000 0.000 0.000 0.545 0.455
397500 0.000 0.000 0.545 0.455
398000 0.000 0.000 0.545 0.455
398500 0.000 0.000 0.545 0.455
399000 0.000 0.000 0.545 0.455
399500 0.000 0.000 0.545 0.455
400000 0.000 0.000 0.545 0.455
400500 0.000 0.000 0.545 0.455
401000 0.000 0.000 0.545 0.455
401500 0.000 0.000 0.545 0.455
402000 0.000 0.000 0.545 0.455
402500 0.000 0.000 0.545 0.455
403000 0.000 0.000 0.545 0.455
403500 0.000 0.000 0.545 0.455
404000 0.000 0.000 0.545 0.455
404500 0.000 0.000 0.545 0.455
405000 0.000 0.000 0.545 0.455
405500 0.000 0.000 0.545 0.455
406000 0.000 0.000 0.545 0.455
406500 0.000 0.000 0.545 0.455
407000 0.000 0.000 0.545 0.455
407500 0.000 0.000 0.545 0.455
408000 0.000 0.000 0.545 0.455
408500 0.000 0.000 0.545 0.455
409000 0.000 0.000 0.545 0.455
409500 0.000 0.000 0.545 0.455
410000 0.000 0.000 0.545 0.455
410500 0.000 0.000 0.545 0.455
411000 0.000 0.000 0.545 0.455
411500 0.000 0.000 0.545 0.455
412000 0.000 0.000 0.545 0.455
412500 0.000 0.000 0.545 0.455
413000 0.000 0.000 0.545 0.455
413500 0.000 0.000 0.545 0.455
414000 0.000 0.000 0.545 0.455
414500 0.000 0.000 0.545 0.455
415000 0.000 0.000 0.545 0.455
415500 0.000 0.000 0.545 0.455
416000 0.000 0.000 0.545 0.455
416500 0.000 0.000 0.545 0.455
417000 0.000 0.000 0.545 0.455
417500 0.000 0.000 0.545 0.455
418000 0.000 0.000 0.545 0.455
418500 0.000 0.000 0.545 0.455
419000 0.000 0.000 0.545 0.455
419500 0.000 0.000 0.545 0.455
420000 0.000 0.000 0.545 0.455
420500 0.000 0.000 0.545 0.455
421000 0.000 0.000 0.545 0.455
421500 0.000 0.000 0.545 0.455
422000 0.000 0.000 0.545 0.455
422500 0.000 0.000 0.545 0.455
423000 0.000 0.000 0.545 0.455
423500 0.000 0.000 0.545 0.455
424000 0.000 0.000 0.545 0.455
424500 0.000 0.000 0.545 0.455
425000 0.000 0.000 0.545 0.455
425500 0.000 0.000 0.545 0.455
426000 0.000 0.000 0.545 0.455
426500 0.000 0.000 0.545 0.455
427000 0.000 0.000 0.545 0.455
427500 0.000 0.000 0.545 0.455
428000 0.000 0.000 0.545 0.455
428500 0.000 0.000 0.545 0.455
429000 0.000 0.000 0.545 0.455
429500 0.000 0.000 0.545 0.455
430000 0.000 0.000 0.545 0.455
430500 0.000 0.000 0.545 0.455
431000 0.000 0.000 0.545 0.455
431500 0.000 0.000 0.545 0.455
432000 0.000 0.000 0.545 0.455
432500 0.000 0.000 0.545 0.455
433000 0.000 0.000 0.545 0.455
433500 0.000 0.000 0.545 0.455
434000 0.000 0.000 0.545 0.455
434500 0.000 0.000 0.545 0.455
435000 0.000 0.000 0.545 0.455
435500 0.000 0.000 0.545 0.455
436000 0.000 0.000 0.545 0.455
436500 0.000 0.000 0.545 0.455
437000 0.000 0.000 0.545 0.455
437500 0.000 0.000 0.545 0.455
438000 0.000 0.000 0.545 0.455
438500 0.000 0.000 0.545 0.455
439000 0.000 0.000 0.545 0.455
439500 0.000 0.000 0.545 0.455
440000 0.000 0.000 0.545 0.455
440500 0.000 0.000 0.545 0.455
441000 0.000 0.000 0.545 0.455
441500 0.000 0.000 0.545 0.455
442000 0.000 0.000 0.545 0.455
442500 0.000 0.000 0.545 0.455
443000 0.000 0.000 0.545 0.455
443500 0.000 0.000 0.545 0.455
444000 0.000 0.000 0.545 0.455
444500 0.000 0.000 0.545 0.455
445000 0.000 0.000 0.545 0.455
445500 0.000 0.000 0.545 0.455
446000 0.000 0.000 0.545 0.455
446500 0.000 0.000 0.545 0.455
447000 0.000 0.000 0.545 0.455
447500 0.000 0.000 0.545 0.455
448000 0.000 0.000 0.545 0.455
448500 0.000 0.000 0.545 0.455
449000 0.000 0.000 0.545 0.455
449500 0.000 0.000 0.545 0.455
450000 0.000 0.000 0.545 0.455
450500 0.000 0.000 0.545 0.455
451000 0.000 0.000 0.545 0.455
451500 0.000 0.000 0.545 0.455
452000 0.000 0.000 0.545 0.455
452500 0.000 0.000 0.545 0.455
453000 0.000 0.000 0.545 0.455
453500 0.000 0.000 0.545 0.455
454000 0.000 0.000 0.545 0.455
454500 0.000 0.000 0.545 0.455
455000 0.000 0.000 0.545 0.455
455500 0.000 0.000 0.545 0.455
456000 0.000 0.000 0.545 0.455
456500 0.000 0.000 0.545 0.455
457000 0.000 0.000 0.545 0.455
457500 0.000 0.000 0.545 0.455
458000 0.000 0.000 0.545 0.455
458500 0.000 0.000 0.545 0.455
459000 0.000 0.000 0.545 0.455
459500 0.000 0.000 0.545 0.455
460000 0.000 0.000 0.545 0.455
460500 0.000 0.000 0.545 0.455
461000 0.000 0.000 0.545 0.455
461500 0.000 0.000 0.545 0.455
462000 0.000 0.000 0.545 0.455
462500 0.000 0.000 0.545 0.455
463000 0.000 0.000 0.545 0.455
463500 0.000 0.000 0.545 0.455
464000 0.000 0.000 0.545 0.455
464500 0.000 0.000 0.545 0.455
465000 0.000 0.000 0.545 0.455
465500 0.000 0.000 0.545 0.455
466000 0.000 0.000 0.545 0.455
466500 0.000 0.000 0.545 0.455
467000 0.000 0.000 0.545 0.455
467500 0.000 0.000 0.545 0.455
468000 0.000 0.000 0.545 0.455
468500 0.000 0.000 0.545 0.455
469000 0.000 0.000 0.545 0.455
469500 0.000 0.000 0.545 0.455
470000 0.000 0.000 0.545 0.455
470500 0.000 0.000 0.545 0.455
471000 0.000 0.000 0.545 0.455
471500 0.000 0.000 0.545 0.455
472000 0.000 0.000 0.545 0.455
472500 0.000 0.000 0.545 0.455
473000 0.000 0.000 0.545 0.455
473500 0.000 0.000 0.545 0.455
474000 0.000 0.000 0.545 0.455
474500 0.000 0.000 0.545 0.455
475000 0.000 0.000 0.545 0.455
475500 0.000 0.000 0.545 0.455
476000 0.000 0.000 0.545 0.455
476500 0.000 0.000 0.545 0.455
477000 0.000 0.000 0.545 0.455
477500 0.000 0.000 0.545 0.455
478000 0.000 0.000 0.545 0.455
478500 0.000 0.000 0.545 0.455
479000 0.000 0.000 0.545 0.455
479500 0.000 0.000 0.545 0.455
480000 0.000 0.000 0.545 0.455
480500 0.000 0.000 0.545 0.455
481000 0.000 0.000 0.545 0.455
481500 0.000 0.000 0.545 0.455
482000 0.000 0.000 0.545 0.455
482500 0.000 0.000 0.545 0.455
483000 0.000 0.000 0.545 0.455
483500 0.000 0.000 0.545 0.455
484000 0.000 0.000 0.545 0.455
484500 0.000 0.000 0.545 0.455
485000 0.000 0.000 0.545 0.455
485500 0.000 0.000 0.545 0.455
486000 0.000 0.000 0.545 0.455
486500 0.000 0.000 0.545 0.455
487000 0.000 0.000 0.545 0.455
487500 0.000 0.000 0.545 0.455
488000 0.000 0.000 0.545 0.455
488500 0.000 0.000 0.545 0.455
489000 0.000 0.000 0.545 0.455
489500 0.000 0.000 0.545 0.455
490000 0.000 0.000 0.545 0.455
490500 0.000 0.000 0.545 0.455
491000 0.000 0.000 0.545 0.455
491500 0.000 0.000 0.545 0.455
492000 0.000 0.000 0.545 0.455
492500 0.000 0.000 0.545 0.455
493000 0.000 0.000 0.545 0.455
493500 0.000 0.000 0.545 0.455
494000 0.000 0.000 0.545 0.455
494500 0.000 0.000 0.545 0.455
495000 0.000 0.000 0.545 0.455
495500 0.000 0.000 0.545 0.455
496000 0.000 0.000 0.545 0.455
496500 0.000 0.000 0.545 0.455
497000 0.000 0.000 0.545 0.455
497500 0.000 0.000 0.545 0.455
498000 0.000 0.000 0.545 0.455
498500 0.000 0.000 0.545 0.455
499000 0.000 0.000 0.545 0.455
499500 0.000 0.000 0.545 0.455
500000 0.000 0.000 0.545 0.455
