000000 0.250 0.250 0.250 0.250
000500 0.115 0.524 0.000 0.361
001000 0.114 0.533 0.000 0.352
001500 0.114 0.538 0.000 0.348
002000 0.114 0.540 0.000 0.346
002500 0.114 0.543 0.000 0.343
003000 0.114 0.548 0.000 0.338
003500 0.114 0.551 0.000 0.335
004000 0.114 0.554 0.000 0.332
004500 0.114 0.555 0.000 0.331
005000 0.114 0.557 0.000 0.329
005500 0.114 0.558 0.000 0.328
006000 0.114 0.558 0.000 0.328
006500 0.114 0.560 0.000 0.326
007000 0.114 0.561 0.000 0.325
007500 0.114 0.563 0.000 0.323
008000 0.114 0.563 0.000 0.323
008500 0.114 0.564 0.000 0.322
009000 0.114 0.565 0.000 0.321
009500 0.114 0.565 0.000 0.321
010000 0.114 0.566 0.000 0.320
010500 0.114 0.566 0.000 0.320
011000 0.114 0.566 0.000 0.319
011500 0.114 0.567 0.000 0.319
012000 0.114 0.567 0.000 0.319
012500 0.114 0.567 0.000 0.319
013000 0.114 0.567 0.000 0.319
013500 0.114 0.567 0.000 0.319
014000 0.114 0.567 0.000 0.319
014500 0.114 0.567 0.000 0.319
015000 0.114 0.567 0.000 0.319
015500 0.114 0.567 0.000 0.319
016000 0.114 0.567 0.000 0.319
016500 0.114 0.567 0.000 0.319
017000 0.114 0.567 0.000 0.319
017500 0.114 0.567 0.000 0.319
018000 0.114 0.567 0.000 0.319
018500 0.114 0.567 0.000 0.319
019000 0.114 0.567 0.000 0.319
019500 0.114 0.567 0.000 0.319
020000 0.114 0.567 0.000 0.319
020500 0.114 0.567 0.000 0.319
021000 0.114 0.567 0.000 0.319
021500 0.114 0.567 0.000 0.319
022000 0.114 0.567 0.000 0.319
022500 0.114 0.567 0.000 0.319
023000 0.114 0.567 0.000 0.319
023500 0.114 0.567 0.000 0.319
024000 0.114 0.567 0.000 0.319
024500 0.114 0.567 0.000 0.319
025000 0.114 0.567 0.000 0.319
025500 0.114 0.567 0.000 0.319
026000 0.114 0.567 0.000 0.319
026500 0.114 0.567 0.000 0.319
027000 0.114 0.567 0.000 0.319
027500 0.114 0.567 0.000 0.319
028000 0.114 0.567 0.000 0.319
028500 0.114 0.567 0.000 0.319
029000 0.114 0.567 0.000 0.319
029500 0.114 0.567 0.000 0.319
030000 0.114 0.567 0.000 0.319
030500 0.114 0.567 0.000 0.319
031000 0.114 0.567 0.000 0.319
031500 0.114 0.567 0.000 0.319
032000 0.114 0.567 0.000 0.319
032500 0.114 0.567 0.000 0.319
033000 0.114 0.567 0.000 0.319
033500 0.114 0.567 0.000 0.319
034000 0.114 0.567 0.000 0.319
034500 0.114 0.567 0.000 0.319
035000 0.114 0.567 0.000 0.319
035500 0.114 0.567 0.000 0.319
036000 0.114 0.567 0.000 0.319
036500 0.114 0.567 0.000 0.319
037000 0.114 0.567 0.000 0.319
037500 0.114 0.567 0.000 0.319
038000 0.114 0.567 0.000 0.319
038500 0.114 0.567 0.000 0.319
039000 0.114 0.567 0.000 0.319
039500 0.114 0.567 0.000 0.319
040000 0.114 0.567 0.000 0.319
040500 0.114 0.567 0.000 0.319
041000 0.114 0.567 0.000 0.319
041500 0.114 0.567 0.000 0.319
042000 0.114 0.567 0.000 0.319
042500 0.114 0.567 0.000 0.319
043000 0.114 0.567 0.000 0.319
043500 0.114 0.567 0.000 0.319
044000 0.114 0.567 0.000 0.319
044500 0.114 0.567 0.000 0.319
045000 0.114 0.567 0.000 0.319
045500 0.114 0.567 0.000 0.319
046000 0.114 0.567 0.000 0.319
046500 0.114 0.567 0.000 0.319
047000 0.114 0.567 0.000 0.319
047500 0.114 0.567 0.000 0.319
048000 0.114 0.567 0.000 0.319
048500 0.114 0.567 0.000 0.319
049000 0.114 0.567 0.000 0.319
049500 0.114 0.567 0.000 0.319
050000 0.114 0.567 0.000 0.319
050500 0.114 0.567 0.000 0.319
051000 0.114 0.567 0.000 0.319
051500 0.114 0.567 0.000 0.319
052000 0.114 0.567 0.000 0.319
052500 0.114 0.567 0.000 0.319
053000 0.114 0.567 0.000 0.319
053500 0.114 0.567 0.000 0.319
054000 0.114 0.567 0.000 0.319
054500 0.114 0.567 0.000 0.319
055000 0.114 0.567 0.000 0.319
055500 0.114 0.567 0.000 0.319
056000 0.114 0.567 0.000 0.319
056500 0.114 0.567 0.000 0.319
057000 0.114 0.567 0.000 0.319
057500 0.114 0.567 0.000 0.319
058000 0.114 0.567 0.000 0.319
058500 0.114 0.567 0.000 0.319
059000 0.114 0.567 0.000 0.319
059500 0.114 0.567 0.000 0.319
060000 0.114 0.567 0.000 0.319
060500 0.114 0.567 0.000 0.319
061000 0.114 0.567 0.000 0.319
061500 0.114 0.567 0.000 0.319
062000 0.114 0.567 0.000 0.319
062500 0.114 0.567 0.000 0.319
063000 0.114 0.567 0.000 0.319
063500 0.114 0.567 0.000 0.319
064000 0.114 0.567 0.000 0.319
064500 0.114 0.567 0.000 0.319
065000 0.114 0.567 0.000 0.319
065500 0.114 0.567 0.000 0.319
066000 0.114 0.567 0.000 0.319
066500 0.114 0.567 0.000 0.319
067000 0.114 0.567 0.000 0.319
067500 0.114 0.567 0.000 0.319
068000 0.114 0.567 0.000 0.319
068500 0.114 0.567 0.000 0.319
069000 0.114 0.567 0.000 0.319
069500 0.114 0.567 0.000 0.319
070000 0.114 0.567 0.000 0.319
070500 0.114 0.567 0.000 0.319
071000 0.114 0.567 0.000 0.319
071500 0.114 0.567 0.000 0.319
072000 0.114 0.567 0.000 0.319
072500 0.114 0.567 0.000 0.319
073000 0.114 0.567 0.000 0.319
073500 0.114 0.567 0.000 0.319
074000 0.114 0.567 0.000 0.319
074500 0.114 0.567 0.000 0.319
075000 0.114 0.567 0.000 0.319
075500 0.114 0.567 0.000 0.319
076000 0.114 0.567 0.000 0.319
076500 0.114 0.567 0.000 0.319
077000 0.114 0.567 0.000 0.319
077500 0.114 0.567 0.000 0.319
078000 0.114 0.567 0.000 0.319
078500 0.114 0.567 0.000 0.319
079000 0.114 0.567 0.000 0.319
079500 0.114 0.567 0.000 0.319
080000 0.114 0.567 0.000 0.319
080500 0.114 0.567 0.000 0.319
081000 0.114 0.567 0.000 0.319
081500 0.114 0.567 0.000 0.319
082000 0.114 0.567 0.000 0.319
082500 0.114 0.567 0.000 0.319
083000 0.114 0.567 0.000 0.319
083500 0.114 0.567 0.000 0.319
084000 0.114 0.567 0.000 0.319
084500 0.114 0.567 0.000 0.319
085000 0.114 0.567 0.000 0.319
085500 0.114 0.567 0.000 0.319
086000 0.114 0.567 0.000 0.319
086500 0.114 0.567 0.000 0.319
087000 0.114 0.567 0.000 0.319
087500 0.114 0.567 0.000 0.319
088000 0.114 0.567 0.000 0.319
088500 0.114 0.567 0.000 0.319
089000 0.114 0.567 0.000 0.319
089500 0.114 0.567 0.000 0.319
090000 0.114 0.567 0.000 0.319
090500 0.114 0.567 0.000 0.319
091000 0.114 0.567 0.000 0.319
091500 0.114 0.567 0.000 0.319
092000 0.114 0.567 0.000 0.319
092500 0.114 0.567 0.000 0.319
093000 0.114 0.567 0.000 0.319
093500 0.114 0.567 0.000 0.319
094000 0.114 0.567 0.000 0.319
094500 0.114 0.567 0.000 0.319
095000 0.114 0.567 0.000 0.319
095500 0.114 0.567 0.000 0.319
096000 0.114 0.567 0.000 0.319
096500 0.114 0.567 0.000 0.319
097000 0.114 0.567 0.000 0.319
097500 0.114 0.567 0.000 0.319
098000 0.114 0.567 0.000 0.319
098500 0.114 0.567 0.000 0.319
099000 0.114 0.567 0.000 0.319
099500 0.114 0.567 0.000 0.319
100000 0.114 0.567 0.000 0.319
100500 0.114 0.567 0.000 0.319
101000 0.114 0.567 0.000 0.319
101500 0.114 0.567 0.000 0.319
102000 0.114 0.567 0.000 0.319
102500 0.114 0.567 0.000 0.319
103000 0.114 0.567 0.000 0.319
103500 0.114 0.567 0.000 0.319
104000 0.114 0.567 0.000 0.319
104500 0.114 0.567 0.000 0.319
105000 0.114 0.567 0.000 0.319
105500 0.114 0.567 0.000 0.319
106000 0.114 0.567 0.000 0.319
106500 0.114 0.567 0.000 0.319
107000 0.114 0.567 0.000 0.319
107500 0.114 0.567 0.000 0.319
108000 0.114 0.567 0.000 0.319
108500 0.114 0.567 0.000 0.319
109000 0.114 0.567 0.000 0.319
109500 0.114 0.567 0.000 0.319
110000 0.114 0.567 0.000 0.319
110500 0.114 0.567 0.000 0.319
111000 0.114 0.567 0.000 0.319
111500 0.114 0.567 0.000 0.319
112000 0.114 0.567 0.000 0.319
112500 0.114 0.567 0.000 0.319
113000 0.114 0.567 0.000 0.319
113500 0.114 0.567 0.000 0.319
114000 0.114 0.567 0.000 0.319
114500 0.114 0.567 0.000 0.319
115000 0.114 0.567 0.000 0.319
115500 0.114 0.567 0.000 0.319
116000 0.114 0.567 0.000 0.319
116500 0.114 0.567 0.000 0.319
117000 0.114 0.567 0.000 0.319
117500 0.114 0.567 0.000 0.319
118000 0.114 0.567 0.000 0.319
118500 0.114 0.567 0.000 0.319
119000 0.114 0.567 0.000 0.319
119500 0.114 0.567 0.000 0.319
120000 0.114 0.567 0.000 0.319
120500 0.114 0.567 0.000 0.319
121000 0.114 0.567 0.000 0.319
121500 0.114 0.567 0.000 0.319
122000 0.114 0.567 0.000 0.319
122500 0.114 0.567 0.000 0.319
123000 0.114 0.567 0.000 0.319
123500 0.114 0.567 0.000 0.319
124000 0.114 0.567 0.000 0.319
124500 0.114 0.567 0.000 0.319
125000 0.114 0.567 0.000 0.319
125500 0.114 0.567 0.000 0.319
126000 0.114 0.567 0.000 0.319
126500 0.114 0.567 0.000 0.319
127000 0.114 0.567 0.000 0.319
127500 0.114 0.567 0.000 0.319
128000 0.114 0.567 0.000 0.319
128500 0.114 0.567 0.000 0.319
129000 0.114 0.567 0.000 0.319
129500 0.114 0.567 0.000 0.319
130000 0.114 0.567 0.000 0.319
130500 0.114 0.567 0.000 0.319
131000 0.114 0.567 0.000 0.319
131500 0.114 0.567 0.000 0.319
132000 0.114 0.567 0.000 0.319
132500 0.114 0.567 0.000 0.319
133000 0.114 0.567 0.000 0.319
133500 0.114 0.567 0.000 0.319
134000 0.114 0.567 0.000 0.319
134500 0.114 0.567 0.000 0.319
135000 0.114 0.567 0.000 0.319
135500 0.114 0.567 0.000 0.319
136000 0.114 0.567 0.000 0.319
136500 0.114 0.567 0.000 0.319
137000 0.114 0.567 0.000 0.319
137500 0.114 0.567 0.000 0.319
138000 0.114 0.567 0.000 0.319
138500 0.114 0.567 0.000 0.319
139000 0.114 0.567 0.000 0.319
139500 0.114 0.567 0.000 0.319
140000 0.114 0.567 0.000 0.319
140500 0.114 0.567 0.000 0.319
141000 0.114 0.567 0.000 0.319
141500 0.114 0.567 0.000 0.319
142000 0.114 0.567 0.000 0.319
142500 0.114 0.567 0.000 0.319
143000 0.114 0.567 0.000 0.319
143500 0.114 0.567 0.000 0.319
144000 0.114 0.567 0.000 0.319
144500 0.114 0.567 0.000 0.319
145000 0.114 0.567 0.000 0.319
145500 0.114 0.567 0.000 0.319
146000 0.114 0.567 0.000 0.319
146500 0.114 0.567 0.000 0.319
147000 0.114 0.567 0.000 0.319
147500 0.114 0.567 0.000 0.319
148000 0.114 0.567 0.000 0.319
148500 0.114 0.567 0.000 0.319
149000 0.114 0.567 0.000 0.319
149500 0.114 0.567 0.000 0.319
150000 0.114 0.567 0.000 0.319
150500 0.114 0.567 0.000 0.319
151000 0.114 0.567 0.000 0.319
151500 0.114 0.567 0.000 0.319
152000 0.114 0.567 0.000 0.319
152500 0.114 0.567 0.000 0.319
153000 0.114 0.567 0.000 0.319
153500 0.114 0.567 0.000 0.319
154000 0.114 0.567 0.000 0.319
154500 0.114 0.567 0.000 0.319
155000 0.114 0.567 0.000 0.319
155500 0.114 0.567 0.000 0.319
156000 0.114 0.567 0.000 0.319
156500 0.114 0.567 0.000 0.319
157000 0.114 0.567 0.000 0.319
157500 0.114 0.567 0.000 0.319
158000 0.114 0.567 0.000 0.319
158500 0.114 0.567 0.000 0.319
159000 0.114 0.567 0.000 0.319
159500 0.114 0.567 0.000 0.319
160000 0.114 0.567 0.000 0.319
160500 0.114 0.567 0.000 0.319
161000 0.114 0.567 0.000 0.319
161500 0.114 0.567 0.000 0.319
162000 0.114 0.567 0.000 0.319
162500 0.114 0.567 0.000 0.319
163000 0.114 0.567 0.000 0.319
163500 0.114 0.567 0.000 0.319
164000 0.114 0.567 0.000 0.319
164500 0.114 0.567 0.000 0.319
165000 0.114 0.567 0.000 0.319
165500 0.114 0.567 0.000 0.319
166000 0.114 0.567 0.000 0.319
166500 0.114 0.567 0.000 0.319
167000 0.114 0.567 0.000 0.319
167500 0.114 0.567 0.000 0.319
168000 0.114 0.567 0.000 0.319
168500 0.114 0.567 0.000 0.319
169000 0.114 0.567 0.000 0.319
169500 0.114 0.567 0.000 0.319
170000 0.114 0.567 0.000 0.319
170500 0.114 0.567 0.000 0.319
171000 0.114 0.567 0.000 0.319
171500 0.114 0.567 0.000 0.319
172000 0.114 0.567 0.000 0.319
172500 0.114 0.567 0.000 0.319
173000 0.114 0.567 0.000 0.319
173500 0.114 0.567 0.000 0.319
174000 0.114 0.567 0.000 0.319
174500 0.114 0.567 0.000 0.319
175000 0.114 0.567 0.000 0.319
175500 0.114 0.567 0.000 0.319
176000 0.114 0.567 0.000 0.319
176500 0.114 0.567 0.000 0.319
177000 0.114 0.567 0.000 0.319
177500 0.114 0.567 0.000 0.319
178000 0.114 0.567 0.000 0.319
178500 0.114 0.567 0.000 0.319
179000 0.114 0.567 0.000 0.319
179500 0.114 0.567 0.000 0.319
180000 0.114 0.567 0.000 0.319
180500 0.114 0.567 0.000 0.319
181000 0.114 0.567 0.000 0.319
181500 0.114 0.567 0.000 0.319
182000 0.114 0.567 0.000 0.319
182500 0.114 0.567 0.000 0.319
183000 0.114 0.567 0.000 0.319
183500 0.114 0.567 0.000 0.319
184000 0.114 0.567 0.000 0.319
184500 0.114 0.567 0.000 0.319
185000 0.114 0.567 0.000 0.319
185500 0.114 0.567 0.000 0.319
186000 0.114 0.567 0.000 0.319
186500 0.114 0.567 0.000 0.319
187000 0.114 0.567 0.000 0.319
187500 0.114 0.567 0.000 0.319
188000 0.114 0.567 0.000 0.319
188500 0.114 0.567 0.000 0.319
189000 0.114 0.567 0.000 0.319
189500 0.114 0.567 0.000 0.319
190000 0.114 0.567 0.000 0.319
190500 0.114 0.567 0.000 0.319
191000 0.114 0.567 0.000 0.319
191500 0.114 0.567 0.000 0.319
192000 0.114 0.567 0.000 0.319
192500 0.114 0.567 0.000 0.319
193000 0.114 0.567 0.000 0.319
193500 0.114 0.567 0.000 0.319
194000 0.114 0.567 0.000 0.319
194500 0.114 0.567 0.000 0.319
195000 0.114 0.567 0.000 0.319
195500 0.114 0.567 0.000 0.319
196000 0.114 0.567 0.000 0.319
196500 0.114 0.567 0.000 0.319
197000 0.114 0.567 0.000 0.319
197500 0.114 0.567 0.000 0.319
198000 0.114 0.567 0.000 0.319
198500 0.114 0.567 0.000 0.319
199000 0.114 0.567 0.000 0.319
199500 0.114 0.567 0.000 0.319
200000 0.114 0.567 0.000 0.319
200500 0.114 0.567 0.000 0.319
201000 0.114 0.567 0.000 0.319
201500 0.114 0.567 0.000 0.319
202000 0.114 0.567 0.000 0.319
202500 0.114 0.567 0.000 0.319
203000 0.114 0.567 0.000 0.319
203500 0.114 0.567 0.000 0.319
204000 0.114 0.567 0.000 0.319
204500 0.114 0.567 0.000 0.319
205000 0.114 0.567 0.000 0.319
205500 0.114 0.567 0.000 0.319
206000 0.114 0.567 0.000 0.319
206500 0.114 0.567 0.000 0.319
207000 0.114 0.567 0.000 0.319
207500 0.114 0.567 0.000 0.319
208000 0.114 0.567 0.000 0.319
208500 0.114 0.567 0.000 0.319
209000 0.114 0.567 0.000 0.319
209500 0.114 0.567 0.000 0.319
210000 0.114 0.567 0.000 0.319
210500 0.114 0.567 0.000 0.319
211000 0.114 0.567 0.000 0.319
211500 0.114 0.567 0.000 0.319
212000 0.114 0.567 0.000 0.319
212500 0.114 0.567 0.000 0.319
213000 0.114 0.567 0.000 0.319
213500 0.114 0.567 0.000 0.319
214000 0.114 0.567 0.000 0.319
214500 0.114 0.567 0.000 0.319
215000 0.114 0.567 0.000 0.319
215500 0.114 0.567 0.000 0.319
216000 0.114 0.567 0.000 0.319
216500 0.114 0.567 0.000 0.319
217000 0.114 0.567 0.000 0.319
217500 0.114 0.567 0.000 0.319
218000 0.114 0.567 0.000 0.319
218500 0.114 0.567 0.000 0.319
219000 0.114 0.567 0.000 0.319
219500 0.114 0.567 0.000 0.319
220000 0.114 0.567 0.000 0.319
220500 0.114 0.567 0.000 0.319
221000 0.114 0.567 0.000 0.319
221500 0.114 0.567 0.000 0.319
222000 0.114 0.567 0.000 0.319
222500 0.114 0.567 0.000 0.319
223000 0.114 0.567 0.000 0.319
223500 0.114 0.567 0.000 0.319
224000 0.114 0.567 0.000 0.319
224500 0.114 0.567 0.000 0.319
225000 0.114 0.567 0.000 0.319
225500 0.114 0.567 0.000 0.319
226000 0.114 0.567 0.000 0.319
226500 0.114 0.567 0.000 0.319
227000 0.114 0.567 0.000 0.319
227500 0.114 0.567 0.000 0.319
228000 0.114 0.567 0.000 0.319
228500 0.114 0.567 0.000 0.319
229000 0.114 0.567 0.000 0.319
229500 0.114 0.567 0.000 0.319
230000 0.114 0.567 0.000 0.319
230500 0.114 0.567 0.000 0.319
231000 0.114 0.567 0.000 0.319
231500 0.114 0.567 0.000 0.319
232000 0.114 0.567 0.000 0.319
232500 0.114 0.567 0.000 0.319
233000 0.114 0.567 0.000 0.319
233500 0.114 0.567 0.000 0.319
234000 0.114 0.567 0.000 0.319
234500 0.114 0.567 0.000 0.319
235000 0.114 0.567 0.000 0.319
235500 0.114 0.567 0.000 0.319
236000 0.114 0.567 0.000 0.319
236500 0.114 0.567 0.000 0.319
237000 0.114 0.567 0.000 0.319
237500 0.114 0.567 0.000 0.319
238000 0.114 0.567 0.000 0.319
238500 0.114 0.567 0.000 0.319
239000 0.114 0.567 0.000 0.319
239500 0.114 0.567 0.000 0.319
240000 0.114 0.567 0.000 0.319
240500 0.114 0.567 0.000 0.319
241000 0.114 0.567 0.000 0.319
241500 0.114 0.567 0.000 0.319
242000 0.114 0.567 0.000 0.319
242500 0.114 0.567 0.000 0.319
243000 0.114 0.567 0.000 0.319
243500 0.114 0.567 0.000 0.319
244000 0.114 0.567 0.000 0.319
244500 0.114 0.567 0.000 0.319
245000 0.114 0.567 0.000 0.319
245500 0.114 0.567 0.000 0.319
246000 0.114 0.567 0.000 0.319
246500 0.114 0.567 0.000 0.319
247000 0.114 0.567 0.000 0.319
247500 0.114 0.567 0.000 0.319
248000 0.114 0.567 0.000 0.319
248500 0.114 0.567 0.000 0.319
249000 0.114 0.567 0.000 0.319
249500 0.114 0.567 0.000 0.319
250000 0.114 0.567 0.000 0.319
250500 0.114 0.567 0.000 0.319
251000 0.114 0.567 0.000 0.319
251500 0.114 0.567 0.000 0.319
252000 0.114 0.567 0.000 0.319
252500 0.114 0.567 0.000 0.319
253000 0.114 0.567 0.000 0.319
253500 0.114 0.567 0.000 0.319
254000 0.114 0.567 0.000 0.319
254500 0.114 0.567 0.000 0.319
255000 0.114 0.567 0.000 0.319
255500 0.114 0.567 0.000 0.319
256000 0.114 0.567 0.000 0.319
256500 0.114 0.567 0.000 0.319
257000 0.114 0.567 0.000 0.319
257500 0.114 0.567 0.000 0.319
258000 0.114 0.567 0.000 0.319
258500 0.114 0.567 0.000 0.319
259000 0.114 0.567 0.000 0.319
259500 0.114 0.567 0.000 0.319
260000 0.114 0.567 0.000 0.319
260500 0.114 0.567 0.000 0.319
261000 0.114 0.567 0.000 0.319
261500 0.114 0.567 0.000 0.319
262000 0.114 0.567 0.000 0.319
262500 0.114 0.567 0.000 0.319
263000 0.114 0.567 0.000 0.319
263500 0.114 0.567 0.000 0.319
264000 0.114 0.567 0.000 0.319
264500 0.114 0.567 0.000 0.319
265000 0.114 0.567 0.000 0.319
265500 0.114 0.567 0.000 0.319
266000 0.114 0.567 0.000 0.319
266500 0.114 0.567 0.000 0.319
267000 0.114 0.567 0.000 0.319
267500 0.114 0.567 0.000 0.319
268000 0.114 0.567 0.000 0.319
268500 0.114 0.567 0.000 0.319
269000 0.114 0.567 0.000 0.319
269500 0.114 0.567 0.000 0.319
270000 0.114 0.567 0.000 0.319
270500 0.114 0.567 0.000 0.319
271000 0.114 0.567 0.000 0.319
271500 0.114 0.567 0.000 0.319
272000 0.114 0.567 0.000 0.319
272500 0.114 0.567 0.000 0.319
273000 0.114 0.567 0.000 0.319
273500 0.114 0.567 0.000 0.319
274000 0.114 0.567 0.000 0.319
274500 0.114 0.567 0.000 0.319
275000 0.114 0.567 0.000 0.319
275500 0.114 0.567 0.000 0.319
276000 0.114 0.567 0.000 0.319
276500 0.114 0.567 0.000 0.319
277000 0.114 0.567 0.000 0.319
277500 0.114 0.567 0.000 0.319
278000 0.114 0.567 0.000 0.319
278500 0.114 0.567 0.000 0.319
279000 0.114 0.567 0.000 0.319
279500 0.114 0.567 0.000 0.319
280000 0.114 0.567 0.000 0.319
280500 0.114 0.567 0.000 0.319
281000 0.114 0.567 0.000 0.319
281500 0.114 0.567 0.000 0.319
282000 0.114 0.567 0.000 0.319
282500 0.114 0.567 0.000 0.319
283000 0.114 0.567 0.000 0.319
283500 0.114 0.567 0.000 0.319
284000 0.114 0.567 0.000 0.319
284500 0.114 0.567 0.000 0.319
285000 0.114 0.567 0.000 0.319
285500 0.114 0.567 0.000 0.319
286000 0.114 0.567 0.000 0.319
286500 0.114 0.567 0.000 0.319
287000 0.114 0.567 0.000 0.319
287500 0.114 0.567 0.000 0.319
288000 0.114 0.567 0.000 0.319
288500 0.114 0.567 0.000 0.319
289000 0.114 0.567 0.000 0.319
289500 0.114 0.567 0.000 0.319
290000 0.114 0.567 0.000 0.319
290500 0.114 0.567 0.000 0.319
291000 0.114 0.567 0.000 0.319
291500 0.114 0.567 0.000 0.319
292000 0.114 0.567 0.000 0.319
292500 0.114 0.567 0.000 0.319
293000 0.114 0.567 0.000 0.319
293500 0.114 0.567 0.000 0.319
294000 0.114 0.567 0.000 0.319
294500 0.114 0.567 0.000 0.319
295000 0.114 0.567 0.000 0.319
295500 0.114 0.567 0.000 0.319
296000 0.114 0.567 0.000 0.319
296500 0.114 0.567 0.000 0.319
297000 0.114 0.567 0.000 0.319
297500 0.114 0.567 0.000 0.319
298000 0.114 0.567 0.000 0.319
298500 0.114 0.567 0.000 0.319
299000 0.114 0.567 0.000 0.319
299500 0.114 0.567 0.000 0.319
300000 0.114 0.567 0.000 0.319
300500 0.114 0.567 0.000 0.319
301000 0.114 0.567 0.000 0.319
301500 0.114 0.567 0.000 0.319
302000 0.114 0.567 0.000 0.319
302500 0.114 0.567 0.000 0.319
303000 0.114 0.567 0.000 0.319
303500 0.114 0.567 0.000 0.319
304000 0.114 0.567 0.000 0.319
304500 0.114 0.567 0.000 0.319
305000 0.114 0.567 0.000 0.319
305500 0.114 0.567 0.000 0.319
306000 0.114 0.567 0.000 0.319
306500 0.114 0.567 0.000 0.319
307000 0.114 0.567 0.000 0.319
307500 0.114 0.567 0.000 0.319
308000 0.114 0.567 0.000 0.319
308500 0.114 0.567 0.000 0.319
309000 0.114 0.567 0.000 0.319
309500 0.114 0.567 0.000 0.319
310000 0.114 0.567 0.000 0.319
310500 0.114 0.567 0.000 0.319
311000 0.114 0.567 0.000 0.319
311500 0.114 0.567 0.000 0.319
312000 0.114 0.567 0.000 0.319
312500 0.114 0.567 0.000 0.319
313000 0.114 0.567 0.000 0.319
313500 0.114 0.567 0.000 0.319
314000 0.114 0.567 0.000 0.319
314500 0.114 0.567 0.000 0.319
315000 0.114 0.567 0.000 0.319
315500 0.114 0.567 0.000 0.319
316000 0.114 0.567 0.000 0.319
316500 0.114 0.567 0.000 0.319
317000 0.114 0.567 0.000 0.319
317500 0.114 0.567 0.000 0.319
318000 0.114 0.567 0.000 0.319
318500 0.114 0.567 0.000 0.319
319000 0.114 0.567 0.000 0.319
319500 0.114 0.567 0.000 0.319
320000 0.114 0.567 0.000 0.319
320500 0.114 0.567 0.000 0.319
321000 0.114 0.567 0.000 0.319
321500 0.114 0.567 0.000 0.319
322000 0.114 0.567 0.000 0.319
322500 0.114 0.567 0.000 0.319
323000 0.114 0.567 0.000 0.319
323500 0.114 0.567 0.000 0.319
324000 0.114 0.567 0.000 0.319
324500 0.114 0.567 0.000 0.319
325000 0.114 0.567 0.000 0.319
325500 0.114 0.567 0.000 0.319
326000 0.114 0.567 0.000 0.319
326500 0.114 0.567 0.000 0.319
327000 0.114 0.567 0.000 0.319
327500 0.114 0.567 0.000 0.319
328000 0.114 0.567 0.000 0.319
328500 0.114 0.567 0.000 0.319
329000 0.114 0.567 0.000 0.319
329500 0.114 0.567 0.000 0.319
330000 0.114 0.567 0.000 0.319
330500 0.114 0.567 0.000 0.319
331000 0.114 0.567 0.000 0.319
331500 0.114 0.567 0.000 0.319
332000 0.114 0.567 0.000 0.319
332500 0.114 0.567 0.000 0.319
333000 0.114 0.567 0.000 0.319
333500 0.114 0.567 0.000 0.319
334000 0.114 0.567 0.000 0.319
334500 0.114 0.567 0.000 0.319
335000 0.114 0.567 0.000 0.319
335500 0.114 0.567 0.000 0.319
336000 0.114 0.567 0.000 0.319
336500 0.114 0.567 0.000 0.319
337000 0.114 0.567 0.000 0.319
337500 0.114 0.567 0.000 0.319
338000 0.114 0.567 0.000 0.319
338500 0.114 0.567 0.000 0.319
339000 0.114 0.567 0.000 0.319
339500 0.114 0.567 0.000 0.319
340000 0.114 0.567 0.000 0.319
340500 0.114 0.567 0.000 0.319
341000 0.114 0.567 0.000 0.319
341500 0.114 0.567 0.000 0.319
342000 0.114 0.567 0.000 0.319
342500 0.114 0.567 0.000 0.319
343000 0.114 0.567 0.000 0.319
343500 0.114 0.567 0.000 0.319
344000 0.114 0.567 0.000 0.319
344500 0.114 0.567 0.000 0.319
345000 0.114 0.567 0.000 0.319
345500 0.114 0.567 0.000 0.319
346000 0.114 0.567 0.000 0.319
346500 0.114 0.567 0.000 0.319
347000 0.114 0.567 0.000 0.319
347500 0.114 0.567 0.000 0.319
348000 0.114 0.567 0.000 0.319
348500 0.114 0.567 0.000 0.319
349000 0.114 0.567 0.000 0.319
349500 0.114 0.567 0.000 0.319
350000 0.114 0.567 0.000 0.319
350500 0.114 0.567 0.000 0.319
351000 0.114 0.567 0.000 0.319
351500 0.114 0.567 0.000 0.319
352000 0.114 0.567 0.000 0.319
352500 0.114 0.567 0.000 0.319
353000 0.114 0.567 0.000 0.319
353500 0.114 0.567 0.000 0.319
354000 0.114 0.567 0.000 0.319
354500 0.114 0.567 0.000 0.319
355000 0.114 0.567 0.000 0.319
355500 0.114 0.567 0.000 0.319
356000 0.114 0.567 0.000 0.319
356500 0.114 0.567 0.000 0.319
357000 0.114 0.567 0.000 0.319
357500 0.114 0.567 0.000 0.319
358000 0.114 0.567 0.000 0.319
358500 0.114 0.567 0.000 0.319
359000 0.114 0.567 0.000 0.319
359500 0.114 0.567 0.000 0.319
360000 0.114 0.567 0.000 0.319
360500 0.114 0.567 0.000 0.319
361000 0.114 0.567 0.000 0.319
361500 0.114 0.567 0.000 0.319
362000 0.114 0.567 0.000 0.319
362500 0.114 0.567 0.000 0.319
363000 0.114 0.567 0.000 0.319
363500 0.114 0.567 0.000 0.319
364000 0.114 0.567 0.000 0.319
364500 0.114 0.567 0.000 0.319
365000 0.114 0.567 0.000 0.319
365500 0.114 0.567 0.000 0.319
366000 0.114 0.567 0.000 0.319
366500 0.114 0.567 0.000 0.319
367000 0.114 0.567 0.000 0.319
367500 0.114 0.567 0.000 0.319
368000 0.114 0.567 0.000 0.319
368500 0.114 0.567 0.000 0.319
369000 0.114 0.567 0.000 0.319
369500 0.114 0.567 0.000 0.319
370000 0.114 0.567 0.000 0.319
370500 0.114 0.567 0.000 0.319
371000 0.114 0.567 0.000 0.319
371500 0.114 0.567 0.000 0.319
372000 0.114 0.567 0.000 0.319
372500 0.114 0.567 0.000 0.319
373000 0.114 0.567 0.000 0.319
373500 0.114 0.567 0.000 0.319
374000 0.114 0.567 0.000 0.319
374500 0.114 0.567 0.000 0.319
375000 0.114 0.567 0.000 0.319
375500 0.114 0.567 0.000 0.319
376000 0.114 0.567 0.000 0.319
376500 0.114 0.567 0.000 0.319
377000 0.114 0.567 0.000 0.319
377500 0.114 0.567 0.000 0.319
378000 0.114 0.567 0.000 0.319
378500 0.114 0.567 0.000 0.319
379000 0.114 0.567 0.000 0.319
379500 0.114 0.567 0.000 0.319
380000 0.114 0.567 0.000 0.319
380500 0.114 0.567 0.000 0.319
381000 0.114 0.567 0.000 0.319
381500 0.114 0.567 0.000 0.319
382000 0.114 0.567 0.000 0.319
382500 0.114 0.567 0.000 0.319
383000 0.114 0.567 0.000 0.319
383500 0.114 0.567 0.000 0.319
384000 0.114 0.567 0.000 0.319
384500 0.114 0.567 0.000 0.319
385000 0.114 0.567 0.000 0.319
385500 0.114 0.567 0.000 0.319
386000 0.114 0.567 0.000 0.319
386500 0.114 0.567 0.000 0.319
387000 0.114 0.567 0.000 0.319
387500 0.114 0.567 0.000 0.319
388000 0.114 0.567 0.000 0.319
388500 0.114 0.567 0.000 0.319
389000 0.114 0.567 0.000 0.319
389500 0.114 0.567 0.000 0.319
390000 0.114 0.567 0.000 0.319
390500 0.114 0.567 0.000 0.319
391000 0.114 0.567 0.000 0.319
391500 0.114 0.567 0.000 0.319
392000 0.114 0.567 0.000 0.319
392500 0.114 0.567 0.000 0.319
393000 0.114 0.567 0.000 0.319
393500 0.114 0.567 0.000 0.319
394000 0.114 0.567 0.000 0.319
394500 0.114 0.567 0.000 0.319
395000 0.114 0.567 0.000 0.319
395500 0.114 0.567 0.000 0.319
396000 0.114 0.567 0.000 0.319
396500 0.114 0.567 0.000 0.319
397000 0.114 0.567 0.000 0.319
397500 0.114 0.567 0.000 0.319
398000 0.114 0.567 0.000 0.319
398500 0.114 0.567 0.000 0.319
399000 0.114 0.567 0.000 0.319
399500 0.114 0.567 0.000 0.319
400000 0.114 0.567 0.000 0.319
400500 0.114 0.567 0.000 0.319
401000 0.114 0.567 0.000 0.319
401500 0.114 0.567 0.000 0.319
402000 0.114 0.567 0.000 0.319
402500 0.114 0.567 0.000 0.319
403000 0.114 0.567 0.000 0.319
403500 0.114 0.567 0.000 0.319
404000 0.114 0.567 0.000 0.319
404500 0.114 0.567 0.000 0.319
405000 0.114 0.567 0.000 0.319
405500 0.114 0.567 0.000 0.319
406000 0.114 0.567 0.000 0.319
406500 0.114 0.567 0.000 0.319
407000 0.114 0.567 0.000 0.319
407500 0.114 0.567 0.000 0.319
408000 0.114 0.567 0.000 0.319
408500 0.114 0.567 0.000 0.319
409000 0.114 0.567 0.000 0.319
409500 0.114 0.567 0.000 0.319
410000 0.114 0.567 0.000 0.319
410500 0.114 0.567 0.000 0.319
411000 0.114 0.567 0.000 0.319
411500 0.114 0.567 0.000 0.319
412000 0.114 0.567 0.000 0.319
412500 0.114 0.567 0.000 0.319
413000 0.114 0.567 0.000 0.319
413500 0.114 0.567 0.000 0.319
414000 0.114 0.567 0.000 0.319
414500 0.114 0.567 0.000 0.319
415000 0.114 0.567 0.000 0.319
415500 0.114 0.567 0.000 0.319
416000 0.114 0.567 0.000 0.319
416500 0.114 0.567 0.000 0.319
417000 0.114 0.567 0.000 0.319
417500 0.114 0.567 0.000 0.319
418000 0.114 0.567 0.000 0.319
418500 0.114 0.567 0.000 0.319
419000 0.114 0.567 0.000 0.319
419500 0.114 0.567 0.000 0.319
420000 0.114 0.567 0.000 0.319
420500 0.114 0.567 0.000 0.319
421000 0.114 0.567 0.000 0.319
421500 0.114 0.567 0.000 0.319
422000 0.114 0.567 0.000 0.319
422500 0.114 0.567 0.000 0.319
423000 0.114 0.567 0.000 0.319
423500 0.114 0.567 0.000 0.319
424000 0.114 0.567 0.000 0.319
424500 0.114 0.567 0.000 0.319
425000 0.114 0.567 0.000 0.319
425500 0.114 0.567 0.000 0.319
426000 0.114 0.567 0.000 0.319
426500 0.114 0.567 0.000 0.319
427000 0.114 0.567 0.000 0.319
427500 0.114 0.567 0.000 0.319
428000 0.114 0.567 0.000 0.319
428500 0.114 0.567 0.000 0.319
429000 0.114 0.567 0.000 0.319
429500 0.114 0.567 0.000 0.319
430000 0.114 0.567 0.000 0.319
430500 0.114 0.567 0.000 0.319
431000 0.114 0.567 0.000 0.319
431500 0.114 0.567 0.000 0.319
432000 0.114 0.567 0.000 0.319
432500 0.114 0.567 0.000 0.319
433000 0.114 0.567 0.000 0.319
433500 0.114 0.567 0.000 0.319
434000 0.114 0.567 0.000 0.319
434500 0.114 0.567 0.000 0.319
435000 0.114 0.567 0.000 0.319
435500 0.114 0.567 0.000 0.319
436000 0.114 0.567 0.000 0.319
436500 0.114 0.567 0.000 0.319
437000 0.114 0.567 0.000 0.319
437500 0.114 0.567 0.000 0.319
438000 0.114 0.567 0.000 0.319
438500 0.114 0.567 0.000 0.319
439000 0.114 0.567 0.000 0.319
439500 0.114 0.567 0.000 0.319
440000 0.114 0.567 0.000 0.319
440500 0.114 0.567 0.000 0.319
441000 0.114 0.567 0.000 0.319
441500 0.114 0.567 0.000 0.319
442000 0.114 0.567 0.000 0.319
442500 0.114 0.567 0.000 0.319
443000 0.114 0.567 0.000 0.319
443500 0.114 0.567 0.000 0.319
444000 0.114 0.567 0.000 0.319
444500 0.114 0.567 0.000 0.319
445000 0.114 0.567 0.000 0.319
445500 0.114 0.567 0.000 0.319
446000 0.114 0.567 0.000 0.319
446500 0.114 0.567 0.000 0.319
447000 0.114 0.567 0.000 0.319
447500 0.114 0.567 0.000 0.319
448000 0.114 0.567 0.000 0.319
448500 0.114 0.567 0.000 0.319
449000 0.114 0.567 0.000 0.319
449500 0.114 0.567 0.000 0.319
450000 0.114 0.567 0.000 0.319
450500 0.114 0.567 0.000 0.319
451000 0.114 0.567 0.000 0.319
451500 0.114 0.567 0.000 0.319
452000 0.114 0.567 0.000 0.319
452500 0.114 0.567 0.000 0.319
453000 0.114 0.567 0.000 0.319
453500 0.114 0.567 0.000 0.319
454000 0.114 0.567 0.000 0.319
454500 0.114 0.567 0.000 0.319
455000 0.114 0.567 0.000 0.319
455500 0.114 0.567 0.000 0.319
456000 0.114 0.567 0.000 0.319
456500 0.114 0.567 0.000 0.319
457000 0.114 0.567 0.000 0.319
457500 0.114 0.567 0.000 0.319
458000 0.114 0.567 0.000 0.319
458500 0.114 0.567 0.000 0.319
459000 0.114 0.567 0.000 0.319
459500 0.114 0.567 0.000 0.319
460000 0.114 0.567 0.000 0.319
460500 0.114 0.567 0.000 0.319
461000 0.114 0.567 0.000 0.319
461500 0.114 0.567 0.000 0.319
462000 0.114 0.567 0.000 0.319
462500 0.114 0.567 0.000 0.319
463000 0.114 0.567 0.000 0.319
463500 0.114 0.567 0.000 0.319
464000 0.114 0.567 0.000 0.319
464500 0.114 0.567 0.000 0.319
465000 0.114 0.567 0.000 0.319
465500 0.114 0.567 0.000 0.319
466000 0.114 0.567 0.000 0.319
466500 0.114 0.567 0.000 0.319
467000 0.114 0.567 0.000 0.319
467500 0.114 0.567 0.000 0.319
468000 0.114 0.567 0.000 0.319
468500 0.114 0.567 0.000 0.319
469000 0.114 0.567 0.000 0.319
469500 0.114 0.567 0.000 0.319
470000 0.114 0.567 0.000 0.319
470500 0.114 0.567 0.000 0.319
471000 0.114 0.567 0.000 0.319
471500 0.114 0.567 0.000 0.319
472000 0.114 0.567 0.000 0.319
472500 0.114 0.567 0.000 0.319
473000 0.114 0.567 0.000 0.319
473500 0.114 0.567 0.000 0.319
474000 0.114 0.567 0.000 0.319
474500 0.114 0.567 0.000 0.319
475000 0.114 0.567 0.000 0.319
475500 0.114 0.567 0.000 0.319
476000 0.114 0.567 0.000 0.319
476500 0.114 0.567 0.000 0.319
477000 0.114 0.567 0.000 0.319
477500 0.114 0.567 0.000 0.319
478000 0.114 0.567 0.000 0.319
478500 0.114 0.567 0.000 0.319
479000 0.114 0.567 0.000 0.319
479500 0.114 0.567 0.000 0.319
480000 0.114 0.567 0.000 0.319
480500 0.114 0.567 0.000 0.319
481000 0.114 0.567 0.000 0.319
481500 0.114 0.567 0.000 0.319
482000 0.114 0.567 0.000 0.319
482500 0.114 0.567 0.000 0.319
483000 0.114 0.567 0.000 0.319
483500 0.114 0.567 0.000 0.319
484000 0.114 0.567 0.000 0.319
484500 0.114 0.567 0.000 0.319
485000 0.114 0.567 0.000 0.319
485500 0.114 0.567 0.000 0.319
486000 0.114 0.567 0.000 0.319
486500 0.114 0.567 0.000 0.319
487000 0.114 0.567 0.000 0.319
487500 0.114 0.567 0.000 0.319
488000 0.114 0.567 0.000 0.319
488500 0.114 0.567 0.000 0.319
489000 0.114 0.567 0.000 0.319
489500 0.114 0.567 0.000 0.319
490000 0.114 0.567 0.000 0.319
490500 0.114 0.567 0.000 0.319
491000 0.114 0.567 0.000 0.319
491500 0.114 0.567 0.000 0.319
492000 0.114 0.567 0.000 0.319
492500 0.114 0.567 0.000 0.319
493000 0.114 0.567 0.000 0.319
493500 0.114 0.567 0.000 0.319
494000 0.114 0.567 0.000 0.319
494500 0.114 0.567 0.000 0.319
495000 0.114 0.567 0.000 0.319
495500 0.114 0.567 0.000 0.319
496000 0.114 0.567 0.000 0.319
496500 0.114 0.567 0.000 0.319
497000 0.114 0.567 0.000 0.319
497500 0.114 0.567 0.000 0.319
498000 0.114 0.567 0.000 0.319
498500 0.114 0.567 0.000 0.319
499000 0.114 0.567 0.000 0.319
499500 0.114 0.567 0.000 0.319
500000 0.114 0.567 0.000 0.319
