000000 0.250 0.250 0.250 0.250
000500 0.735 0.082 0.000 0.183
001000 0.736 0.082 0.000 0.182
001500 0.736 0.082 0.000 0.182
002000 0.737 0.082 0.000 0.182
002500 0.737 0.081 0.000 0.182
003000 0.735 0.084 0.000 0.182
003500 0.735 0.083 0.000 0.182
004000 0.735 0.083 0.000 0.182
004500 0.736 0.082 0.000 0.182
005000 0.737 0.081 0.000 0.182
005500 0.738 0.081 0.000 0.182
006000 0.738 0.080 0.000 0.181
006500 0.739 0.080 0.000 0.181
007000 0.738 0.081 0.000 0.181
007500 0.738 0.081 0.000 0.181
008000 0.738 0.081 0.000 0.181
008500 0.738 0.081 0.000 0.181
009000 0.738 0.081 0.000 0.181
009500 0.738 0.081 0.000 0.181
010000 0.738 0.081 0.000 0.181
010500 0.738 0.081 0.000 0.181
011000 0.738 0.081 0.000 0.181
011500 0.738 0.081 0.000 0.181
012000 0.738 0.081 0.000 0.181
012500 0.738 0.081 0.000 0.181
013000 0.738 0.081 0.000 0.181
013500 0.738 0.081 0.000 0.181
014000 0.738 0.081 0.000 0.181
014500 0.738 0.081 0.000 0.181
015000 0.738 0.081 0.000 0.181
015500 0.738 0.081 0.000 0.181
016000 0.738 0.081 0.000 0.181
016500 0.738 0.081 0.000 0.181
017000 0.738 0.081 0.000 0.181
017500 0.738 0.081 0.000 0.181
018000 0.738 0.081 0.000 0.181
018500 0.738 0.081 0.000 0.181
019000 0.738 0.081 0.000 0.181
019500 0.738 0.081 0.000 0.181
020000 0.738 0.081 0.000 0.181
020500 0.738 0.081 0.000 0.181
021000 0.738 0.081 0.000 0.181
021500 0.738 0.081 0.000 0.181
022000 0.738 0.081 0.000 0.181
022500 0.738 0.081 0.000 0.181
023000 0.738 0.081 0.000 0.181
023500 0.738 0.081 0.000 0.181
024000 0.738 0.081 0.000 0.181
024500 0.738 0.081 0.000 0.181
025000 0.738 0.081 0.000 0.181
025500 0.738 0.081 0.000 0.181
026000 0.738 0.081 0.000 0.181
026500 0.738 0.081 0.000 0.181
027000 0.738 0.081 0.000 0.181
027500 0.738 0.081 0.000 0.181
028000 0.738 0.081 0.000 0.181
028500 0.738 0.081 0.000 0.181
029000 0.738 0.081 0.000 0.181
029500 0.738 0.081 0.000 0.181
030000 0.738 0.081 0.000 0.181
030500 0.738 0.081 0.000 0.181
031000 0.738 0.081 0.000 0.181
031500 0.738 0.081 0.000 0.181
032000 0.738 0.081 0.000 0.181
032500 0.738 0.081 0.000 0.181
033000 0.738 0.081 0.000 0.181
033500 0.738 0.081 0.000 0.181
034000 0.738 0.081 0.000 0.181
034500 0.738 0.081 0.000 0.181
035000 0.738 0.081 0.000 0.181
035500 0.738 0.081 0.000 0.181
036000 0.738 0.081 0.000 0.181
036500 0.738 0.081 0.000 0.181
037000 0.738 0.081 0.000 0.181
037500 0.738 0.081 0.000 0.181
038000 0.738 0.081 0.000 0.181
038500 0.738 0.081 0.000 0.181
039000 0.738 0.081 0.000 0.181
039500 0.738 0.081 0.000 0.181
040000 0.738 0.081 0.000 0.181
040500 0.738 0.081 0.000 0.181
041000 0.738 0.081 0.000 0.181
041500 0.738 0.081 0.000 0.181
042000 0.738 0.081 0.000 0.181
042500 0.738 0.081 0.000 0.181
043000 0.738 0.081 0.000 0.181
043500 0.738 0.081 0.000 0.181
044000 0.738 0.081 0.000 0.181
044500 0.738 0.081 0.000 0.181
045000 0.738 0.081 0.000 0.181
045500 0.738 0.081 0.000 0.181
046000 0.738 0.081 0.000 0.181
046500 0.738 0.081 0.000 0.181
047000 0.738 0.081 0.000 0.181
047500 0.738 0.081 0.000 0.181
048000 0.738 0.081 0.000 0.181
048500 0.738 0.081 0.000 0.181
049000 0.738 0.081 0.000 0.181
049500 0.738 0.081 0.000 0.181
050000 0.738 0.081 0.000 0.181
050500 0.738 0.081 0.000 0.181
051000 0.738 0.081 0.000 0.181
051500 0.738 0.081 0.000 0.181
052000 0.738 0.081 0.000 0.181
052500 0.738 0.081 0.000 0.181
053000 0.738 0.081 0.000 0.181
053500 0.738 0.081 0.000 0.181
054000 0.738 0.081 0.000 0.181
054500 0.738 0.081 0.000 0.181
055000 0.738 0.081 0.000 0.181
055500 0.738 0.081 0.000 0.181
056000 0.738 0.081 0.000 0.181
056500 0.738 0.081 0.000 0.181
057000 0.738 0.081 0.000 0.181
057500 0.738 0.081 0.000 0.181
058000 0.738 0.081 0.000 0.181
058500 0.738 0.081 0.000 0.181
059000 0.738 0.081 0.000 0.181
059500 0.738 0.081 0.000 0.181
060000 0.738 0.081 0.000 0.181
060500 0.738 0.081 0.000 0.181
061000 0.738 0.081 0.000 0.181
061500 0.738 0.081 0.000 0.181
062000 0.738 0.081 0.000 0.181
062500 0.738 0.081 0.000 0.181
063000 0.738 0.081 0.000 0.181
063500 0.738 0.081 0.000 0.181
064000 0.738 0.081 0.000 0.181
064500 0.738 0.081 0.000 0.181
065000 0.738 0.081 0.000 0.181
065500 0.738 0.081 0.000 0.181
066000 0.738 0.081 0.000 0.181
066500 0.738 0.081 0.000 0.181
067000 0.738 0.081 0.000 0.181
067500 0.738 0.081 0.000 0.181
068000 0.738 0.081 0.000 0.181
068500 0.738 0.081 0.000 0.181
069000 0.738 0.081 0.000 0.181
069500 0.738 0.081 0.000 0.181
070000 0.738 0.081 0.000 0.181
070500 0.738 0.081 0.000 0.181
071000 0.738 0.081 0.000 0.181
071500 0.738 0.081 0.000 0.181
072000 0.738 0.081 0.000 0.181
072500 0.738 0.081 0.000 0.181
073000 0.738 0.081 0.000 0.181
073500 0.738 0.081 0.000 0.181
074000 0.738 0.081 0.000 0.181
074500 0.738 0.081 0.000 0.181
075000 0.738 0.081 0.000 0.181
075500 0.738 0.081 0.000 0.181
076000 0.738 0.081 0.000 0.181
076500 0.738 0.081 0.000 0.181
077000 0.738 0.081 0.000 0.181
077500 0.738 0.081 0.000 0.181
078000 0.738 0.081 0.000 0.181
078500 0.738 0.081 0.000 0.181
079000 0.738 0.081 0.000 0.181
079500 0.738 0.081 0.000 0.181
080000 0.738 0.081 0.000 0.181
080500 0.738 0.081 0.000 0.181
081000 0.738 0.081 0.000 0.181
081500 0.738 0.081 0.000 0.181
082000 0.738 0.081 0.000 0.181
082500 0.738 0.081 0.000 0.181
083000 0.738 0.081 0.000 0.181
083500 0.738 0.081 0.000 0.181
084000 0.738 0.081 0.000 0.181
084500 0.738 0.081 0.000 0.181
085000 0.738 0.081 0.000 0.181
085500 0.738 0.081 0.000 0.181
086000 0.738 0.081 0.000 0.181
086500 0.738 0.081 0.000 0.181
087000 0.738 0.081 0.000 0.181
087500 0.738 0.081 0.000 0.181
088000 0.738 0.081 0.000 0.181
088500 0.738 0.081 0.000 0.181
089000 0.738 0.081 0.000 0.181
089500 0.738 0.081 0.000 0.181
090000 0.738 0.081 0.000 0.181
090500 0.738 0.081 0.000 0.181
091000 0.738 0.081 0.000 0.181
091500 0.738 0.081 0.000 0.181
092000 0.738 0.081 0.000 0.181
092500 0.738 0.081 0.000 0.181
093000 0.738 0.081 0.000 0.181
093500 0.738 0.081 0.000 0.181
094000 0.738 0.081 0.000 0.181
094500 0.738 0.081 0.000 0.181
095000 0.738 0.081 0.000 0.181
095500 0.738 0.081 0.000 0.181
096000 0.738 0.081 0.000 0.181
096500 0.738 0.081 0.000 0.181
097000 0.738 0.081 0.000 0.181
097500 0.738 0.081 0.000 0.181
098000 0.738 0.081 0.000 0.181
098500 0.738 0.081 0.000 0.181
099000 0.738 0.081 0.000 0.181
099500 0.738 0.081 0.000 0.181
100000 0.738 0.081 0.000 0.181
100500 0.738 0.081 0.000 0.181
101000 0.738 0.081 0.000 0.181
101500 0.738 0.081 0.000 0.181
102000 0.738 0.081 0.000 0.181
102500 0.738 0.081 0.000 0.181
103000 0.738 0.081 0.000 0.181
103500 0.738 0.081 0.000 0.181
104000 0.738 0.081 0.000 0.181
104500 0.738 0.081 0.000 0.181
105000 0.738 0.081 0.000 0.181
105500 0.738 0.081 0.000 0.181
106000 0.738 0.081 0.000 0.181
106500 0.738 0.081 0.000 0.181
107000 0.738 0.081 0.000 0.181
107500 0.738 0.081 0.000 0.181
108000 0.738 0.081 0.000 0.181
108500 0.738 0.081 0.000 0.181
109000 0.738 0.081 0.000 0.181
109500 0.738 0.081 0.000 0.181
110000 0.738 0.081 0.000 0.181
110500 0.738 0.081 0.000 0.181
111000 0.738 0.081 0.000 0.181
111500 0.738 0.081 0.000 0.181
112000 0.738 0.081 0.000 0.181
112500 0.738 0.081 0.000 0.181
113000 0.738 0.081 0.000 0.181
113500 0.738 0.081 0.000 0.181
114000 0.738 0.081 0.000 0.181
114500 0.738 0.081 0.000 0.181
115000 0.738 0.081 0.000 0.181
115500 0.738 0.081 0.000 0.181
116000 0.738 0.081 0.000 0.181
116500 0.738 0.081 0.000 0.181
117000 0.738 0.081 0.000 0.181
117500 0.738 0.081 0.000 0.181
118000 0.738 0.081 0.000 0.181
118500 0.738 0.081 0.000 0.181
119000 0.738 0.081 0.000 0.181
119500 0.738 0.081 0.000 0.181
120000 0.738 0.081 0.000 0.181
120500 0.738 0.081 0.000 0.181
121000 0.738 0.081 0.000 0.181
121500 0.738 0.081 0.000 0.181
122000 0.738 0.081 0.000 0.181
122500 0.738 0.081 0.000 0.181
123000 0.738 0.081 0.000 0.181
123500 0.738 0.081 0.000 0.181
124000 0.738 0.081 0.000 0.181
124500 0.738 0.081 0.000 0.181
125000 0.738 0.081 0.000 0.181
125500 0.738 0.081 0.000 0.181
126000 0.738 0.081 0.000 0.181
126500 0.738 0.081 0.000 0.181
127000 0.738 0.081 0.000 0.181
127500 0.738 0.081 0.000 0.181
128000 0.738 0.081 0.000 0.181
128500 0.738 0.081 0.000 0.181
129000 0.738 0.081 0.000 0.181
129500 0.738 0.081 0.000 0.181
130000 0.738 0.081 0.000 0.181
130500 0.738 0.081 0.000 0.181
131000 0.738 0.081 0.000 0.181
131500 0.738 0.081 0.000 0.181
132000 0.738 0.081 0.000 0.181
132500 0.738 0.081 0.000 0.181
133000 0.738 0.081 0.000 0.181
133500 0.738 0.081 0.000 0.181
134000 0.738 0.081 0.000 0.181
134500 0.738 0.081 0.000 0.181
135000 0.738 0.081 0.000 0.181
135500 0.738 0.081 0.000 0.181
136000 0.738 0.081 0.000 0.181
136500 0.738 0.081 0.000 0.181
137000 0.738 0.081 0.000 0.181
137500 0.738 0.081 0.000 0.181
138000 0.738 0.081 0.000 0.181
138500 0.738 0.081 0.000 0.181
139000 0.738 0.081 0.000 0.181
139500 0.738 0.081 0.000 0.181
140000 0.738 0.081 0.000 0.181
140500 0.738 0.081 0.000 0.181
141000 0.738 0.081 0.000 0.181
141500 0.738 0.081 0.000 0.181
142000 0.738 0.081 0.000 0.181
142500 0.738 0.081 0.000 0.181
143000 0.738 0.081 0.000 0.181
143500 0.738 0.081 0.000 0.181
144000 0.738 0.081 0.000 0.181
144500 0.738 0.081 0.000 0.181
145000 0.738 0.081 0.000 0.181
145500 0.738 0.081 0.000 0.181
146000 0.738 0.081 0.000 0.181
146500 0.738 0.081 0.000 0.181
147000 0.738 0.081 0.000 0.181
147500 0.738 0.081 0.000 0.181
148000 0.738 0.081 0.000 0.181
148500 0.738 0.081 0.000 0.181
149000 0.738 0.081 0.000 0.181
149500 0.738 0.081 0.000 0.181
150000 0.738 0.081 0.000 0.181
150500 0.738 0.081 0.000 0.181
151000 0.738 0.081 0.000 0.181
151500 0.738 0.081 0.000 0.181
152000 0.738 0.081 0.000 0.181
152500 0.738 0.081 0.000 0.181
153000 0.738 0.081 0.000 0.181
153500 0.738 0.081 0.000 0.181
154000 0.738 0.081 0.000 0.181
154500 0.738 0.081 0.000 0.181
155000 0.738 0.081 0.000 0.181
155500 0.738 0.081 0.000 0.181
156000 0.738 0.081 0.000 0.181
156500 0.738 0.081 0.000 0.181
157000 0.738 0.081 0.000 0.181
157500 0.738 0.081 0.000 0.181
158000 0.738 0.081 0.000 0.181
158500 0.738 0.081 0.000 0.181
159000 0.738 0.081 0.000 0.181
159500 0.738 0.081 0.000 0.181
160000 0.738 0.081 0.000 0.181
160500 0.738 0.081 0.000 0.181
161000 0.738 0.081 0.000 0.181
161500 0.738 0.081 0.000 0.181
162000 0.738 0.081 0.000 0.181
162500 0.738 0.081 0.000 0.181
163000 0.738 0.081 0.000 0.181
163500 0.738 0.081 0.000 0.181
164000 0.738 0.081 0.000 0.181
164500 0.738 0.081 0.000 0.181
165000 0.738 0.081 0.000 0.181
165500 0.738 0.081 0.000 0.181
166000 0.738 0.081 0.000 0.181
166500 0.738 0.081 0.000 0.181
167000 0.738 0.081 0.000 0.181
167500 0.738 0.081 0.000 0.181
168000 0.738 0.081 0.000 0.181
168500 0.738 0.081 0.000 0.181
169000 0.738 0.081 0.000 0.181
169500 0.738 0.081 0.000 0.181
170000 0.738 0.081 0.000 0.181
170500 0.738 0.081 0.000 0.181
171000 0.738 0.081 0.000 0.181
171500 0.738 0.081 0.000 0.181
172000 0.738 0.081 0.000 0.181
172500 0.738 0.081 0.000 0.181
173000 0.738 0.081 0.000 0.181
173500 0.738 0.081 0.000 0.181
174000 0.738 0.081 0.000 0.181
174500 0.738 0.081 0.000 0.181
175000 0.738 0.081 0.000 0.181
175500 0.738 0.081 0.000 0.181
176000 0.738 0.081 0.000 0.181
176500 0.738 0.081 0.000 0.181
177000 0.738 0.081 0.000 0.181
177500 0.738 0.081 0.000 0.181
178000 0.738 0.081 0.000 0.181
178500 0.738 0.081 0.000 0.181
179000 0.738 0.081 0.000 0.181
179500 0.738 0.081 0.000 0.181
180000 0.738 0.081 0.000 0.181
180500 0.738 0.081 0.000 0.181
181000 0.738 0.081 0.000 0.181
181500 0.738 0.081 0.000 0.181
182000 0.738 0.081 0.000 0.181
182500 0.738 0.081 0.000 0.181
183000 0.738 0.081 0.000 0.181
183500 0.738 0.081 0.000 0.181
184000 0.738 0.081 0.000 0.181
184500 0.738 0.081 0.000 0.181
185000 0.738 0.081 0.000 0.181
185500 0.738 0.081 0.000 0.181
186000 0.738 0.081 0.000 0.181
186500 0.738 0.081 0.000 0.181
187000 0.738 0.081 0.000 0.181
187500 0.738 0.081 0.000 0.181
188000 0.738 0.081 0.000 0.181
188500 0.738 0.081 0.000 0.181
189000 0.738 0.081 0.000 0.181
189500 0.738 0.081 0.000 0.181
190000 0.738 0.081 0.000 0.181
190500 0.738 0.081 0.000 0.181
191000 0.738 0.081 0.000 0.181
191500 0.738 0.081 0.000 0.181
192000 0.738 0.081 0.000 0.181
192500 0.738 0.081 0.000 0.181
193000 0.738 0.081 0.000 0.181
193500 0.738 0.081 0.000 0.181
194000 0.738 0.081 0.000 0.181
194500 0.738 0.081 0.000 0.181
195000 0.738 0.081 0.000 0.181
195500 0.738 0.081 0.000 0.181
196000 0.738 0.081 0.000 0.181
196500 0.738 0.081 0.000 0.181
197000 0.738 0.081 0.000 0.181
197500 0.738 0.081 0.000 0.181
198000 0.738 0.081 0.000 0.181
198500 0.738 0.081 0.000 0.181
199000 0.738 0.081 0.000 0.181
199500 0.738 0.081 0.000 0.181
200000 0.738 0.081 0.000 0.181
200500 0.738 0.081 0.000 0.181
201000 0.738 0.081 0.000 0.181
201500 0.738 0.081 0.000 0.181
202000 0.738 0.081 0.000 0.181
202500 0.738 0.081 0.000 0.181
203000 0.738 0.081 0.000 0.181
203500 0.738 0.081 0.000 0.181
204000 0.738 0.081 0.000 0.181
204500 0.738 0.081 0.000 0.181
205000 0.738 0.081 0.000 0.181
205500 0.738 0.081 0.000 0.181
206000 0.738 0.081 0.000 0.181
206500 0.738 0.081 0.000 0.181
207000 0.738 0.081 0.000 0.181
207500 0.738 0.081 0.000 0.181
208000 0.738 0.081 0.000 0.181
208500 0.738 0.081 0.000 0.181
209000 0.738 0.081 0.000 0.181
209500 0.738 0.081 0.000 0.181
210000 0.738 0.081 0.000 0.181
210500 0.738 0.081 0.000 0.181
211000 0.738 0.081 0.000 0.181
211500 0.738 0.081 0.000 0.181
212000 0.738 0.081 0.000 0.181
212500 0.738 0.081 0.000 0.181
213000 0.738 0.081 0.000 0.181
213500 0.738 0.081 0.000 0.181
214000 0.738 0.081 0.000 0.181
214500 0.738 0.081 0.000 0.181
215000 0.738 0.081 0.000 0.181
215500 0.738 0.081 0.000 0.181
216000 0.738 0.081 0.000 0.181
216500 0.738 0.081 0.000 0.181
217000 0.738 0.081 0.000 0.181
217500 0.738 0.081 0.000 0.181
218000 0.738 0.081 0.000 0.181
218500 0.738 0.081 0.000 0.181
219000 0.738 0.081 0.000 0.181
219500 0.738 0.081 0.000 0.181
220000 0.738 0.081 0.000 0.181
220500 0.738 0.081 0.000 0.181
221000 0.738 0.081 0.000 0.181
221500 0.738 0.081 0.000 0.181
222000 0.738 0.081 0.000 0.181
222500 0.738 0.081 0.000 0.181
223000 0.738 0.081 0.000 0.181
223500 0.738 0.081 0.000 0.181
224000 0.738 0.081 0.000 0.181
224500 0.738 0.081 0.000 0.181
225000 0.738 0.081 0.000 0.181
225500 0.738 0.081 0.000 0.181
226000 0.738 0.081 0.000 0.181
226500 0.738 0.081 0.000 0.181
227000 0.738 0.081 0.000 0.181
227500 0.738 0.081 0.000 0.181
228000 0.738 0.081 0.000 0.181
228500 0.738 0.081 0.000 0.181
229000 0.738 0.081 0.000 0.181
229500 0.738 0.081 0.000 0.181
230000 0.738 0.081 0.000 0.181
230500 0.738 0.081 0.000 0.181
231000 0.738 0.081 0.000 0.181
231500 0.738 0.081 0.000 0.181
232000 0.738 0.081 0.000 0.181
232500 0.738 0.081 0.000 0.181
233000 0.738 0.081 0.000 0.181
233500 0.738 0.081 0.000 0.181
234000 0.738 0.081 0.000 0.181
234500 0.738 0.081 0.000 0.181
235000 0.738 0.081 0.000 0.181
235500 0.738 0.081 0.000 0.181
236000 0.738 0.081 0.000 0.181
236500 0.738 0.081 0.000 0.181
237000 0.738 0.081 0.000 0.181
237500 0.738 0.081 0.000 0.181
238000 0.738 0.081 0.000 0.181
238500 0.738 0.081 0.000 0.181
239000 0.738 0.081 0.000 0.181
239500 0.738 0.081 0.000 0.181
240000 0.738 0.081 0.000 0.181
240500 0.738 0.081 0.000 0.181
241000 0.738 0.081 0.000 0.181
241500 0.738 0.081 0.000 0.181
242000 0.738 0.081 0.000 0.181
242500 0.738 0.081 0.000 0.181
243000 0.738 0.081 0.000 0.181
243500 0.738 0.081 0.000 0.181
244000 0.738 0.081 0.000 0.181
244500 0.738 0.081 0.000 0.181
245000 0.738 0.081 0.000 0.181
245500 0.738 0.081 0.000 0.181
246000 0.738 0.081 0.000 0.181
246500 0.738 0.081 0.000 0.181
247000 0.738 0.081 0.000 0.181
247500 0.738 0.081 0.000 0.181
248000 0.738 0.081 0.000 0.181
248500 0.738 0.081 0.000 0.181
249000 0.738 0.081 0.000 0.181
249500 0.738 0.081 0.000 0.181
250000 0.738 0.081 0.000 0.181
250500 0.738 0.081 0.000 0.181
251000 0.738 0.081 0.000 0.181
251500 0.738 0.081 0.000 0.181
252000 0.738 0.081 0.000 0.181
252500 0.738 0.081 0.000 0.181
253000 0.738 0.081 0.000 0.181
253500 0.738 0.081 0.000 0.181
254000 0.738 0.081 0.000 0.181
254500 0.738 0.081 0.000 0.181
255000 0.738 0.081 0.000 0.181
255500 0.738 0.081 0.000 0.181
256000 0.738 0.081 0.000 0.181
256500 0.738 0.081 0.000 0.181
257000 0.738 0.081 0.000 0.181
257500 0.738 0.081 0.000 0.181
258000 0.738 0.081 0.000 0.181
258500 0.738 0.081 0.000 0.181
259000 0.738 0.081 0.000 0.181
259500 0.738 0.081 0.000 0.181
260000 0.738 0.081 0.000 0.181
260500 0.738 0.081 0.000 0.181
261000 0.738 0.081 0.000 0.181
261500 0.738 0.081 0.000 0.181
262000 0.738 0.081 0.000 0.181
262500 0.738 0.081 0.000 0.181
263000 0.738 0.081 0.000 0.181
263500 0.738 0.081 0.000 0.181
264000 0.738 0.081 0.000 0.181
264500 0.738 0.081 0.000 0.181
265000 0.738 0.081 0.000 0.181
265500 0.738 0.081 0.000 0.181
266000 0.738 0.081 0.000 0.181
266500 0.738 0.081 0.000 0.181
267000 0.738 0.081 0.000 0.181
267500 0.738 0.081 0.000 0.181
268000 0.738 0.081 0.000 0.181
268500 0.738 0.081 0.000 0.181
269000 0.738 0.081 0.000 0.181
269500 0.738 0.081 0.000 0.181
270000 0.738 0.081 0.000 0.181
270500 0.738 0.081 0.000 0.181
271000 0.738 0.081 0.000 0.181
271500 0.738 0.081 0.000 0.181
272000 0.738 0.081 0.000 0.181
272500 0.738 0.081 0.000 0.181
273000 0.738 0.081 0.000 0.181
273500 0.738 0.081 0.000 0.181
274000 0.738 0.081 0.000 0.181
274500 0.738 0.081 0.000 0.181
275000 0.738 0.081 0.000 0.181
275500 0.738 0.081 0.000 0.181
276000 0.738 0.081 0.000 0.181
276500 0.738 0.081 0.000 0.181
277000 0.738 0.081 0.000 0.181
277500 0.738 0.081 0.000 0.181
278000 0.738 0.081 0.000 0.181
278500 0.738 0.081 0.000 0.181
279000 0.738 0.081 0.000 0.181
279500 0.738 0.081 0.000 0.181
280000 0.738 0.081 0.000 0.181
280500 0.738 0.081 0.000 0.181
281000 0.738 0.081 0.000 0.181
281500 0.738 0.081 0.000 0.181
282000 0.738 0.081 0.000 0.181
282500 0.738 0.081 0.000 0.181
283000 0.738 0.081 0.000 0.181
283500 0.738 0.081 0.000 0.181
284000 0.738 0.081 0.000 0.181
284500 0.738 0.081 0.000 0.181
285000 0.738 0.081 0.000 0.181
285500 0.738 0.081 0.000 0.181
286000 0.738 0.081 0.000 0.181
286500 0.738 0.081 0.000 0.181
287000 0.738 0.081 0.000 0.181
287500 0.738 0.081 0.000 0.181
288000 0.738 0.081 0.000 0.181
288500 0.738 0.081 0.000 0.181
289000 0.738 0.081 0.000 0.181
289500 0.738 0.081 0.000 0.181
290000 0.738 0.081 0.000 0.181
290500 0.738 0.081 0.000 0.181
291000 0.738 0.081 0.000 0.181
291500 0.738 0.081 0.000 0.181
292000 0.738 0.081 0.000 0.181
292500 0.738 0.081 0.000 0.181
293000 0.738 0.081 0.000 0.181
293500 0.738 0.081 0.000 0.181
294000 0.738 0.081 0.000 0.181
294500 0.738 0.081 0.000 0.181
295000 0.738 0.081 0.000 0.181
295500 0.738 0.081 0.000 0.181
296000 0.738 0.081 0.000 0.181
296500 0.738 0.081 0.000 0.181
297000 0.738 0.081 0.000 0.181
297500 0.738 0.081 0.000 0.181
298000 0.738 0.081 0.000 0.181
298500 0.738 0.081 0.000 0.181
299000 0.738 0.081 0.000 0.181
299500 0.738 0.081 0.000 0.181
300000 0.738 0.081 0.000 0.181
300500 0.738 0.081 0.000 0.181
301000 0.738 0.081 0.000 0.181
301500 0.738 0.081 0.000 0.181
302000 0.738 0.081 0.000 0.181
302500 0.738 0.081 0.000 0.181
303000 0.738 0.081 0.000 0.181
303500 0.738 0.081 0.000 0.181
304000 0.738 0.081 0.000 0.181
304500 0.738 0.081 0.000 0.181
305000 0.738 0.081 0.000 0.181
305500 0.738 0.081 0.000 0.181
306000 0.738 0.081 0.000 0.181
306500 0.738 0.081 0.000 0.181
307000 0.738 0.081 0.000 0.181
307500 0.738 0.081 0.000 0.181
308000 0.738 0.081 0.000 0.181
308500 0.738 0.081 0.000 0.181
309000 0.738 0.081 0.000 0.181
309500 0.738 0.081 0.000 0.181
310000 0.738 0.081 0.000 0.181
310500 0.738 0.081 0.000 0.181
311000 0.738 0.081 0.000 0.181
311500 0.738 0.081 0.000 0.181
312000 0.738 0.081 0.000 0.181
312500 0.738 0.081 0.000 0.181
313000 0.738 0.081 0.000 0.181
313500 0.738 0.081 0.000 0.181
314000 0.738 0.081 0.000 0.181
314500 0.738 0.081 0.000 0.181
315000 0.738 0.081 0.000 0.181
315500 0.738 0.081 0.000 0.181
316000 0.738 0.081 0.000 0.181
316500 0.738 0.081 0.000 0.181
317000 0.738 0.081 0.000 0.181
317500 0.738 0.081 0.000 0.181
318000 0.738 0.081 0.000 0.181
318500 0.738 0.081 0.000 0.181
319000 0.738 0.081 0.000 0.181
319500 0.738 0.081 0.000 0.181
320000 0.738 0.081 0.000 0.181
320500 0.738 0.081 0.000 0.181
321000 0.738 0.081 0.000 0.181
321500 0.738 0.081 0.000 0.181
322000 0.738 0.081 0.000 0.181
322500 0.738 0.081 0.000 0.181
323000 0.738 0.081 0.000 0.181
323500 0.738 0.081 0.000 0.181
324000 0.738 0.081 0.000 0.181
324500 0.738 0.081 0.000 0.181
325000 0.738 0.081 0.000 0.181
325500 0.738 0.081 0.000 0.181
326000 0.738 0.081 0.000 0.181
326500 0.738 0.081 0.000 0.181
327000 0.738 0.081 0.000 0.181
327500 0.738 0.081 0.000 0.181
328000 0.738 0.081 0.000 0.181
328500 0.738 0.081 0.000 0.181
329000 0.738 0.081 0.000 0.181
329500 0.738 0.081 0.000 0.181
330000 0.738 0.081 0.000 0.181
330500 0.738 0.081 0.000 0.181
331000 0.738 0.081 0.000 0.181
331500 0.738 0.081 0.000 0.181
332000 0.738 0.081 0.000 0.181
332500 0.738 0.081 0.000 0.181
333000 0.738 0.081 0.000 0.181
333500 0.738 0.081 0.000 0.181
334000 0.738 0.081 0.000 0.181
334500 0.738 0.081 0.000 0.181
335000 0.738 0.081 0.000 0.181
335500 0.738 0.081 0.000 0.181
336000 0.738 0.081 0.000 0.181
336500 0.738 0.081 0.000 0.181
337000 0.738 0.081 0.000 0.181
337500 0.738 0.081 0.000 0.181
338000 0.738 0.081 0.000 0.181
338500 0.738 0.081 0.000 0.181
339000 0.738 0.081 0.000 0.181
339500 0.738 0.081 0.000 0.181
340000 0.738 0.081 0.000 0.181
340500 0.738 0.081 0.000 0.181
341000 0.738 0.081 0.000 0.181
341500 0.738 0.081 0.000 0.181
342000 0.738 0.081 0.000 0.181
342500 0.738 0.081 0.000 0.181
343000 0.738 0.081 0.000 0.181
343500 0.738 0.081 0.000 0.181
344000 0.738 0.081 0.000 0.181
344500 0.738 0.081 0.000 0.181
345000 0.738 0.081 0.000 0.181
345500 0.738 0.081 0.000 0.181
346000 0.738 0.081 0.000 0.181
346500 0.738 0.081 0.000 0.181
347000 0.738 0.081 0.000 0.181
347500 0.738 0.081 0.000 0.181
348000 0.738 0.081 0.000 0.181
348500 0.738 0.081 0.000 0.181
349000 0.738 0.081 0.000 0.181
349500 0.738 0.081 0.000 0.181
350000 0.738 0.081 0.000 0.181
350500 0.738 0.081 0.000 0.181
351000 0.738 0.081 0.000 0.181
351500 0.738 0.081 0.000 0.181
352000 0.738 0.081 0.000 0.181
352500 0.738 0.081 0.000 0.181
353000 0.738 0.081 0.000 0.181
353500 0.738 0.081 0.000 0.181
354000 0.738 0.081 0.000 0.181
354500 0.738 0.081 0.000 0.181
355000 0.738 0.081 0.000 0.181
355500 0.738 0.081 0.000 0.181
356000 0.738 0.081 0.000 0.181
356500 0.738 0.081 0.000 0.181
357000 0.738 0.081 0.000 0.181
357500 0.738 0.081 0.000 0.181
358000 0.738 0.081 0.000 0.181
358500 0.738 0.081 0.000 0.181
359000 0.738 0.081 0.000 0.181
359500 0.738 0.081 0.000 0.181
360000 0.738 0.081 0.000 0.181
360500 0.738 0.081 0.000 0.181
361000 0.738 0.081 0.000 0.181
361500 0.738 0.081 0.000 0.181
362000 0.738 0.081 0.000 0.181
362500 0.738 0.081 0.000 0.181
363000 0.738 0.081 0.000 0.181
363500 0.738 0.081 0.000 0.181
364000 0.738 0.081 0.000 0.181
364500 0.738 0.081 0.000 0.181
365000 0.738 0.081 0.000 0.181
365500 0.738 0.081 0.000 0.181
366000 0.738 0.081 0.000 0.181
366500 0.738 0.081 0.000 0.181
367000 0.738 0.081 0.000 0.181
367500 0.738 0.081 0.000 0.181
368000 0.738 0.081 0.000 0.181
368500 0.738 0.081 0.000 0.181
369000 0.738 0.081 0.000 0.181
369500 0.738 0.081 0.000 0.181
370000 0.738 0.081 0.000 0.181
370500 0.738 0.081 0.000 0.181
371000 0.738 0.081 0.000 0.181
371500 0.738 0.081 0.000 0.181
372000 0.738 0.081 0.000 0.181
372500 0.738 0.081 0.000 0.181
373000 0.738 0.081 0.000 0.181
373500 0.738 0.081 0.000 0.181
374000 0.738 0.081 0.000 0.181
374500 0.738 0.081 0.000 0.181
375000 0.738 0.081 0.000 0.181
375500 0.738 0.081 0.000 0.181
376000 0.738 0.081 0.000 0.181
376500 0.738 0.081 0.000 0.181
377000 0.738 0.081 0.000 0.181
377500 0.738 0.081 0.000 0.181
378000 0.738 0.081 0.000 0.181
378500 0.738 0.081 0.000 0.181
379000 0.738 0.081 0.000 0.181
379500 0.738 0.081 0.000 0.181
380000 0.738 0.081 0.000 0.181
380500 0.738 0.081 0.000 0.181
381000 0.738 0.081 0.000 0.181
381500 0.738 0.081 0.000 0.181
382000 0.738 0.081 0.000 0.181
382500 0.738 0.081 0.000 0.181
383000 0.738 0.081 0.000 0.181
383500 0.738 0.081 0.000 0.181
384000 0.738 0.081 0.000 0.181
384500 0.738 0.081 0.000 0.181
385000 0.738 0.081 0.000 0.181
385500 0.738 0.081 0.000 0.181
386000 0.738 0.081 0.000 0.181
386500 0.738 0.081 0.000 0.181
387000 0.738 0.081 0.000 0.181
387500 0.738 0.081 0.000 0.181
388000 0.738 0.081 0.000 0.181
388500 0.738 0.081 0.000 0.181
389000 0.738 0.081 0.000 0.181
389500 0.738 0.081 0.000 0.181
390000 0.738 0.081 0.000 0.181
390500 0.738 0.081 0.000 0.181
391000 0.738 0.081 0.000 0.181
391500 0.738 0.081 0.000 0.181
392000 0.738 0.081 0.000 0.181
392500 0.738 0.081 0.000 0.181
393000 0.738 0.081 0.000 0.181
393500 0.738 0.081 0.000 0.181
394000 0.738 0.081 0.000 0.181
394500 0.738 0.081 0.000 0.181
395000 0.738 0.081 0.000 0.181
395500 0.738 0.081 0.000 0.181
396000 0.738 0.081 0.000 0.181
396500 0.738 0.081 0.000 0.181
397000 0.738 0.081 0.000 0.181
397500 0.738 0.081 0.000 0.181
398000 0.738 0.081 0.000 0.181
398500 0.738 0.081 0.000 0.181
399000 0.738 0.081 0.000 0.181
399500 0.738 0.081 0.000 0.181
400000 0.738 0.081 0.000 0.181
400500 0.738 0.081 0.000 0.181
401000 0.738 0.081 0.000 0.181
401500 0.738 0.081 0.000 0.181
402000 0.738 0.081 0.000 0.181
402500 0.738 0.081 0.000 0.181
403000 0.738 0.081 0.000 0.181
403500 0.738 0.081 0.000 0.181
404000 0.738 0.081 0.000 0.181
404500 0.738 0.081 0.000 0.181
405000 0.738 0.081 0.000 0.181
405500 0.738 0.081 0.000 0.181
406000 0.738 0.081 0.000 0.181
406500 0.738 0.081 0.000 0.181
407000 0.738 0.081 0.000 0.181
407500 0.738 0.081 0.000 0.181
408000 0.738 0.081 0.000 0.181
408500 0.738 0.081 0.000 0.181
409000 0.738 0.081 0.000 0.181
409500 0.738 0.081 0.000 0.181
410000 0.738 0.081 0.000 0.181
410500 0.738 0.081 0.000 0.181
411000 0.738 0.081 0.000 0.181
411500 0.738 0.081 0.000 0.181
412000 0.738 0.081 0.000 0.181
412500 0.738 0.081 0.000 0.181
413000 0.738 0.081 0.000 0.181
413500 0.738 0.081 0.000 0.181
414000 0.738 0.081 0.000 0.181
414500 0.738 0.081 0.000 0.181
415000 0.738 0.081 0.000 0.181
415500 0.738 0.081 0.000 0.181
416000 0.738 0.081 0.000 0.181
416500 0.738 0.081 0.000 0.181
417000 0.738 0.081 0.000 0.181
417500 0.738 0.081 0.000 0.181
418000 0.738 0.081 0.000 0.181
418500 0.738 0.081 0.000 0.181
419000 0.738 0.081 0.000 0.181
419500 0.738 0.081 0.000 0.181
420000 0.738 0.081 0.000 0.181
420500 0.738 0.081 0.000 0.181
421000 0.738 0.081 0.000 0.181
421500 0.738 0.081 0.000 0.181
422000 0.738 0.081 0.000 0.181
422500 0.738 0.081 0.000 0.181
423000 0.738 0.081 0.000 0.181
423500 0.738 0.081 0.000 0.181
424000 0.738 0.081 0.000 0.181
424500 0.738 0.081 0.000 0.181
425000 0.738 0.081 0.000 0.181
425500 0.738 0.081 0.000 0.181
426000 0.738 0.081 0.000 0.181
426500 0.738 0.081 0.000 0.181
427000 0.738 0.081 0.000 0.181
427500 0.738 0.081 0.000 0.181
428000 0.738 0.081 0.000 0.181
428500 0.738 0.081 0.000 0.181
429000 0.738 0.081 0.000 0.181
429500 0.738 0.081 0.000 0.181
430000 0.738 0.081 0.000 0.181
430500 0.738 0.081 0.000 0.181
431000 0.738 0.081 0.000 0.181
431500 0.738 0.081 0.000 0.181
432000 0.738 0.081 0.000 0.181
432500 0.738 0.081 0.000 0.181
433000 0.738 0.081 0.000 0.181
433500 0.738 0.081 0.000 0.181
434000 0.738 0.081 0.000 0.181
434500 0.738 0.081 0.000 0.181
435000 0.738 0.081 0.000 0.181
435500 0.738 0.081 0.000 0.181
436000 0.738 0.081 0.000 0.181
436500 0.738 0.081 0.000 0.181
437000 0.738 0.081 0.000 0.181
437500 0.738 0.081 0.000 0.181
438000 0.738 0.081 0.000 0.181
438500 0.738 0.081 0.000 0.181
439000 0.738 0.081 0.000 0.181
439500 0.738 0.081 0.000 0.181
440000 0.738 0.081 0.000 0.181
440500 0.738 0.081 0.000 0.181
441000 0.738 0.081 0.000 0.181
441500 0.738 0.081 0.000 0.181
442000 0.738 0.081 0.000 0.181
442500 0.738 0.081 0.000 0.181
443000 0.738 0.081 0.000 0.181
443500 0.738 0.081 0.000 0.181
444000 0.738 0.081 0.000 0.181
444500 0.738 0.081 0.000 0.181
445000 0.738 0.081 0.000 0.181
445500 0.738 0.081 0.000 0.181
446000 0.738 0.081 0.000 0.181
446500 0.738 0.081 0.000 0.181
447000 0.738 0.081 0.000 0.181
447500 0.738 0.081 0.000 0.181
448000 0.738 0.081 0.000 0.181
448500 0.738 0.081 0.000 0.181
449000 0.738 0.081 0.000 0.181
449500 0.738 0.081 0.000 0.181
450000 0.738 0.081 0.000 0.181
450500 0.738 0.081 0.000 0.181
451000 0.738 0.081 0.000 0.181
451500 0.738 0.081 0.000 0.181
452000 0.738 0.081 0.000 0.181
452500 0.738 0.081 0.000 0.181
453000 0.738 0.081 0.000 0.181
453500 0.738 0.081 0.000 0.181
454000 0.738 0.081 0.000 0.181
454500 0.738 0.081 0.000 0.181
455000 0.738 0.081 0.000 0.181
455500 0.738 0.081 0.000 0.181
456000 0.738 0.081 0.000 0.181
456500 0.738 0.081 0.000 0.181
457000 0.738 0.081 0.000 0.181
457500 0.738 0.081 0.000 0.181
458000 0.738 0.081 0.000 0.181
458500 0.738 0.081 0.000 0.181
459000 0.738 0.081 0.000 0.181
459500 0.738 0.081 0.000 0.181
460000 0.738 0.081 0.000 0.181
460500 0.738 0.081 0.000 0.181
461000 0.738 0.081 0.000 0.181
461500 0.738 0.081 0.000 0.181
462000 0.738 0.081 0.000 0.181
462500 0.738 0.081 0.000 0.181
463000 0.738 0.081 0.000 0.181
463500 0.738 0.081 0.000 0.181
464000 0.738 0.081 0.000 0.181
464500 0.738 0.081 0.000 0.181
465000 0.738 0.081 0.000 0.181
465500 0.738 0.081 0.000 0.181
466000 0.738 0.081 0.000 0.181
466500 0.738 0.081 0.000 0.181
467000 0.738 0.081 0.000 0.181
467500 0.738 0.081 0.000 0.181
468000 0.738 0.081 0.000 0.181
468500 0.738 0.081 0.000 0.181
469000 0.738 0.081 0.000 0.181
469500 0.738 0.081 0.000 0.181
470000 0.738 0.081 0.000 0.181
470500 0.738 0.081 0.000 0.181
471000 0.738 0.081 0.000 0.181
471500 0.738 0.081 0.000 0.181
472000 0.738 0.081 0.000 0.181
472500 0.738 0.081 0.000 0.181
473000 0.738 0.081 0.000 0.181
473500 0.738 0.081 0.000 0.181
474000 0.738 0.081 0.000 0.181
474500 0.738 0.081 0.000 0.181
475000 0.738 0.081 0.000 0.181
475500 0.738 0.081 0.000 0.181
476000 0.738 0.081 0.000 0.181
476500 0.738 0.081 0.000 0.181
477000 0.738 0.081 0.000 0.181
477500 0.738 0.081 0.000 0.181
478000 0.738 0.081 0.000 0.181
478500 0.738 0.081 0.000 0.181
479000 0.738 0.081 0.000 0.181
479500 0.738 0.081 0.000 0.181
480000 0.738 0.081 0.000 0.181
480500 0.738 0.081 0.000 0.181
481000 0.738 0.081 0.000 0.181
481500 0.738 0.081 0.000 0.181
482000 0.738 0.081 0.000 0.181
482500 0.738 0.081 0.000 0.181
483000 0.738 0.081 0.000 0.181
483500 0.738 0.081 0.000 0.181
484000 0.738 0.081 0.000 0.181
484500 0.738 0.081 0.000 0.181
485000 0.738 0.081 0.000 0.181
485500 0.738 0.081 0.000 0.181
486000 0.738 0.081 0.000 0.181
486500 0.738 0.081 0.000 0.181
487000 0.738 0.081 0.000 0.181
487500 0.738 0.081 0.000 0.181
488000 0.738 0.081 0.000 0.181
488500 0.738 0.081 0.000 0.181
489000 0.738 0.081 0.000 0.181
489500 0.738 0.081 0.000 0.181
490000 0.738 0.081 0.000 0.181
490500 0.738 0.081 0.000 0.181
491000 0.738 0.081 0.000 0.181
491500 0.738 0.081 0.000 0.181
492000 0.738 0.081 0.000 0.181
492500 0.738 0.081 0.000 0.181
493000 0.738 0.081 0.000 0.181
493500 0.738 0.081 0.000 0.181
494000 0.738 0.081 0.000 0.181
494500 0.738 0.081 0.000 0.181
495000 0.738 0.081 0.000 0.181
495500 0.738 0.081 0.000 0.181
496000 0.738 0.081 0.000 0.181
496500 0.738 0.081 0.000 0.181
497000 0.738 0.081 0.000 0.181
497500 0.738 0.081 0.000 0.181
498000 0.738 0.081 0.000 0.181
498500 0.738 0.081 0.000 0.181
499000 0.738 0.081 0.000 0.181
499500 0.738 0.081 0.000 0.181
500000 0.738 0.081 0.000 0.181
