000000 0.250 0.250 0.250 0.250
000500 0.264 0.339 0.000 0.397
001000 0.264 0.339 0.000 0.397
001500 0.264 0.340 0.000 0.396
002000 0.264 0.340 0.000 0.396
002500 0.264 0.340 0.000 0.396
003000 0.264 0.340 0.000 0.396
003500 0.264 0.340 0.000 0.396
004000 0.264 0.339 0.000 0.397
004500 0.264 0.340 0.000 0.396
005000 0.264 0.338 0.000 0.398
005500 0.264 0.338 0.000 0.398
006000 0.264 0.339 0.000 0.397
006500 0.264 0.339 0.000 0.397
007000 0.264 0.339 0.000 0.398
007500 0.264 0.339 0.000 0.397
008000 0.264 0.340 0.000 0.396
008500 0.264 0.340 0.000 0.396
009000 0.264 0.340 0.000 0.396
009500 0.264 0.339 0.000 0.397
010000 0.264 0.339 0.000 0.397
010500 0.264 0.340 0.000 0.396
011000 0.264 0.340 0.000 0.396
011500 0.264 0.340 0.000 0.396
012000 0.264 0.340 0.000 0.396
012500 0.264 0.340 0.000 0.396
013000 0.264 0.340 0.000 0.396
013500 0.264 0.339 0.000 0.397
014000 0.264 0.339 0.000 0.397
014500 0.264 0.339 0.000 0.397
015000 0.264 0.340 0.000 0.396
015500 0.264 0.340 0.000 0.396
016000 0.264 0.340 0.000 0.397
016500 0.264 0.339 0.000 0.397
017000 0.264 0.339 0.000 0.397
017500 0.264 0.339 0.000 0.397
018000 0.264 0.339 0.000 0.397
018500 0.264 0.339 0.000 0.397
019000 0.264 0.339 0.000 0.397
019500 0.264 0.339 0.000 0.397
020000 0.264 0.339 0.000 0.397
020500 0.264 0.339 0.000 0.397
021000 0.264 0.339 0.000 0.397
021500 0.264 0.339 0.000 0.397
022000 0.264 0.340 0.000 0.396
022500 0.264 0.340 0.000 0.396
023000 0.264 0.340 0.000 0.396
023500 0.264 0.340 0.000 0.396
024000 0.264 0.340 0.000 0.396
024500 0.264 0.339 0.000 0.397
025000 0.264 0.339 0.000 0.397
025500 0.264 0.339 0.000 0.397
026000 0.264 0.339 0.000 0.397
026500 0.264 0.339 0.000 0.397
027000 0.264 0.340 0.000 0.396
027500 0.264 0.341 0.000 0.396
028000 0.264 0.341 0.000 0.395
028500 0.264 0.341 0.000 0.395
029000 0.264 0.340 0.000 0.396
029500 0.264 0.341 0.000 0.395
030000 0.264 0.340 0.000 0.396
030500 0.264 0.340 0.000 0.396
031000 0.264 0.341 0.000 0.395
031500 0.264 0.340 0.000 0.396
032000 0.264 0.339 0.000 0.397
032500 0.264 0.340 0.000 0.396
033000 0.264 0.339 0.000 0.397
033500 0.264 0.340 0.000 0.396
034000 0.264 0.340 0.000 0.396
034500 0.264 0.340 0.000 0.396
035000 0.264 0.340 0.000 0.397
035500 0.264 0.339 0.000 0.397
036000 0.264 0.340 0.000 0.396
036500 0.264 0.339 0.000 0.397
037000 0.264 0.340 0.000 0.397
037500 0.264 0.340 0.000 0.396
038000 0.264 0.339 0.000 0.397
038500 0.264 0.339 0.000 0.397
039000 0.264 0.339 0.000 0.397
039500 0.264 0.339 0.000 0.397
040000 0.264 0.339 0.000 0.397
040500 0.264 0.339 0.000 0.397
041000 0.264 0.339 0.000 0.397
041500 0.264 0.340 0.000 0.396
042000 0.264 0.339 0.000 0.398
042500 0.264 0.339 0.000 0.397
043000 0.264 0.339 0.000 0.397
043500 0.264 0.339 0.000 0.397
044000 0.264 0.339 0.000 0.397
044500 0.264 0.339 0.000 0.398
045000 0.264 0.339 0.000 0.397
045500 0.264 0.339 0.000 0.397
046000 0.264 0.339 0.000 0.397
046500 0.264 0.339 0.000 0.397
047000 0.264 0.340 0.000 0.397
047500 0.264 0.339 0.000 0.397
048000 0.264 0.338 0.000 0.398
048500 0.264 0.339 0.000 0.397
049000 0.264 0.339 0.000 0.397
049500 0.264 0.339 0.000 0.397
050000 0.264 0.339 0.000 0.397
050500 0.264 0.339 0.000 0.398
051000 0.264 0.339 0.000 0.397
051500 0.264 0.339 0.000 0.397
052000 0.264 0.339 0.000 0.398
052500 0.264 0.339 0.000 0.397
053000 0.264 0.340 0.000 0.397
053500 0.264 0.339 0.000 0.397
054000 0.264 0.339 0.000 0.398
054500 0.264 0.339 0.000 0.397
055000 0.264 0.340 0.000 0.396
055500 0.264 0.339 0.000 0.397
056000 0.264 0.339 0.000 0.397
056500 0.264 0.339 0.000 0.397
057000 0.264 0.339 0.000 0.397
057500 0.264 0.339 0.000 0.397
058000 0.264 0.340 0.000 0.396
058500 0.264 0.339 0.000 0.397
059000 0.264 0.339 0.000 0.397
059500 0.264 0.339 0.000 0.397
060000 0.264 0.340 0.000 0.396
060500 0.264 0.340 0.000 0.396
061000 0.264 0.340 0.000 0.396
061500 0.264 0.340 0.000 0.397
062000 0.264 0.339 0.000 0.397
062500 0.264 0.339 0.000 0.397
063000 0.264 0.339 0.000 0.397
063500 0.264 0.339 0.000 0.397
064000 0.264 0.339 0.000 0.397
064500 0.264 0.339 0.000 0.397
065000 0.264 0.339 0.000 0.397
065500 0.264 0.340 0.000 0.396
066000 0.264 0.339 0.000 0.397
066500 0.264 0.339 0.000 0.397
067000 0.264 0.340 0.000 0.396
067500 0.264 0.340 0.000 0.396
068000 0.264 0.339 0.000 0.397
068500 0.264 0.339 0.000 0.397
069000 0.264 0.339 0.000 0.397
069500 0.264 0.339 0.000 0.397
070000 0.264 0.339 0.000 0.397
070500 0.264 0.339 0.000 0.397
071000 0.264 0.340 0.000 0.396
071500 0.264 0.340 0.000 0.396
072000 0.264 0.339 0.000 0.397
072500 0.264 0.339 0.000 0.397
073000 0.264 0.339 0.000 0.397
073500 0.264 0.340 0.000 0.396
074000 0.264 0.339 0.000 0.397
074500 0.264 0.339 0.000 0.397
075000 0.264 0.339 0.000 0.397
075500 0.264 0.340 0.000 0.397
076000 0.264 0.339 0.000 0.397
076500 0.264 0.340 0.000 0.397
077000 0.264 0.340 0.000 0.396
077500 0.264 0.340 0.000 0.396
078000 0.264 0.339 0.000 0.397
078500 0.264 0.339 0.000 0.397
079000 0.264 0.339 0.000 0.397
079500 0.264 0.339 0.000 0.397
080000 0.264 0.340 0.000 0.396
080500 0.264 0.339 0.000 0.397
081000 0.264 0.339 0.000 0.397
081500 0.264 0.340 0.000 0.397
082000 0.264 0.340 0.000 0.396
082500 0.264 0.340 0.000 0.396
083000 0.264 0.339 0.000 0.397
083500 0.264 0.339 0.000 0.397
084000 0.264 0.339 0.000 0.398
084500 0.264 0.339 0.000 0.397
085000 0.264 0.339 0.000 0.397
085500 0.264 0.339 0.000 0.397
086000 0.264 0.339 0.000 0.397
086500 0.264 0.339 0.000 0.397
087000 0.264 0.339 0.000 0.397
087500 0.264 0.340 0.000 0.396
088000 0.264 0.340 0.000 0.397
088500 0.264 0.340 0.000 0.396
089000 0.264 0.339 0.000 0.397
089500 0.264 0.339 0.000 0.397
090000 0.264 0.339 0.000 0.397
090500 0.264 0.339 0.000 0.397
091000 0.264 0.340 0.000 0.397
091500 0.264 0.340 0.000 0.396
092000 0.264 0.340 0.000 0.396
092500 0.264 0.339 0.000 0.397
093000 0.264 0.339 0.000 0.397
093500 0.264 0.339 0.000 0.397
094000 0.264 0.339 0.000 0.397
094500 0.264 0.340 0.000 0.397
095000 0.264 0.340 0.000 0.396
095500 0.264 0.339 0.000 0.397
096000 0.264 0.340 0.000 0.396
096500 0.264 0.340 0.000 0.396
097000 0.264 0.340 0.000 0.396
097500 0.264 0.340 0.000 0.396
098000 0.264 0.340 0.000 0.396
098500 0.264 0.340 0.000 0.396
099000 0.264 0.339 0.000 0.397
099500 0.264 0.338 0.000 0.398
100000 0.264 0.339 0.000 0.397
100500 0.264 0.339 0.000 0.397
101000 0.264 0.339 0.000 0.397
101500 0.264 0.339 0.000 0.398
102000 0.264 0.339 0.000 0.397
102500 0.264 0.339 0.000 0.397
103000 0.264 0.339 0.000 0.397
103500 0.264 0.338 0.000 0.398
104000 0.264 0.338 0.000 0.398
104500 0.264 0.339 0.000 0.398
105000 0.264 0.339 0.000 0.398
105500 0.264 0.339 0.000 0.397
106000 0.264 0.339 0.000 0.397
106500 0.264 0.339 0.000 0.397
107000 0.264 0.339 0.000 0.397
107500 0.264 0.338 0.000 0.398
108000 0.264 0.338 0.000 0.398
108500 0.264 0.338 0.000 0.398
109000 0.264 0.339 0.000 0.397
109500 0.264 0.339 0.000 0.397
110000 0.264 0.339 0.000 0.397
110500 0.264 0.339 0.000 0.397
111000 0.264 0.339 0.000 0.397
111500 0.264 0.339 0.000 0.397
112000 0.264 0.339 0.000 0.397
112500 0.264 0.338 0.000 0.398
113000 0.264 0.339 0.000 0.398
113500 0.264 0.339 0.000 0.397
114000 0.264 0.339 0.000 0.397
114500 0.264 0.339 0.000 0.397
115000 0.264 0.339 0.000 0.397
115500 0.264 0.339 0.000 0.397
116000 0.264 0.339 0.000 0.397
116500 0.264 0.339 0.000 0.397
117000 0.264 0.339 0.000 0.397
117500 0.264 0.339 0.000 0.397
118000 0.264 0.338 0.000 0.398
118500 0.264 0.339 0.000 0.398
119000 0.264 0.339 0.000 0.397
119500 0.264 0.339 0.000 0.398
120000 0.264 0.339 0.000 0.397
120500 0.264 0.338 0.000 0.398
121000 0.264 0.339 0.000 0.397
121500 0.264 0.339 0.000 0.397
122000 0.264 0.338 0.000 0.398
122500 0.264 0.339 0.000 0.397
123000 0.264 0.339 0.000 0.397
123500 0.264 0.339 0.000 0.397
124000 0.264 0.339 0.000 0.397
124500 0.264 0.339 0.000 0.397
125000 0.264 0.339 0.000 0.397
125500 0.264 0.339 0.000 0.397
126000 0.264 0.339 0.000 0.398
126500 0.264 0.339 0.000 0.397
127000 0.264 0.338 0.000 0.398
127500 0.264 0.339 0.000 0.397
128000 0.264 0.339 0.000 0.397
128500 0.264 0.339 0.000 0.397
129000 0.264 0.339 0.000 0.397
129500 0.264 0.339 0.000 0.397
130000 0.264 0.338 0.000 0.398
130500 0.264 0.339 0.000 0.397
131000 0.264 0.338 0.000 0.398
131500 0.264 0.339 0.000 0.397
132000 0.264 0.339 0.000 0.397
132500 0.264 0.339 0.000 0.397
133000 0.264 0.339 0.000 0.397
133500 0.264 0.339 0.000 0.398
134000 0.264 0.338 0.000 0.398
134500 0.264 0.339 0.000 0.397
135000 0.264 0.339 0.000 0.397
135500 0.264 0.339 0.000 0.397
136000 0.264 0.339 0.000 0.397
136500 0.264 0.339 0.000 0.397
137000 0.264 0.339 0.000 0.397
137500 0.264 0.339 0.000 0.397
138000 0.264 0.338 0.000 0.398
138500 0.264 0.339 0.000 0.398
139000 0.264 0.339 0.000 0.398
139500 0.264 0.338 0.000 0.398
140000 0.264 0.338 0.000 0.398
140500 0.264 0.339 0.000 0.397
141000 0.264 0.339 0.000 0.397
141500 0.264 0.339 0.000 0.397
142000 0.264 0.339 0.000 0.397
142500 0.264 0.338 0.000 0.398
143000 0.264 0.339 0.000 0.397
143500 0.264 0.339 0.000 0.397
144000 0.264 0.339 0.000 0.397
144500 0.264 0.339 0.000 0.397
145000 0.264 0.339 0.000 0.397
145500 0.264 0.339 0.000 0.397
146000 0.264 0.339 0.000 0.397
146500 0.264 0.339 0.000 0.397
147000 0.264 0.338 0.000 0.398
147500 0.264 0.339 0.000 0.397
148000 0.264 0.338 0.000 0.398
148500 0.264 0.339 0.000 0.397
149000 0.264 0.339 0.000 0.397
149500 0.264 0.339 0.000 0.397
150000 0.264 0.339 0.000 0.397
150500 0.264 0.339 0.000 0.397
151000 0.264 0.339 0.000 0.397
151500 0.264 0.339 0.000 0.397
152000 0.264 0.339 0.000 0.397
152500 0.264 0.339 0.000 0.397
153000 0.264 0.339 0.000 0.397
153500 0.264 0.339 0.000 0.397
154000 0.264 0.339 0.000 0.397
154500 0.264 0.339 0.000 0.397
155000 0.264 0.339 0.000 0.397
155500 0.264 0.339 0.000 0.397
156000 0.264 0.339 0.000 0.397
156500 0.264 0.339 0.000 0.397
157000 0.264 0.339 0.000 0.398
157500 0.264 0.339 0.000 0.397
158000 0.264 0.338 0.000 0.398
158500 0.264 0.339 0.000 0.397
159000 0.264 0.339 0.000 0.397
159500 0.264 0.339 0.000 0.397
160000 0.264 0.339 0.000 0.397
160500 0.264 0.338 0.000 0.398
161000 0.264 0.339 0.000 0.398
161500 0.264 0.338 0.000 0.398
162000 0.264 0.339 0.000 0.398
162500 0.264 0.339 0.000 0.397
163000 0.264 0.339 0.000 0.397
163500 0.264 0.339 0.000 0.397
164000 0.264 0.339 0.000 0.397
164500 0.264 0.339 0.000 0.397
165000 0.264 0.338 0.000 0.398
165500 0.264 0.339 0.000 0.397
166000 0.264 0.338 0.000 0.398
166500 0.264 0.339 0.000 0.397
167000 0.264 0.339 0.000 0.397
167500 0.264 0.339 0.000 0.397
168000 0.264 0.339 0.000 0.397
168500 0.264 0.339 0.000 0.397
169000 0.264 0.339 0.000 0.397
169500 0.264 0.338 0.000 0.398
170000 0.264 0.339 0.000 0.397
170500 0.264 0.339 0.000 0.398
171000 0.264 0.339 0.000 0.397
171500 0.264 0.339 0.000 0.398
172000 0.264 0.339 0.000 0.397
172500 0.264 0.339 0.000 0.397
173000 0.264 0.339 0.000 0.397
173500 0.264 0.339 0.000 0.398
174000 0.264 0.339 0.000 0.397
174500 0.264 0.339 0.000 0.397
175000 0.264 0.339 0.000 0.397
175500 0.264 0.339 0.000 0.397
176000 0.264 0.339 0.000 0.397
176500 0.264 0.339 0.000 0.397
177000 0.264 0.338 0.000 0.398
177500 0.264 0.339 0.000 0.398
178000 0.264 0.339 0.000 0.397
178500 0.264 0.339 0.000 0.397
179000 0.264 0.338 0.000 0.398
179500 0.264 0.339 0.000 0.397
180000 0.264 0.339 0.000 0.397
180500 0.264 0.339 0.000 0.397
181000 0.264 0.339 0.000 0.398
181500 0.264 0.338 0.000 0.398
182000 0.264 0.339 0.000 0.397
182500 0.264 0.339 0.000 0.397
183000 0.264 0.339 0.000 0.397
183500 0.264 0.339 0.000 0.397
184000 0.264 0.339 0.000 0.397
184500 0.264 0.339 0.000 0.397
185000 0.264 0.339 0.000 0.397
185500 0.264 0.338 0.000 0.398
186000 0.264 0.339 0.000 0.397
186500 0.264 0.339 0.000 0.397
187000 0.264 0.338 0.000 0.398
187500 0.264 0.338 0.000 0.398
188000 0.264 0.338 0.000 0.398
188500 0.264 0.338 0.000 0.398
189000 0.264 0.338 0.000 0.398
189500 0.264 0.338 0.000 0.398
190000 0.264 0.338 0.000 0.398
190500 0.264 0.339 0.000 0.397
191000 0.264 0.339 0.000 0.397
191500 0.264 0.339 0.000 0.397
192000 0.264 0.339 0.000 0.397
192500 0.264 0.338 0.000 0.398
193000 0.264 0.339 0.000 0.397
193500 0.264 0.338 0.000 0.398
194000 0.264 0.339 0.000 0.398
194500 0.264 0.339 0.000 0.397
195000 0.264 0.339 0.000 0.397
195500 0.264 0.338 0.000 0.398
196000 0.264 0.338 0.000 0.398
196500 0.264 0.338 0.000 0.398
197000 0.264 0.338 0.000 0.398
197500 0.264 0.338 0.000 0.398
198000 0.264 0.339 0.000 0.397
198500 0.264 0.339 0.000 0.398
199000 0.264 0.339 0.000 0.397
199500 0.264 0.338 0.000 0.398
200000 0.264 0.338 0.000 0.398
200500 0.264 0.338 0.000 0.398
201000 0.264 0.338 0.000 0.398
201500 0.264 0.338 0.000 0.398
202000 0.264 0.338 0.000 0.398
202500 0.264 0.338 0.000 0.398
203000 0.264 0.338 0.000 0.398
203500 0.264 0.338 0.000 0.398
204000 0.264 0.338 0.000 0.398
204500 0.264 0.338 0.000 0.398
205000 0.264 0.338 0.000 0.398
205500 0.264 0.338 0.000 0.398
206000 0.264 0.339 0.000 0.397
206500 0.264 0.339 0.000 0.397
207000 0.264 0.338 0.000 0.398
207500 0.264 0.339 0.000 0.397
208000 0.264 0.339 0.000 0.398
208500 0.264 0.339 0.000 0.397
209000 0.264 0.339 0.000 0.397
209500 0.264 0.339 0.000 0.397
210000 0.264 0.339 0.000 0.397
210500 0.264 0.339 0.000 0.397
211000 0.264 0.339 0.000 0.397
211500 0.264 0.339 0.000 0.397
212000 0.264 0.339 0.000 0.397
212500 0.264 0.339 0.000 0.397
213000 0.264 0.339 0.000 0.397
213500 0.264 0.339 0.000 0.397
214000 0.264 0.338 0.000 0.398
214500 0.264 0.339 0.000 0.397
215000 0.264 0.339 0.000 0.397
215500 0.264 0.339 0.000 0.397
216000 0.264 0.339 0.000 0.397
216500 0.264 0.339 0.000 0.397
217000 0.264 0.340 0.000 0.396
217500 0.264 0.340 0.000 0.396
218000 0.264 0.340 0.000 0.396
218500 0.264 0.340 0.000 0.396
219000 0.264 0.340 0.000 0.396
219500 0.264 0.340 0.000 0.396
220000 0.264 0.340 0.000 0.396
220500 0.264 0.340 0.000 0.396
221000 0.264 0.340 0.000 0.396
221500 0.264 0.340 0.000 0.396
222000 0.264 0.340 0.000 0.396
222500 0.264 0.340 0.000 0.396
223000 0.264 0.340 0.000 0.396
223500 0.264 0.340 0.000 0.396
224000 0.264 0.340 0.000 0.396
224500 0.264 0.340 0.000 0.396
225000 0.264 0.340 0.000 0.396
225500 0.264 0.340 0.000 0.396
226000 0.264 0.340 0.000 0.396
226500 0.264 0.340 0.000 0.396
227000 0.264 0.340 0.000 0.396
227500 0.264 0.340 0.000 0.396
228000 0.264 0.340 0.000 0.396
228500 0.264 0.340 0.000 0.396
229000 0.264 0.340 0.000 0.396
229500 0.264 0.340 0.000 0.396
230000 0.264 0.340 0.000 0.396
230500 0.264 0.340 0.000 0.396
231000 0.264 0.340 0.000 0.396
231500 0.264 0.340 0.000 0.396
232000 0.264 0.340 0.000 0.396
232500 0.264 0.340 0.000 0.396
233000 0.264 0.340 0.000 0.396
233500 0.264 0.340 0.000 0.396
234000 0.264 0.340 0.000 0.396
234500 0.264 0.340 0.000 0.396
235000 0.264 0.340 0.000 0.396
235500 0.264 0.340 0.000 0.396
236000 0.264 0.340 0.000 0.396
236500 0.264 0.340 0.000 0.396
237000 0.264 0.340 0.000 0.396
237500 0.264 0.340 0.000 0.396
238000 0.264 0.340 0.000 0.396
238500 0.264 0.340 0.000 0.396
239000 0.264 0.340 0.000 0.396
239500 0.264 0.340 0.000 0.396
240000 0.264 0.340 0.000 0.396
240500 0.264 0.340 0.000 0.396
241000 0.264 0.340 0.000 0.396
241500 0.264 0.340 0.000 0.396
242000 0.264 0.340 0.000 0.396
242500 0.264 0.340 0.000 0.396
243000 0.264 0.340 0.000 0.396
243500 0.264 0.340 0.000 0.396
244000 0.264 0.340 0.000 0.396
244500 0.264 0.340 0.000 0.396
245000 0.264 0.340 0.000 0.396
245500 0.264 0.340 0.000 0.396
246000 0.264 0.340 0.000 0.396
246500 0.264 0.340 0.000 0.396
247000 0.264 0.340 0.000 0.396
247500 0.264 0.340 0.000 0.396
248000 0.264 0.340 0.000 0.396
248500 0.264 0.340 0.000 0.396
249000 0.264 0.340 0.000 0.396
249500 0.264 0.340 0.000 0.396
250000 0.264 0.340 0.000 0.396
250500 0.264 0.340 0.000 0.396
251000 0.264 0.340 0.000 0.396
251500 0.264 0.340 0.000 0.396
252000 0.264 0.340 0.000 0.396
252500 0.264 0.340 0.000 0.396
253000 0.264 0.340 0.000 0.396
253500 0.264 0.340 0.000 0.396
254000 0.264 0.340 0.000 0.396
254500 0.264 0.340 0.000 0.396
255000 0.264 0.340 0.000 0.396
255500 0.264 0.340 0.000 0.396
256000 0.264 0.340 0.000 0.396
256500 0.264 0.340 0.000 0.396
257000 0.264 0.340 0.000 0.396
257500 0.264 0.340 0.000 0.396
258000 0.264 0.340 0.000 0.396
258500 0.264 0.340 0.000 0.396
259000 0.264 0.340 0.000 0.396
259500 0.264 0.340 0.000 0.396
260000 0.264 0.340 0.000 0.396
260500 0.264 0.340 0.000 0.396
261000 0.264 0.340 0.000 0.396
261500 0.264 0.340 0.000 0.396
262000 0.264 0.340 0.000 0.396
262500 0.264 0.340 0.000 0.396
263000 0.264 0.340 0.000 0.396
263500 0.264 0.340 0.000 0.396
264000 0.264 0.340 0.000 0.396
264500 0.264 0.340 0.000 0.396
265000 0.264 0.340 0.000 0.396
265500 0.264 0.340 0.000 0.396
266000 0.264 0.340 0.000 0.396
266500 0.264 0.340 0.000 0.396
267000 0.264 0.340 0.000 0.396
267500 0.264 0.340 0.000 0.396
268000 0.264 0.340 0.000 0.396
268500 0.264 0.340 0.000 0.396
269000 0.264 0.340 0.000 0.396
269500 0.264 0.340 0.000 0.396
270000 0.264 0.340 0.000 0.396
270500 0.264 0.340 0.000 0.396
271000 0.264 0.340 0.000 0.396
271500 0.264 0.340 0.000 0.396
272000 0.264 0.340 0.000 0.396
272500 0.264 0.340 0.000 0.396
273000 0.264 0.340 0.000 0.396
273500 0.264 0.340 0.000 0.396
274000 0.264 0.340 0.000 0.396
274500 0.264 0.340 0.000 0.396
275000 0.264 0.340 0.000 0.396
275500 0.264 0.340 0.000 0.396
276000 0.264 0.340 0.000 0.396
276500 0.264 0.340 0.000 0.396
277000 0.264 0.340 0.000 0.396
277500 0.264 0.340 0.000 0.396
278000 0.264 0.340 0.000 0.396
278500 0.264 0.340 0.000 0.396
279000 0.264 0.340 0.000 0.396
279500 0.264 0.340 0.000 0.396
280000 0.264 0.340 0.000 0.396
280500 0.264 0.340 0.000 0.396
281000 0.264 0.340 0.000 0.396
281500 0.264 0.340 0.000 0.396
282000 0.264 0.340 0.000 0.396
282500 0.264 0.340 0.000 0.396
283000 0.264 0.340 0.000 0.396
283500 0.264 0.340 0.000 0.396
284000 0.264 0.340 0.000 0.396
284500 0.264 0.340 0.000 0.396
285000 0.264 0.340 0.000 0.396
285500 0.264 0.340 0.000 0.396
286000 0.264 0.340 0.000 0.396
286500 0.264 0.340 0.000 0.396
287000 0.264 0.340 0.000 0.396
287500 0.264 0.340 0.000 0.396
288000 0.264 0.340 0.000 0.396
288500 0.264 0.340 0.000 0.396
289000 0.264 0.340 0.000 0.396
289500 0.264 0.340 0.000 0.396
290000 0.264 0.340 0.000 0.396
290500 0.264 0.340 0.000 0.396
291000 0.264 0.340 0.000 0.396
291500 0.264 0.340 0.000 0.396
292000 0.264 0.340 0.000 0.396
292500 0.264 0.340 0.000 0.396
293000 0.264 0.340 0.000 0.396
293500 0.264 0.340 0.000 0.396
294000 0.264 0.340 0.000 0.396
294500 0.264 0.340 0.000 0.396
295000 0.264 0.340 0.000 0.396
295500 0.264 0.340 0.000 0.396
296000 0.264 0.340 0.000 0.396
296500 0.264 0.340 0.000 0.396
297000 0.264 0.340 0.000 0.396
297500 0.264 0.340 0.000 0.396
298000 0.264 0.340 0.000 0.396
298500 0.264 0.340 0.000 0.396
299000 0.264 0.340 0.000 0.396
299500 0.264 0.340 0.000 0.396
300000 0.264 0.340 0.000 0.396
300500 0.264 0.340 0.000 0.396
301000 0.264 0.340 0.000 0.396
301500 0.264 0.340 0.000 0.396
302000 0.264 0.340 0.000 0.396
302500 0.264 0.340 0.000 0.396
303000 0.264 0.340 0.000 0.396
303500 0.264 0.340 0.000 0.396
304000 0.264 0.340 0.000 0.396
304500 0.264 0.340 0.000 0.396
305000 0.264 0.340 0.000 0.396
305500 0.264 0.340 0.000 0.396
306000 0.264 0.340 0.000 0.396
306500 0.264 0.340 0.000 0.396
307000 0.264 0.340 0.000 0.396
307500 0.264 0.340 0.000 0.396
308000 0.264 0.340 0.000 0.396
308500 0.264 0.340 0.000 0.396
309000 0.264 0.340 0.000 0.396
309500 0.264 0.340 0.000 0.396
310000 0.264 0.340 0.000 0.396
310500 0.264 0.340 0.000 0.396
311000 0.264 0.340 0.000 0.396
311500 0.264 0.340 0.000 0.396
312000 0.264 0.340 0.000 0.396
312500 0.264 0.340 0.000 0.396
313000 0.264 0.340 0.000 0.396
313500 0.264 0.340 0.000 0.396
314000 0.264 0.340 0.000 0.396
314500 0.264 0.340 0.000 0.396
315000 0.264 0.340 0.000 0.396
315500 0.264 0.340 0.000 0.396
316000 0.264 0.340 0.000 0.396
316500 0.264 0.340 0.000 0.396
317000 0.264 0.340 0.000 0.396
317500 0.264 0.340 0.000 0.396
318000 0.264 0.340 0.000 0.396
318500 0.264 0.340 0.000 0.396
319000 0.264 0.340 0.000 0.396
319500 0.264 0.340 0.000 0.396
320000 0.264 0.340 0.000 0.396
320500 0.264 0.340 0.000 0.396
321000 0.264 0.340 0.000 0.396
321500 0.264 0.340 0.000 0.396
322000 0.264 0.340 0.000 0.396
322500 0.264 0.340 0.000 0.396
323000 0.264 0.340 0.000 0.396
323500 0.264 0.340 0.000 0.396
324000 0.264 0.340 0.000 0.396
324500 0.264 0.340 0.000 0.396
325000 0.264 0.340 0.000 0.396
325500 0.264 0.340 0.000 0.396
326000 0.264 0.340 0.000 0.396
326500 0.264 0.340 0.000 0.396
327000 0.264 0.340 0.000 0.396
327500 0.264 0.340 0.000 0.396
328000 0.264 0.340 0.000 0.396
328500 0.264 0.340 0.000 0.396
329000 0.264 0.340 0.000 0.396
329500 0.264 0.340 0.000 0.396
330000 0.264 0.340 0.000 0.396
330500 0.264 0.340 0.000 0.396
331000 0.264 0.340 0.000 0.396
331500 0.264 0.340 0.000 0.396
332000 0.264 0.340 0.000 0.396
332500 0.264 0.340 0.000 0.396
333000 0.264 0.340 0.000 0.396
333500 0.264 0.340 0.000 0.396
334000 0.264 0.340 0.000 0.396
334500 0.264 0.340 0.000 0.396
335000 0.264 0.340 0.000 0.396
335500 0.264 0.340 0.000 0.396
336000 0.264 0.340 0.000 0.396
336500 0.264 0.340 0.000 0.396
337000 0.264 0.340 0.000 0.396
337500 0.264 0.340 0.000 0.396
338000 0.264 0.340 0.000 0.396
338500 0.264 0.340 0.000 0.396
339000 0.264 0.340 0.000 0.396
339500 0.264 0.340 0.000 0.396
340000 0.264 0.340 0.000 0.396
340500 0.264 0.340 0.000 0.396
341000 0.264 0.340 0.000 0.396
341500 0.264 0.340 0.000 0.396
342000 0.264 0.340 0.000 0.396
342500 0.264 0.340 0.000 0.396
343000 0.264 0.340 0.000 0.396
343500 0.264 0.340 0.000 0.396
344000 0.264 0.340 0.000 0.396
344500 0.264 0.340 0.000 0.396
345000 0.264 0.340 0.000 0.396
345500 0.264 0.340 0.000 0.396
346000 0.264 0.340 0.000 0.396
346500 0.264 0.340 0.000 0.396
347000 0.264 0.340 0.000 0.396
347500 0.264 0.340 0.000 0.396
348000 0.264 0.340 0.000 0.396
348500 0.264 0.340 0.000 0.396
349000 0.264 0.340 0.000 0.396
349500 0.264 0.340 0.000 0.396
350000 0.264 0.340 0.000 0.396
350500 0.264 0.340 0.000 0.396
351000 0.264 0.340 0.000 0.396
351500 0.264 0.340 0.000 0.396
352000 0.264 0.340 0.000 0.396
352500 0.264 0.340 0.000 0.396
353000 0.264 0.340 0.000 0.396
353500 0.264 0.340 0.000 0.396
354000 0.264 0.340 0.000 0.396
354500 0.264 0.340 0.000 0.396
355000 0.264 0.340 0.000 0.396
355500 0.264 0.340 0.000 0.396
356000 0.264 0.340 0.000 0.396
356500 0.264 0.340 0.000 0.396
357000 0.264 0.340 0.000 0.396
357500 0.264 0.340 0.000 0.396
358000 0.264 0.340 0.000 0.396
358500 0.264 0.340 0.000 0.396
359000 0.264 0.340 0.000 0.396
359500 0.264 0.340 0.000 0.396
360000 0.264 0.340 0.000 0.396
360500 0.264 0.340 0.000 0.396
361000 0.264 0.340 0.000 0.396
361500 0.264 0.340 0.000 0.396
362000 0.264 0.340 0.000 0.396
362500 0.264 0.340 0.000 0.396
363000 0.264 0.340 0.000 0.396
363500 0.264 0.340 0.000 0.396
364000 0.264 0.340 0.000 0.396
364500 0.264 0.340 0.000 0.396
365000 0.264 0.340 0.000 0.396
365500 0.264 0.340 0.000 0.396
366000 0.264 0.340 0.000 0.396
366500 0.264 0.340 0.000 0.396
367000 0.264 0.340 0.000 0.396
367500 0.264 0.340 0.000 0.396
368000 0.264 0.340 0.000 0.396
368500 0.264 0.340 0.000 0.396
369000 0.264 0.340 0.000 0.396
369500 0.264 0.340 0.000 0.396
370000 0.264 0.340 0.000 0.396
370500 0.264 0.340 0.000 0.396
371000 0.264 0.340 0.000 0.396
371500 0.264 0.340 0.000 0.396
372000 0.264 0.340 0.000 0.396
372500 0.264 0.340 0.000 0.396
373000 0.264 0.340 0.000 0.396
373500 0.264 0.340 0.000 0.396
374000 0.264 0.340 0.000 0.396
374500 0.264 0.340 0.000 0.396
375000 0.264 0.340 0.000 0.396
375500 0.264 0.340 0.000 0.396
376000 0.264 0.340 0.000 0.396
376500 0.264 0.340 0.000 0.396
377000 0.264 0.340 0.000 0.396
377500 0.264 0.340 0.000 0.396
378000 0.264 0.340 0.000 0.396
378500 0.264 0.340 0.000 0.396
379000 0.264 0.340 0.000 0.396
379500 0.264 0.340 0.000 0.396
380000 0.264 0.340 0.000 0.396
380500 0.264 0.340 0.000 0.396
381000 0.264 0.340 0.000 0.396
381500 0.264 0.340 0.000 0.396
382000 0.264 0.340 0.000 0.396
382500 0.264 0.340 0.000 0.396
383000 0.264 0.340 0.000 0.396
383500 0.264 0.340 0.000 0.396
384000 0.264 0.340 0.000 0.396
384500 0.264 0.340 0.000 0.396
385000 0.264 0.340 0.000 0.396
385500 0.264 0.340 0.000 0.396
386000 0.264 0.340 0.000 0.396
386500 0.264 0.340 0.000 0.396
387000 0.264 0.340 0.000 0.396
387500 0.264 0.340 0.000 0.396
388000 0.264 0.340 0.000 0.396
388500 0.264 0.340 0.000 0.396
389000 0.264 0.340 0.000 0.396
389500 0.264 0.340 0.000 0.396
390000 0.264 0.340 0.000 0.396
390500 0.264 0.340 0.000 0.396
391000 0.264 0.340 0.000 0.396
391500 0.264 0.340 0.000 0.396
392000 0.264 0.340 0.000 0.396
392500 0.264 0.340 0.000 0.396
393000 0.264 0.340 0.000 0.396
393500 0.264 0.340 0.000 0.396
394000 0.264 0.340 0.000 0.396
394500 0.264 0.340 0.000 0.396
395000 0.264 0.340 0.000 0.396
395500 0.264 0.340 0.000 0.396
396000 0.264 0.340 0.000 0.396
396500 0.264 0.340 0.000 0.396
397000 0.264 0.340 0.000 0.396
397500 0.264 0.340 0.000 0.396
398000 0.264 0.340 0.000 0.396
398500 0.264 0.340 0.000 0.396
399000 0.264 0.340 0.000 0.396
399500 0.264 0.340 0.000 0.396
400000 0.264 0.340 0.000 0.396
400500 0.264 0.340 0.000 0.396
401000 0.264 0.340 0.000 0.396
401500 0.264 0.340 0.000 0.396
402000 0.264 0.340 0.000 0.396
402500 0.264 0.340 0.000 0.396
403000 0.264 0.340 0.000 0.396
403500 0.264 0.340 0.000 0.396
404000 0.264 0.341 0.000 0.395
404500 0.264 0.341 0.000 0.395
405000 0.264 0.341 0.000 0.395
405500 0.264 0.341 0.000 0.395
406000 0.264 0.341 0.000 0.395
406500 0.264 0.341 0.000 0.395
407000 0.264 0.341 0.000 0.395
407500 0.264 0.341 0.000 0.395
408000 0.264 0.341 0.000 0.395
408500 0.264 0.341 0.000 0.395
409000 0.264 0.341 0.000 0.395
409500 0.264 0.341 0.000 0.395
410000 0.264 0.341 0.000 0.395
410500 0.264 0.341 0.000 0.395
411000 0.264 0.341 0.000 0.395
411500 0.264 0.341 0.000 0.395
412000 0.264 0.341 0.000 0.395
412500 0.264 0.341 0.000 0.395
413000 0.264 0.341 0.000 0.395
413500 0.264 0.341 0.000 0.395
414000 0.264 0.341 0.000 0.395
414500 0.264 0.341 0.000 0.395
415000 0.264 0.341 0.000 0.395
415500 0.264 0.341 0.000 0.395
416000 0.264 0.341 0.000 0.395
416500 0.264 0.341 0.000 0.395
417000 0.264 0.341 0.000 0.395
417500 0.264 0.341 0.000 0.395
418000 0.264 0.341 0.000 0.395
418500 0.264 0.341 0.000 0.395
419000 0.264 0.341 0.000 0.395
419500 0.264 0.341 0.000 0.395
420000 0.264 0.341 0.000 0.395
420500 0.264 0.341 0.000 0.395
421000 0.264 0.341 0.000 0.395
421500 0.264 0.341 0.000 0.395
422000 0.264 0.341 0.000 0.395
422500 0.264 0.341 0.000 0.395
423000 0.264 0.341 0.000 0.395
423500 0.264 0.341 0.000 0.395
424000 0.264 0.341 0.000 0.395
424500 0.264 0.341 0.000 0.395
425000 0.264 0.341 0.000 0.395
425500 0.264 0.341 0.000 0.395
426000 0.264 0.341 0.000 0.395
426500 0.264 0.341 0.000 0.395
427000 0.264 0.341 0.000 0.395
427500 0.264 0.341 0.000 0.395
428000 0.264 0.341 0.000 0.395
428500 0.264 0.341 0.000 0.395
429000 0.264 0.341 0.000 0.395
429500 0.264 0.341 0.000 0.395
430000 0.264 0.341 0.000 0.395
430500 0.264 0.341 0.000 0.395
431000 0.264 0.341 0.000 0.395
431500 0.264 0.341 0.000 0.395
432000 0.264 0.341 0.000 0.395
432500 0.264 0.341 0.000 0.395
433000 0.264 0.341 0.000 0.395
433500 0.264 0.341 0.000 0.395
434000 0.264 0.341 0.000 0.395
434500 0.264 0.341 0.000 0.395
435000 0.264 0.341 0.000 0.395
435500 0.264 0.341 0.000 0.395
436000 0.264 0.341 0.000 0.395
436500 0.264 0.341 0.000 0.395
437000 0.264 0.341 0.000 0.395
437500 0.264 0.341 0.000 0.395
438000 0.264 0.341 0.000 0.395
438500 0.264 0.341 0.000 0.395
439000 0.264 0.341 0.000 0.395
439500 0.264 0.341 0.000 0.395
440000 0.264 0.341 0.000 0.395
440500 0.264 0.341 0.000 0.395
441000 0.264 0.341 0.000 0.395
441500 0.264 0.341 0.000 0.395
442000 0.264 0.341 0.000 0.395
442500 0.264 0.341 0.000 0.395
443000 0.264 0.341 0.000 0.395
443500 0.264 0.341 0.000 0.395
444000 0.264 0.341 0.000 0.395
444500 0.264 0.341 0.000 0.395
445000 0.264 0.341 0.000 0.395
445500 0.264 0.341 0.000 0.395
446000 0.264 0.341 0.000 0.395
446500 0.264 0.341 0.000 0.395
447000 0.264 0.341 0.000 0.395
447500 0.264 0.341 0.000 0.395
448000 0.264 0.341 0.000 0.395
448500 0.264 0.341 0.000 0.395
449000 0.264 0.341 0.000 0.395
449500 0.264 0.342 0.000 0.394
450000 0.264 0.342 0.000 0.394
450500 0.264 0.342 0.000 0.394
451000 0.264 0.342 0.000 0.394
451500 0.264 0.342 0.000 0.394
452000 0.264 0.342 0.000 0.394
452500 0.264 0.342 0.000 0.394
453000 0.264 0.342 0.000 0.394
453500 0.264 0.342 0.000 0.394
454000 0.264 0.342 0.000 0.394
454500 0.264 0.342 0.000 0.394
455000 0.264 0.342 0.000 0.394
455500 0.264 0.342 0.000 0.394
456000 0.264 0.342 0.000 0.394
456500 0.264 0.342 0.000 0.394
457000 0.264 0.342 0.000 0.394
457500 0.264 0.342 0.000 0.394
458000 0.264 0.342 0.000 0.394
458500 0.264 0.342 0.000 0.394
459000 0.264 0.342 0.000 0.394
459500 0.264 0.342 0.000 0.394
460000 0.264 0.342 0.000 0.394
460500 0.264 0.342 0.000 0.394
461000 0.264 0.342 0.000 0.394
461500 0.264 0.342 0.000 0.394
462000 0.264 0.342 0.000 0.394
462500 0.264 0.342 0.000 0.394
463000 0.264 0.342 0.000 0.394
463500 0.264 0.342 0.000 0.394
464000 0.264 0.342 0.000 0.394
464500 0.264 0.342 0.000 0.394
465000 0.264 0.342 0.000 0.394
465500 0.264 0.342 0.000 0.394
466000 0.264 0.342 0.000 0.394
466500 0.264 0.342 0.000 0.394
467000 0.264 0.342 0.000 0.394
467500 0.264 0.342 0.000 0.394
468000 0.264 0.342 0.000 0.394
468500 0.264 0.342 0.000 0.394
469000 0.264 0.342 0.000 0.394
469500 0.264 0.342 0.000 0.394
470000 0.264 0.342 0.000 0.394
470500 0.264 0.342 0.000 0.394
471000 0.264 0.342 0.000 0.394
471500 0.264 0.342 0.000 0.394
472000 0.264 0.342 0.000 0.394
472500 0.264 0.342 0.000 0.394
473000 0.264 0.342 0.000 0.394
473500 0.264 0.342 0.000 0.394
474000 0.264 0.342 0.000 0.394
474500 0.264 0.342 0.000 0.394
475000 0.264 0.342 0.000 0.394
475500 0.264 0.342 0.000 0.394
476000 0.264 0.342 0.000 0.394
476500 0.264 0.342 0.000 0.394
477000 0.264 0.342 0.000 0.394
477500 0.264 0.342 0.000 0.394
478000 0.264 0.342 0.000 0.394
478500 0.264 0.342 0.000 0.394
479000 0.264 0.342 0.000 0.394
479500 0.264 0.342 0.000 0.394
480000 0.264 0.342 0.000 0.394
480500 0.264 0.342 0.000 0.394
481000 0.264 0.342 0.000 0.394
481500 0.264 0.342 0.000 0.394
482000 0.264 0.342 0.000 0.394
482500 0.264 0.342 0.000 0.394
483000 0.264 0.342 0.000 0.394
483500 0.264 0.342 0.000 0.394
484000 0.264 0.342 0.000 0.394
484500 0.264 0.342 0.000 0.394
485000 0.264 0.342 0.000 0.394
485500 0.264 0.342 0.000 0.394
486000 0.264 0.342 0.000 0.394
486500 0.264 0.342 0.000 0.394
487000 0.264 0.342 0.000 0.394
487500 0.264 0.342 0.000 0.394
488000 0.264 0.342 0.000 0.394
488500 0.264 0.342 0.000 0.394
489000 0.264 0.342 0.000 0.394
489500 0.264 0.342 0.000 0.394
490000 0.264 0.342 0.000 0.394
490500 0.264 0.342 0.000 0.394
491000 0.264 0.342 0.000 0.394
491500 0.264 0.342 0.000 0.394
492000 0.264 0.342 0.000 0.394
492500 0.264 0.342 0.000 0.394
493000 0.264 0.342 0.000 0.394
493500 0.264 0.342 0.000 0.394
494000 0.264 0.342 0.000 0.394
494500 0.264 0.342 0.000 0.394
495000 0.264 0.342 0.000 0.394
495500 0.264 0.342 0.000 0.394
496000 0.264 0.342 0.000 0.394
496500 0.264 0.342 0.000 0.394
497000 0.264 0.342 0.000 0.394
497500 0.264 0.342 0.000 0.394
498000 0.264 0.342 0.000 0.394
498500 0.264 0.342 0.000 0.394
499000 0.264 0.342 0.000 0.394
499500 0.264 0.342 0.000 0.394
500000 0.264 0.342 0.000 0.394
