000000 0.250 0.250 0.250 0.250
000500 0.265 0.358 0.000 0.377
001000 0.265 0.360 0.000 0.375
001500 0.265 0.359 0.000 0.376
002000 0.265 0.359 0.000 0.376
002500 0.265 0.359 0.000 0.376
003000 0.265 0.360 0.000 0.375
003500 0.265 0.359 0.000 0.376
004000 0.265 0.359 0.000 0.377
004500 0.265 0.358 0.000 0.377
005000 0.265 0.359 0.000 0.377
005500 0.265 0.359 0.000 0.377
006000 0.265 0.359 0.000 0.376
006500 0.265 0.359 0.000 0.376
007000 0.265 0.359 0.000 0.376
007500 0.265 0.360 0.000 0.376
008000 0.265 0.359 0.000 0.376
008500 0.265 0.360 0.000 0.376
009000 0.265 0.359 0.000 0.376
009500 0.265 0.359 0.000 0.377
010000 0.265 0.358 0.000 0.377
010500 0.265 0.358 0.000 0.377
011000 0.265 0.358 0.000 0.377
011500 0.265 0.359 0.000 0.377
012000 0.265 0.358 0.000 0.377
012500 0.265 0.358 0.000 0.377
013000 0.265 0.359 0.000 0.377
013500 0.265 0.359 0.000 0.376
014000 0.265 0.359 0.000 0.377
014500 0.265 0.359 0.000 0.377
015000 0.265 0.359 0.000 0.376
015500 0.265 0.359 0.000 0.376
016000 0.265 0.359 0.000 0.377
016500 0.265 0.359 0.000 0.377
017000 0.265 0.358 0.000 0.377
017500 0.265 0.358 0.000 0.377
018000 0.265 0.358 0.000 0.377
018500 0.265 0.358 0.000 0.377
019000 0.265 0.359 0.000 0.376
019500 0.265 0.359 0.000 0.376
020000 0.265 0.359 0.000 0.376
020500 0.265 0.359 0.000 0.376
021000 0.265 0.359 0.000 0.376
021500 0.265 0.359 0.000 0.376
022000 0.265 0.359 0.000 0.377
022500 0.265 0.358 0.000 0.378
023000 0.265 0.358 0.000 0.377
023500 0.265 0.358 0.000 0.378
024000 0.265 0.358 0.000 0.377
024500 0.265 0.358 0.000 0.377
025000 0.265 0.358 0.000 0.377
025500 0.265 0.358 0.000 0.377
026000 0.265 0.359 0.000 0.377
026500 0.265 0.358 0.000 0.377
027000 0.265 0.358 0.000 0.377
027500 0.265 0.358 0.000 0.377
028000 0.265 0.358 0.000 0.378
028500 0.265 0.358 0.000 0.377
029000 0.265 0.358 0.000 0.377
029500 0.265 0.358 0.000 0.377
030000 0.265 0.358 0.000 0.377
030500 0.265 0.358 0.000 0.378
031000 0.265 0.358 0.000 0.377
031500 0.265 0.358 0.000 0.377
032000 0.265 0.358 0.000 0.377
032500 0.265 0.358 0.000 0.377
033000 0.265 0.358 0.000 0.378
033500 0.265 0.358 0.000 0.378
034000 0.265 0.358 0.000 0.378
034500 0.265 0.358 0.000 0.378
035000 0.265 0.358 0.000 0.378
035500 0.265 0.358 0.000 0.378
036000 0.265 0.357 0.000 0.378
036500 0.265 0.358 0.000 0.378
037000 0.265 0.357 0.000 0.378
037500 0.265 0.357 0.000 0.378
038000 0.265 0.357 0.000 0.378
038500 0.265 0.358 0.000 0.378
039000 0.265 0.357 0.000 0.378
039500 0.265 0.357 0.000 0.378
040000 0.265 0.358 0.000 0.378
040500 0.265 0.358 0.000 0.378
041000 0.265 0.358 0.000 0.378
041500 0.265 0.358 0.000 0.378
042000 0.265 0.358 0.000 0.378
042500 0.265 0.357 0.000 0.378
043000 0.265 0.357 0.000 0.378
043500 0.265 0.357 0.000 0.378
044000 0.265 0.357 0.000 0.378
044500 0.265 0.357 0.000 0.378
045000 0.265 0.358 0.000 0.378
045500 0.265 0.358 0.000 0.378
046000 0.265 0.358 0.000 0.378
046500 0.265 0.357 0.000 0.379
047000 0.265 0.357 0.000 0.379
047500 0.265 0.357 0.000 0.378
048000 0.265 0.357 0.000 0.378
048500 0.265 0.357 0.000 0.378
049000 0.265 0.357 0.000 0.379
049500 0.265 0.357 0.000 0.378
050000 0.265 0.357 0.000 0.378
050500 0.265 0.357 0.000 0.378
051000 0.265 0.357 0.000 0.379
051500 0.265 0.358 0.000 0.377
052000 0.265 0.358 0.000 0.377
052500 0.265 0.358 0.000 0.378
053000 0.265 0.358 0.000 0.377
053500 0.265 0.359 0.000 0.377
054000 0.265 0.359 0.000 0.377
054500 0.265 0.358 0.000 0.377
055000 0.265 0.358 0.000 0.377
055500 0.265 0.358 0.000 0.377
056000 0.265 0.359 0.000 0.377
056500 0.265 0.359 0.000 0.377
057000 0.265 0.359 0.000 0.377
057500 0.265 0.358 0.000 0.377
058000 0.265 0.359 0.000 0.377
058500 0.265 0.359 0.000 0.377
059000 0.265 0.358 0.000 0.377
059500 0.265 0.359 0.000 0.377
060000 0.265 0.359 0.000 0.377
060500 0.265 0.359 0.000 0.376
061000 0.265 0.359 0.000 0.376
061500 0.265 0.359 0.000 0.376
062000 0.265 0.359 0.000 0.376
062500 0.265 0.359 0.000 0.376
063000 0.265 0.359 0.000 0.376
063500 0.265 0.359 0.000 0.376
064000 0.265 0.359 0.000 0.376
064500 0.265 0.360 0.000 0.375
065000 0.265 0.360 0.000 0.376
065500 0.265 0.360 0.000 0.375
066000 0.265 0.360 0.000 0.376
066500 0.265 0.360 0.000 0.376
067000 0.265 0.360 0.000 0.375
067500 0.265 0.360 0.000 0.376
068000 0.265 0.359 0.000 0.376
068500 0.265 0.359 0.000 0.376
069000 0.265 0.359 0.000 0.376
069500 0.265 0.359 0.000 0.376
070000 0.265 0.359 0.000 0.377
070500 0.265 0.359 0.000 0.376
071000 0.265 0.359 0.000 0.376
071500 0.265 0.360 0.000 0.376
072000 0.265 0.360 0.000 0.376
072500 0.265 0.360 0.000 0.376
073000 0.265 0.360 0.000 0.375
073500 0.265 0.360 0.000 0.376
074000 0.265 0.359 0.000 0.376
074500 0.265 0.359 0.000 0.376
075000 0.265 0.360 0.000 0.376
075500 0.265 0.360 0.000 0.376
076000 0.265 0.359 0.000 0.376
076500 0.265 0.359 0.000 0.376
077000 0.265 0.359 0.000 0.376
077500 0.265 0.360 0.000 0.376
078000 0.265 0.360 0.000 0.375
078500 0.265 0.360 0.000 0.375
079000 0.265 0.360 0.000 0.375
079500 0.265 0.360 0.000 0.375
080000 0.265 0.360 0.000 0.375
080500 0.265 0.360 0.000 0.376
081000 0.265 0.360 0.000 0.375
081500 0.265 0.360 0.000 0.375
082000 0.265 0.360 0.000 0.375
082500 0.265 0.360 0.000 0.375
083000 0.265 0.360 0.000 0.375
083500 0.265 0.360 0.000 0.376
084000 0.265 0.360 0.000 0.376
084500 0.265 0.360 0.000 0.375
085000 0.265 0.360 0.000 0.375
085500 0.265 0.360 0.000 0.376
086000 0.265 0.360 0.000 0.375
086500 0.265 0.360 0.000 0.376
087000 0.265 0.360 0.000 0.376
087500 0.265 0.360 0.000 0.376
088000 0.265 0.360 0.000 0.375
088500 0.265 0.360 0.000 0.376
089000 0.265 0.360 0.000 0.375
089500 0.265 0.360 0.000 0.376
090000 0.265 0.360 0.000 0.375
090500 0.265 0.360 0.000 0.375
091000 0.265 0.360 0.000 0.375
091500 0.265 0.360 0.000 0.375
092000 0.265 0.360 0.000 0.375
092500 0.265 0.361 0.000 0.375
093000 0.265 0.360 0.000 0.375
093500 0.265 0.360 0.000 0.375
094000 0.265 0.361 0.000 0.375
094500 0.265 0.359 0.000 0.376
095000 0.265 0.359 0.000 0.376
095500 0.265 0.360 0.000 0.375
096000 0.265 0.360 0.000 0.375
096500 0.265 0.360 0.000 0.375
097000 0.265 0.360 0.000 0.375
097500 0.265 0.360 0.000 0.375
098000 0.265 0.360 0.000 0.375
098500 0.265 0.360 0.000 0.375
099000 0.265 0.360 0.000 0.375
099500 0.265 0.361 0.000 0.375
100000 0.265 0.361 0.000 0.375
100500 0.265 0.360 0.000 0.375
101000 0.265 0.360 0.000 0.375
101500 0.265 0.360 0.000 0.375
102000 0.265 0.360 0.000 0.375
102500 0.265 0.361 0.000 0.375
103000 0.265 0.360 0.000 0.375
103500 0.265 0.361 0.000 0.375
104000 0.265 0.360 0.000 0.375
104500 0.265 0.360 0.000 0.375
105000 0.265 0.360 0.000 0.375
105500 0.265 0.360 0.000 0.375
106000 0.265 0.360 0.000 0.375
106500 0.265 0.360 0.000 0.375
107000 0.265 0.360 0.000 0.375
107500 0.265 0.360 0.000 0.375
108000 0.265 0.360 0.000 0.375
108500 0.265 0.360 0.000 0.375
109000 0.265 0.360 0.000 0.375
109500 0.265 0.360 0.000 0.375
110000 0.265 0.360 0.000 0.375
110500 0.265 0.360 0.000 0.375
111000 0.265 0.360 0.000 0.375
111500 0.265 0.360 0.000 0.375
112000 0.265 0.360 0.000 0.375
112500 0.265 0.360 0.000 0.375
113000 0.265 0.360 0.000 0.375
113500 0.265 0.360 0.000 0.375
114000 0.265 0.360 0.000 0.375
114500 0.265 0.360 0.000 0.375
115000 0.265 0.360 0.000 0.375
115500 0.265 0.361 0.000 0.375
116000 0.265 0.360 0.000 0.375
116500 0.265 0.360 0.000 0.375
117000 0.265 0.360 0.000 0.375
117500 0.265 0.360 0.000 0.375
118000 0.265 0.360 0.000 0.375
118500 0.265 0.360 0.000 0.375
119000 0.265 0.360 0.000 0.375
119500 0.265 0.360 0.000 0.375
120000 0.265 0.360 0.000 0.375
120500 0.265 0.360 0.000 0.375
121000 0.265 0.360 0.000 0.375
121500 0.265 0.360 0.000 0.375
122000 0.265 0.360 0.000 0.375
122500 0.265 0.360 0.000 0.375
123000 0.265 0.360 0.000 0.375
123500 0.265 0.360 0.000 0.375
124000 0.265 0.360 0.000 0.375
124500 0.265 0.360 0.000 0.375
125000 0.265 0.360 0.000 0.375
125500 0.265 0.360 0.000 0.375
126000 0.265 0.360 0.000 0.375
126500 0.265 0.360 0.000 0.375
127000 0.265 0.360 0.000 0.375
127500 0.265 0.360 0.000 0.375
128000 0.265 0.360 0.000 0.375
128500 0.265 0.360 0.000 0.376
129000 0.265 0.360 0.000 0.375
129500 0.265 0.360 0.000 0.375
130000 0.265 0.360 0.000 0.375
130500 0.265 0.360 0.000 0.375
131000 0.265 0.360 0.000 0.375
131500 0.265 0.360 0.000 0.375
132000 0.265 0.360 0.000 0.375
132500 0.265 0.360 0.000 0.375
133000 0.265 0.360 0.000 0.375
133500 0.265 0.360 0.000 0.375
134000 0.265 0.360 0.000 0.375
134500 0.265 0.360 0.000 0.376
135000 0.265 0.360 0.000 0.375
135500 0.265 0.360 0.000 0.375
136000 0.265 0.360 0.000 0.375
136500 0.265 0.360 0.000 0.375
137000 0.265 0.360 0.000 0.375
137500 0.265 0.360 0.000 0.375
138000 0.265 0.360 0.000 0.375
138500 0.265 0.360 0.000 0.375
139000 0.265 0.360 0.000 0.375
139500 0.265 0.360 0.000 0.375
140000 0.265 0.360 0.000 0.375
140500 0.265 0.360 0.000 0.375
141000 0.265 0.360 0.000 0.375
141500 0.265 0.360 0.000 0.375
142000 0.265 0.360 0.000 0.375
142500 0.265 0.360 0.000 0.376
143000 0.265 0.360 0.000 0.375
143500 0.265 0.360 0.000 0.375
144000 0.265 0.360 0.000 0.375
144500 0.265 0.360 0.000 0.375
145000 0.265 0.360 0.000 0.375
145500 0.265 0.360 0.000 0.375
146000 0.265 0.360 0.000 0.375
146500 0.265 0.361 0.000 0.375
147000 0.265 0.360 0.000 0.375
147500 0.265 0.360 0.000 0.375
148000 0.265 0.360 0.000 0.375
148500 0.265 0.361 0.000 0.374
149000 0.265 0.361 0.000 0.374
149500 0.265 0.361 0.000 0.374
150000 0.265 0.361 0.000 0.374
150500 0.265 0.361 0.000 0.374
151000 0.265 0.361 0.000 0.374
151500 0.265 0.361 0.000 0.374
152000 0.265 0.361 0.000 0.374
152500 0.265 0.361 0.000 0.374
153000 0.265 0.361 0.000 0.374
153500 0.265 0.361 0.000 0.374
154000 0.265 0.361 0.000 0.374
154500 0.265 0.361 0.000 0.374
155000 0.265 0.361 0.000 0.374
155500 0.265 0.361 0.000 0.374
156000 0.265 0.361 0.000 0.374
156500 0.265 0.361 0.000 0.374
157000 0.265 0.361 0.000 0.374
157500 0.265 0.361 0.000 0.374
158000 0.265 0.361 0.000 0.374
158500 0.265 0.361 0.000 0.374
159000 0.265 0.361 0.000 0.374
159500 0.265 0.361 0.000 0.374
160000 0.265 0.361 0.000 0.374
160500 0.265 0.361 0.000 0.375
161000 0.265 0.361 0.000 0.374
161500 0.265 0.361 0.000 0.374
162000 0.265 0.361 0.000 0.374
162500 0.265 0.361 0.000 0.374
163000 0.265 0.361 0.000 0.374
163500 0.265 0.361 0.000 0.374
164000 0.265 0.361 0.000 0.374
164500 0.265 0.361 0.000 0.374
165000 0.265 0.361 0.000 0.374
165500 0.265 0.361 0.000 0.374
166000 0.265 0.361 0.000 0.374
166500 0.265 0.361 0.000 0.374
167000 0.265 0.361 0.000 0.374
167500 0.265 0.361 0.000 0.374
168000 0.265 0.361 0.000 0.374
168500 0.265 0.360 0.000 0.375
169000 0.265 0.360 0.000 0.375
169500 0.265 0.360 0.000 0.375
170000 0.265 0.360 0.000 0.375
170500 0.265 0.360 0.000 0.375
171000 0.265 0.361 0.000 0.374
171500 0.265 0.361 0.000 0.374
172000 0.265 0.361 0.000 0.374
172500 0.265 0.361 0.000 0.374
173000 0.265 0.361 0.000 0.374
173500 0.265 0.361 0.000 0.374
174000 0.265 0.361 0.000 0.374
174500 0.265 0.361 0.000 0.374
175000 0.265 0.361 0.000 0.374
175500 0.265 0.361 0.000 0.374
176000 0.265 0.361 0.000 0.374
176500 0.265 0.361 0.000 0.374
177000 0.265 0.361 0.000 0.374
177500 0.265 0.361 0.000 0.374
178000 0.265 0.361 0.000 0.374
178500 0.265 0.361 0.000 0.374
179000 0.265 0.361 0.000 0.374
179500 0.265 0.361 0.000 0.374
180000 0.265 0.360 0.000 0.375
180500 0.265 0.361 0.000 0.374
181000 0.265 0.361 0.000 0.374
181500 0.265 0.361 0.000 0.374
182000 0.265 0.361 0.000 0.374
182500 0.265 0.361 0.000 0.374
183000 0.265 0.361 0.000 0.374
183500 0.265 0.361 0.000 0.374
184000 0.265 0.361 0.000 0.374
184500 0.265 0.361 0.000 0.374
185000 0.265 0.361 0.000 0.374
185500 0.265 0.361 0.000 0.374
186000 0.265 0.361 0.000 0.374
186500 0.265 0.361 0.000 0.374
187000 0.265 0.360 0.000 0.375
187500 0.265 0.360 0.000 0.375
188000 0.265 0.360 0.000 0.375
188500 0.265 0.360 0.000 0.375
189000 0.265 0.361 0.000 0.374
189500 0.265 0.361 0.000 0.374
190000 0.265 0.361 0.000 0.374
190500 0.265 0.361 0.000 0.374
191000 0.265 0.361 0.000 0.374
191500 0.265 0.361 0.000 0.374
192000 0.265 0.361 0.000 0.374
192500 0.265 0.361 0.000 0.374
193000 0.265 0.360 0.000 0.375
193500 0.265 0.360 0.000 0.375
194000 0.265 0.361 0.000 0.374
194500 0.265 0.361 0.000 0.374
195000 0.265 0.361 0.000 0.374
195500 0.265 0.361 0.000 0.374
196000 0.265 0.361 0.000 0.374
196500 0.265 0.361 0.000 0.374
197000 0.265 0.361 0.000 0.374
197500 0.265 0.361 0.000 0.374
198000 0.265 0.360 0.000 0.375
198500 0.265 0.361 0.000 0.374
199000 0.265 0.361 0.000 0.374
199500 0.265 0.360 0.000 0.375
200000 0.265 0.360 0.000 0.375
200500 0.265 0.360 0.000 0.375
201000 0.265 0.360 0.000 0.375
201500 0.265 0.361 0.000 0.374
202000 0.265 0.361 0.000 0.374
202500 0.265 0.361 0.000 0.374
203000 0.265 0.361 0.000 0.374
203500 0.265 0.361 0.000 0.374
204000 0.265 0.361 0.000 0.374
204500 0.265 0.361 0.000 0.374
205000 0.265 0.361 0.000 0.374
205500 0.265 0.361 0.000 0.374
206000 0.265 0.361 0.000 0.374
206500 0.265 0.361 0.000 0.374
207000 0.265 0.361 0.000 0.374
207500 0.265 0.361 0.000 0.374
208000 0.265 0.361 0.000 0.374
208500 0.265 0.361 0.000 0.374
209000 0.265 0.361 0.000 0.374
209500 0.265 0.361 0.000 0.374
210000 0.265 0.361 0.000 0.374
210500 0.265 0.360 0.000 0.375
211000 0.265 0.360 0.000 0.375
211500 0.265 0.360 0.000 0.375
212000 0.265 0.360 0.000 0.375
212500 0.265 0.361 0.000 0.374
213000 0.265 0.361 0.000 0.374
213500 0.265 0.361 0.000 0.374
214000 0.265 0.361 0.000 0.374
214500 0.265 0.361 0.000 0.374
215000 0.265 0.360 0.000 0.375
215500 0.265 0.360 0.000 0.375
216000 0.265 0.361 0.000 0.374
216500 0.265 0.361 0.000 0.374
217000 0.265 0.361 0.000 0.374
217500 0.265 0.361 0.000 0.374
218000 0.265 0.361 0.000 0.374
218500 0.265 0.361 0.000 0.374
219000 0.265 0.361 0.000 0.374
219500 0.265 0.361 0.000 0.374
220000 0.265 0.361 0.000 0.374
220500 0.265 0.361 0.000 0.374
221000 0.265 0.361 0.000 0.374
221500 0.265 0.360 0.000 0.375
222000 0.265 0.360 0.000 0.375
222500 0.265 0.360 0.000 0.375
223000 0.265 0.361 0.000 0.374
223500 0.265 0.361 0.000 0.374
224000 0.265 0.361 0.000 0.374
224500 0.265 0.361 0.000 0.374
225000 0.265 0.361 0.000 0.374
225500 0.265 0.361 0.000 0.374
226000 0.265 0.361 0.000 0.374
226500 0.265 0.361 0.000 0.374
227000 0.265 0.361 0.000 0.374
227500 0.265 0.361 0.000 0.374
228000 0.265 0.361 0.000 0.374
228500 0.265 0.361 0.000 0.374
229000 0.265 0.361 0.000 0.374
229500 0.265 0.361 0.000 0.374
230000 0.265 0.361 0.000 0.374
230500 0.265 0.361 0.000 0.374
231000 0.265 0.361 0.000 0.374
231500 0.265 0.361 0.000 0.374
232000 0.265 0.361 0.000 0.374
232500 0.265 0.360 0.000 0.375
233000 0.265 0.361 0.000 0.374
233500 0.265 0.361 0.000 0.374
234000 0.265 0.361 0.000 0.374
234500 0.265 0.361 0.000 0.374
235000 0.265 0.361 0.000 0.374
235500 0.265 0.361 0.000 0.374
236000 0.265 0.361 0.000 0.374
236500 0.265 0.360 0.000 0.375
237000 0.265 0.360 0.000 0.375
237500 0.265 0.360 0.000 0.375
238000 0.265 0.361 0.000 0.374
238500 0.265 0.361 0.000 0.374
239000 0.265 0.361 0.000 0.374
239500 0.265 0.361 0.000 0.374
240000 0.265 0.361 0.000 0.374
240500 0.265 0.361 0.000 0.374
241000 0.265 0.361 0.000 0.374
241500 0.265 0.361 0.000 0.374
242000 0.265 0.361 0.000 0.374
242500 0.265 0.361 0.000 0.374
243000 0.265 0.361 0.000 0.374
243500 0.265 0.361 0.000 0.374
244000 0.265 0.361 0.000 0.374
244500 0.265 0.361 0.000 0.374
245000 0.265 0.361 0.000 0.374
245500 0.265 0.361 0.000 0.374
246000 0.265 0.361 0.000 0.374
246500 0.265 0.361 0.000 0.374
247000 0.265 0.361 0.000 0.374
247500 0.265 0.361 0.000 0.374
248000 0.265 0.361 0.000 0.374
248500 0.265 0.361 0.000 0.374
249000 0.265 0.361 0.000 0.374
249500 0.265 0.361 0.000 0.374
250000 0.265 0.361 0.000 0.374
250500 0.265 0.361 0.000 0.374
251000 0.265 0.361 0.000 0.374
251500 0.265 0.361 0.000 0.374
252000 0.265 0.361 0.000 0.374
252500 0.265 0.361 0.000 0.374
253000 0.265 0.361 0.000 0.374
253500 0.265 0.361 0.000 0.374
254000 0.265 0.361 0.000 0.374
254500 0.265 0.361 0.000 0.374
255000 0.265 0.361 0.000 0.374
255500 0.265 0.361 0.000 0.374
256000 0.265 0.361 0.000 0.374
256500 0.265 0.361 0.000 0.374
257000 0.265 0.361 0.000 0.374
257500 0.265 0.361 0.000 0.374
258000 0.265 0.361 0.000 0.374
258500 0.265 0.361 0.000 0.374
259000 0.265 0.361 0.000 0.374
259500 0.265 0.360 0.000 0.375
260000 0.265 0.360 0.000 0.375
260500 0.265 0.360 0.000 0.375
261000 0.265 0.360 0.000 0.375
261500 0.265 0.361 0.000 0.374
262000 0.265 0.361 0.000 0.374
262500 0.265 0.361 0.000 0.374
263000 0.265 0.361 0.000 0.374
263500 0.265 0.361 0.000 0.374
264000 0.265 0.361 0.000 0.374
264500 0.265 0.361 0.000 0.374
265000 0.265 0.361 0.000 0.374
265500 0.265 0.360 0.000 0.375
266000 0.265 0.361 0.000 0.374
266500 0.265 0.361 0.000 0.374
267000 0.265 0.361 0.000 0.374
267500 0.265 0.361 0.000 0.374
268000 0.265 0.361 0.000 0.374
268500 0.265 0.361 0.000 0.374
269000 0.265 0.361 0.000 0.374
269500 0.265 0.361 0.000 0.374
270000 0.265 0.361 0.000 0.374
270500 0.265 0.361 0.000 0.374
271000 0.265 0.361 0.000 0.374
271500 0.265 0.361 0.000 0.374
272000 0.265 0.361 0.000 0.374
272500 0.265 0.361 0.000 0.374
273000 0.265 0.361 0.000 0.374
273500 0.265 0.361 0.000 0.374
274000 0.265 0.361 0.000 0.374
274500 0.265 0.361 0.000 0.374
275000 0.265 0.361 0.000 0.374
275500 0.265 0.361 0.000 0.374
276000 0.265 0.361 0.000 0.374
276500 0.265 0.362 0.000 0.373
277000 0.265 0.362 0.000 0.373
277500 0.265 0.362 0.000 0.373
278000 0.265 0.362 0.000 0.373
278500 0.265 0.362 0.000 0.373
279000 0.265 0.362 0.000 0.373
279500 0.265 0.362 0.000 0.373
280000 0.265 0.362 0.000 0.373
280500 0.265 0.362 0.000 0.373
281000 0.265 0.362 0.000 0.373
281500 0.265 0.362 0.000 0.373
282000 0.265 0.362 0.000 0.373
282500 0.265 0.362 0.000 0.373
283000 0.265 0.362 0.000 0.373
283500 0.265 0.362 0.000 0.373
284000 0.265 0.362 0.000 0.373
284500 0.265 0.362 0.000 0.373
285000 0.265 0.362 0.000 0.373
285500 0.265 0.362 0.000 0.373
286000 0.265 0.362 0.000 0.373
286500 0.265 0.362 0.000 0.373
287000 0.265 0.362 0.000 0.373
287500 0.265 0.362 0.000 0.373
288000 0.265 0.362 0.000 0.373
288500 0.265 0.362 0.000 0.373
289000 0.265 0.362 0.000 0.373
289500 0.265 0.362 0.000 0.373
290000 0.265 0.362 0.000 0.373
290500 0.265 0.362 0.000 0.373
291000 0.265 0.362 0.000 0.373
291500 0.265 0.362 0.000 0.373
292000 0.265 0.362 0.000 0.373
292500 0.265 0.362 0.000 0.373
293000 0.265 0.362 0.000 0.373
293500 0.265 0.362 0.000 0.373
294000 0.265 0.362 0.000 0.373
294500 0.265 0.362 0.000 0.373
295000 0.265 0.362 0.000 0.373
295500 0.265 0.362 0.000 0.373
296000 0.265 0.362 0.000 0.373
296500 0.265 0.362 0.000 0.373
297000 0.265 0.362 0.000 0.373
297500 0.265 0.362 0.000 0.373
298000 0.265 0.362 0.000 0.373
298500 0.265 0.362 0.000 0.373
299000 0.265 0.362 0.000 0.373
299500 0.265 0.362 0.000 0.373
300000 0.265 0.362 0.000 0.373
300500 0.265 0.362 0.000 0.373
301000 0.265 0.362 0.000 0.373
301500 0.265 0.362 0.000 0.373
302000 0.265 0.362 0.000 0.373
302500 0.265 0.362 0.000 0.373
303000 0.265 0.362 0.000 0.373
303500 0.265 0.362 0.000 0.373
304000 0.265 0.362 0.000 0.373
304500 0.265 0.362 0.000 0.373
305000 0.265 0.362 0.000 0.373
305500 0.265 0.362 0.000 0.373
306000 0.265 0.362 0.000 0.373
306500 0.265 0.362 0.000 0.373
307000 0.265 0.362 0.000 0.373
307500 0.265 0.362 0.000 0.373
308000 0.265 0.362 0.000 0.373
308500 0.265 0.362 0.000 0.373
309000 0.265 0.362 0.000 0.373
309500 0.265 0.362 0.000 0.373
310000 0.265 0.362 0.000 0.373
310500 0.265 0.362 0.000 0.373
311000 0.265 0.362 0.000 0.373
311500 0.265 0.362 0.000 0.373
312000 0.265 0.362 0.000 0.373
312500 0.265 0.362 0.000 0.373
313000 0.265 0.362 0.000 0.373
313500 0.265 0.362 0.000 0.373
314000 0.265 0.362 0.000 0.373
314500 0.265 0.362 0.000 0.373
315000 0.265 0.362 0.000 0.373
315500 0.265 0.362 0.000 0.373
316000 0.265 0.362 0.000 0.373
316500 0.265 0.362 0.000 0.373
317000 0.265 0.362 0.000 0.373
317500 0.265 0.362 0.000 0.373
318000 0.265 0.362 0.000 0.373
318500 0.265 0.362 0.000 0.373
319000 0.265 0.362 0.000 0.373
319500 0.265 0.362 0.000 0.373
320000 0.265 0.362 0.000 0.373
320500 0.265 0.362 0.000 0.373
321000 0.265 0.362 0.000 0.373
321500 0.265 0.362 0.000 0.373
322000 0.265 0.362 0.000 0.373
322500 0.265 0.362 0.000 0.373
323000 0.265 0.362 0.000 0.373
323500 0.265 0.362 0.000 0.373
324000 0.265 0.362 0.000 0.373
324500 0.265 0.362 0.000 0.373
325000 0.265 0.362 0.000 0.373
325500 0.265 0.362 0.000 0.373
326000 0.265 0.362 0.000 0.373
326500 0.265 0.362 0.000 0.373
327000 0.265 0.362 0.000 0.373
327500 0.265 0.362 0.000 0.373
328000 0.265 0.362 0.000 0.373
328500 0.265 0.362 0.000 0.373
329000 0.265 0.362 0.000 0.373
329500 0.265 0.362 0.000 0.373
330000 0.265 0.362 0.000 0.373
330500 0.265 0.362 0.000 0.373
331000 0.265 0.362 0.000 0.373
331500 0.265 0.362 0.000 0.373
332000 0.265 0.362 0.000 0.373
332500 0.265 0.362 0.000 0.373
333000 0.265 0.362 0.000 0.373
333500 0.265 0.362 0.000 0.373
334000 0.265 0.362 0.000 0.373
334500 0.265 0.362 0.000 0.373
335000 0.265 0.362 0.000 0.373
335500 0.265 0.362 0.000 0.373
336000 0.265 0.362 0.000 0.373
336500 0.265 0.362 0.000 0.373
337000 0.265 0.362 0.000 0.373
337500 0.265 0.362 0.000 0.373
338000 0.265 0.362 0.000 0.373
338500 0.265 0.362 0.000 0.373
339000 0.265 0.362 0.000 0.373
339500 0.265 0.362 0.000 0.373
340000 0.265 0.362 0.000 0.373
340500 0.265 0.362 0.000 0.373
341000 0.265 0.362 0.000 0.373
341500 0.265 0.362 0.000 0.373
342000 0.265 0.362 0.000 0.373
342500 0.265 0.362 0.000 0.373
343000 0.265 0.362 0.000 0.373
343500 0.265 0.362 0.000 0.373
344000 0.265 0.362 0.000 0.373
344500 0.265 0.362 0.000 0.373
345000 0.265 0.362 0.000 0.373
345500 0.265 0.362 0.000 0.373
346000 0.265 0.362 0.000 0.373
346500 0.265 0.362 0.000 0.373
347000 0.265 0.362 0.000 0.373
347500 0.265 0.362 0.000 0.373
348000 0.265 0.362 0.000 0.373
348500 0.265 0.362 0.000 0.373
349000 0.265 0.362 0.000 0.373
349500 0.265 0.362 0.000 0.373
350000 0.265 0.362 0.000 0.373
350500 0.265 0.362 0.000 0.373
351000 0.265 0.362 0.000 0.373
351500 0.265 0.362 0.000 0.373
352000 0.265 0.362 0.000 0.373
352500 0.265 0.362 0.000 0.373
353000 0.265 0.362 0.000 0.373
353500 0.265 0.362 0.000 0.373
354000 0.265 0.362 0.000 0.373
354500 0.265 0.362 0.000 0.373
355000 0.265 0.362 0.000 0.373
355500 0.265 0.362 0.000 0.373
356000 0.265 0.362 0.000 0.373
356500 0.265 0.362 0.000 0.373
357000 0.265 0.362 0.000 0.373
357500 0.265 0.362 0.000 0.373
358000 0.265 0.362 0.000 0.373
358500 0.265 0.362 0.000 0.373
359000 0.265 0.362 0.000 0.373
359500 0.265 0.362 0.000 0.373
360000 0.265 0.362 0.000 0.373
360500 0.265 0.362 0.000 0.373
361000 0.265 0.362 0.000 0.373
361500 0.265 0.362 0.000 0.373
362000 0.265 0.362 0.000 0.373
362500 0.265 0.362 0.000 0.373
363000 0.265 0.362 0.000 0.373
363500 0.265 0.362 0.000 0.373
364000 0.265 0.362 0.000 0.373
364500 0.265 0.362 0.000 0.373
365000 0.265 0.362 0.000 0.373
365500 0.265 0.362 0.000 0.373
366000 0.265 0.362 0.000 0.373
366500 0.265 0.362 0.000 0.373
367000 0.265 0.362 0.000 0.373
367500 0.265 0.362 0.000 0.373
368000 0.265 0.362 0.000 0.373
368500 0.265 0.362 0.000 0.373
369000 0.265 0.362 0.000 0.373
369500 0.265 0.362 0.000 0.373
370000 0.265 0.362 0.000 0.373
370500 0.265 0.362 0.000 0.373
371000 0.265 0.362 0.000 0.373
371500 0.265 0.362 0.000 0.373
372000 0.265 0.362 0.000 0.373
372500 0.265 0.362 0.000 0.373
373000 0.265 0.362 0.000 0.373
373500 0.265 0.362 0.000 0.373
374000 0.265 0.362 0.000 0.373
374500 0.265 0.362 0.000 0.373
375000 0.265 0.362 0.000 0.373
375500 0.265 0.362 0.000 0.373
376000 0.265 0.362 0.000 0.373
376500 0.265 0.362 0.000 0.373
377000 0.265 0.362 0.000 0.373
377500 0.265 0.362 0.000 0.373
378000 0.265 0.362 0.000 0.373
378500 0.265 0.362 0.000 0.373
379000 0.265 0.362 0.000 0.373
379500 0.265 0.362 0.000 0.373
380000 0.265 0.362 0.000 0.373
380500 0.265 0.362 0.000 0.373
381000 0.265 0.362 0.000 0.373
381500 0.265 0.362 0.000 0.373
382000 0.265 0.362 0.000 0.373
382500 0.265 0.362 0.000 0.373
383000 0.265 0.362 0.000 0.373
383500 0.265 0.362 0.000 0.373
384000 0.265 0.362 0.000 0.373
384500 0.265 0.362 0.000 0.373
385000 0.265 0.362 0.000 0.373
385500 0.265 0.362 0.000 0.373
386000 0.265 0.362 0.000 0.373
386500 0.265 0.362 0.000 0.373
387000 0.265 0.362 0.000 0.373
387500 0.265 0.362 0.000 0.373
388000 0.265 0.362 0.000 0.373
388500 0.265 0.362 0.000 0.373
389000 0.265 0.362 0.000 0.373
389500 0.265 0.362 0.000 0.373
390000 0.265 0.362 0.000 0.373
390500 0.265 0.362 0.000 0.373
391000 0.265 0.362 0.000 0.373
391500 0.265 0.362 0.000 0.373
392000 0.265 0.362 0.000 0.373
392500 0.265 0.362 0.000 0.373
393000 0.265 0.362 0.000 0.373
393500 0.265 0.362 0.000 0.373
394000 0.265 0.362 0.000 0.373
394500 0.265 0.362 0.000 0.373
395000 0.265 0.362 0.000 0.373
395500 0.265 0.362 0.000 0.373
396000 0.265 0.362 0.000 0.373
396500 0.265 0.362 0.000 0.373
397000 0.265 0.362 0.000 0.373
397500 0.265 0.362 0.000 0.373
398000 0.265 0.362 0.000 0.373
398500 0.265 0.362 0.000 0.373
399000 0.265 0.362 0.000 0.373
399500 0.265 0.362 0.000 0.373
400000 0.265 0.362 0.000 0.373
400500 0.265 0.362 0.000 0.373
401000 0.265 0.362 0.000 0.373
401500 0.265 0.362 0.000 0.373
402000 0.265 0.362 0.000 0.373
402500 0.265 0.362 0.000 0.373
403000 0.265 0.362 0.000 0.373
403500 0.265 0.362 0.000 0.373
404000 0.265 0.362 0.000 0.373
404500 0.265 0.362 0.000 0.373
405000 0.265 0.362 0.000 0.373
405500 0.265 0.362 0.000 0.373
406000 0.265 0.362 0.000 0.373
406500 0.265 0.362 0.000 0.373
407000 0.265 0.362 0.000 0.373
407500 0.265 0.362 0.000 0.373
408000 0.265 0.362 0.000 0.373
408500 0.265 0.362 0.000 0.373
409000 0.265 0.362 0.000 0.373
409500 0.265 0.362 0.000 0.373
410000 0.265 0.362 0.000 0.373
410500 0.265 0.362 0.000 0.373
411000 0.265 0.362 0.000 0.373
411500 0.265 0.362 0.000 0.373
412000 0.265 0.362 0.000 0.373
412500 0.265 0.362 0.000 0.373
413000 0.265 0.362 0.000 0.373
413500 0.265 0.362 0.000 0.373
414000 0.265 0.362 0.000 0.373
414500 0.265 0.362 0.000 0.373
415000 0.265 0.362 0.000 0.373
415500 0.265 0.362 0.000 0.373
416000 0.265 0.362 0.000 0.373
416500 0.265 0.362 0.000 0.373
417000 0.265 0.362 0.000 0.373
417500 0.265 0.362 0.000 0.373
418000 0.265 0.362 0.000 0.373
418500 0.265 0.362 0.000 0.373
419000 0.265 0.362 0.000 0.373
419500 0.265 0.362 0.000 0.373
420000 0.265 0.362 0.000 0.373
420500 0.265 0.362 0.000 0.373
421000 0.265 0.362 0.000 0.373
421500 0.265 0.362 0.000 0.373
422000 0.265 0.362 0.000 0.373
422500 0.265 0.362 0.000 0.373
423000 0.265 0.362 0.000 0.373
423500 0.265 0.362 0.000 0.373
424000 0.265 0.362 0.000 0.373
424500 0.265 0.362 0.000 0.373
425000 0.265 0.362 0.000 0.373
425500 0.265 0.362 0.000 0.373
426000 0.265 0.362 0.000 0.373
426500 0.265 0.362 0.000 0.373
427000 0.265 0.362 0.000 0.373
427500 0.265 0.362 0.000 0.373
428000 0.265 0.362 0.000 0.373
428500 0.265 0.362 0.000 0.373
429000 0.265 0.362 0.000 0.373
429500 0.265 0.362 0.000 0.373
430000 0.265 0.362 0.000 0.373
430500 0.265 0.362 0.000 0.373
431000 0.265 0.362 0.000 0.373
431500 0.265 0.362 0.000 0.373
432000 0.265 0.362 0.000 0.373
432500 0.265 0.362 0.000 0.373
433000 0.265 0.362 0.000 0.373
433500 0.265 0.362 0.000 0.373
434000 0.265 0.362 0.000 0.373
434500 0.265 0.362 0.000 0.373
435000 0.265 0.362 0.000 0.373
435500 0.265 0.362 0.000 0.373
436000 0.265 0.362 0.000 0.373
436500 0.265 0.362 0.000 0.373
437000 0.265 0.362 0.000 0.373
437500 0.265 0.362 0.000 0.373
438000 0.265 0.362 0.000 0.373
438500 0.265 0.362 0.000 0.373
439000 0.265 0.362 0.000 0.373
439500 0.265 0.362 0.000 0.373
440000 0.265 0.362 0.000 0.373
440500 0.265 0.362 0.000 0.373
441000 0.265 0.362 0.000 0.373
441500 0.265 0.362 0.000 0.373
442000 0.265 0.362 0.000 0.373
442500 0.265 0.362 0.000 0.373
443000 0.265 0.362 0.000 0.373
443500 0.265 0.362 0.000 0.373
444000 0.265 0.362 0.000 0.373
444500 0.265 0.362 0.000 0.373
445000 0.265 0.362 0.000 0.373
445500 0.265 0.362 0.000 0.373
446000 0.265 0.362 0.000 0.373
446500 0.265 0.362 0.000 0.373
447000 0.265 0.362 0.000 0.373
447500 0.265 0.362 0.000 0.373
448000 0.265 0.362 0.000 0.373
448500 0.265 0.362 0.000 0.373
449000 0.265 0.362 0.000 0.373
449500 0.265 0.362 0.000 0.373
450000 0.265 0.362 0.000 0.373
450500 0.265 0.362 0.000 0.373
451000 0.265 0.362 0.000 0.373
451500 0.265 0.362 0.000 0.373
452000 0.265 0.362 0.000 0.373
452500 0.265 0.362 0.000 0.373
453000 0.265 0.362 0.000 0.373
453500 0.265 0.362 0.000 0.373
454000 0.265 0.362 0.000 0.373
454500 0.265 0.362 0.000 0.373
455000 0.265 0.362 0.000 0.373
455500 0.265 0.362 0.000 0.373
456000 0.265 0.362 0.000 0.373
456500 0.265 0.362 0.000 0.373
457000 0.265 0.362 0.000 0.373
457500 0.265 0.362 0.000 0.373
458000 0.265 0.362 0.000 0.373
458500 0.265 0.362 0.000 0.373
459000 0.265 0.362 0.000 0.373
459500 0.265 0.362 0.000 0.373
460000 0.265 0.362 0.000 0.373
460500 0.265 0.362 0.000 0.373
461000 0.265 0.362 0.000 0.373
461500 0.265 0.362 0.000 0.373
462000 0.265 0.362 0.000 0.373
462500 0.265 0.362 0.000 0.373
463000 0.265 0.362 0.000 0.373
463500 0.265 0.362 0.000 0.373
464000 0.265 0.362 0.000 0.373
464500 0.265 0.362 0.000 0.373
465000 0.265 0.362 0.000 0.373
465500 0.265 0.362 0.000 0.373
466000 0.265 0.362 0.000 0.373
466500 0.265 0.362 0.000 0.373
467000 0.265 0.362 0.000 0.373
467500 0.265 0.362 0.000 0.373
468000 0.265 0.362 0.000 0.373
468500 0.265 0.362 0.000 0.373
469000 0.265 0.362 0.000 0.373
469500 0.265 0.362 0.000 0.373
470000 0.265 0.362 0.000 0.373
470500 0.265 0.362 0.000 0.373
471000 0.265 0.362 0.000 0.373
471500 0.265 0.362 0.000 0.373
472000 0.265 0.362 0.000 0.373
472500 0.265 0.362 0.000 0.373
473000 0.265 0.362 0.000 0.373
473500 0.265 0.362 0.000 0.373
474000 0.265 0.362 0.000 0.373
474500 0.265 0.362 0.000 0.373
475000 0.265 0.362 0.000 0.373
475500 0.265 0.362 0.000 0.373
476000 0.265 0.362 0.000 0.373
476500 0.265 0.362 0.000 0.373
477000 0.265 0.362 0.000 0.373
477500 0.265 0.362 0.000 0.373
478000 0.265 0.362 0.000 0.373
478500 0.265 0.362 0.000 0.373
479000 0.265 0.362 0.000 0.373
479500 0.265 0.362 0.000 0.373
480000 0.265 0.362 0.000 0.373
480500 0.265 0.362 0.000 0.373
481000 0.265 0.362 0.000 0.373
481500 0.265 0.362 0.000 0.373
482000 0.265 0.362 0.000 0.373
482500 0.265 0.362 0.000 0.373
483000 0.265 0.362 0.000 0.373
483500 0.265 0.362 0.000 0.373
484000 0.265 0.362 0.000 0.373
484500 0.265 0.362 0.000 0.373
485000 0.265 0.362 0.000 0.373
485500 0.265 0.362 0.000 0.373
486000 0.265 0.362 0.000 0.373
486500 0.265 0.362 0.000 0.373
487000 0.265 0.362 0.000 0.373
487500 0.265 0.362 0.000 0.373
488000 0.265 0.362 0.000 0.373
488500 0.265 0.362 0.000 0.373
489000 0.265 0.362 0.000 0.373
489500 0.265 0.362 0.000 0.373
490000 0.265 0.362 0.000 0.373
490500 0.265 0.362 0.000 0.373
491000 0.265 0.362 0.000 0.373
491500 0.265 0.362 0.000 0.373
492000 0.265 0.362 0.000 0.373
492500 0.265 0.362 0.000 0.373
493000 0.265 0.362 0.000 0.373
493500 0.265 0.362 0.000 0.373
494000 0.265 0.362 0.000 0.373
494500 0.265 0.362 0.000 0.373
495000 0.265 0.362 0.000 0.373
495500 0.265 0.362 0.000 0.373
496000 0.265 0.362 0.000 0.373
496500 0.265 0.362 0.000 0.373
497000 0.265 0.362 0.000 0.373
497500 0.265 0.362 0.000 0.373
498000 0.265 0.362 0.000 0.373
498500 0.265 0.362 0.000 0.373
499000 0.265 0.362 0.000 0.373
499500 0.265 0.362 0.000 0.373
500000 0.265 0.362 0.000 0.373
