000000 0.250 0.250 0.250 0.250
000500 0.133 0.510 0.000 0.357
001000 0.117 0.532 0.000 0.350
001500 0.115 0.543 0.000 0.342
002000 0.108 0.556 0.000 0.336
002500 0.109 0.564 0.000 0.327
003000 0.112 0.567 0.000 0.321
003500 0.108 0.574 0.000 0.317
004000 0.104 0.582 0.000 0.314
004500 0.101 0.588 0.000 0.311
005000 0.105 0.589 0.000 0.306
005500 0.102 0.596 0.000 0.303
006000 0.098 0.602 0.000 0.300
006500 0.099 0.602 0.000 0.299
007000 0.099 0.604 0.000 0.297
007500 0.097 0.613 0.000 0.290
008000 0.096 0.619 0.000 0.285
008500 0.096 0.624 0.000 0.280
009000 0.095 0.626 0.000 0.279
009500 0.092 0.630 0.000 0.277
010000 0.093 0.633 0.000 0.274
010500 0.091 0.636 0.000 0.273
011000 0.091 0.638 0.000 0.271
011500 0.091 0.638 0.000 0.270
012000 0.090 0.640 0.000 0.269
012500 0.092 0.641 0.000 0.266
013000 0.094 0.640 0.000 0.266
013500 0.091 0.643 0.000 0.266
014000 0.091 0.644 0.000 0.265
014500 0.090 0.645 0.000 0.265
015000 0.089 0.648 0.000 0.263
015500 0.089 0.649 0.000 0.262
016000 0.087 0.651 0.000 0.262
016500 0.089 0.650 0.000 0.261
017000 0.089 0.650 0.000 0.261
017500 0.087 0.653 0.000 0.260
018000 0.088 0.653 0.000 0.259
018500 0.087 0.655 0.000 0.259
019000 0.089 0.653 0.000 0.258
019500 0.090 0.653 0.000 0.257
020000 0.089 0.655 0.000 0.257
020500 0.088 0.657 0.000 0.255
021000 0.087 0.660 0.000 0.253
021500 0.082 0.664 0.000 0.253
022000 0.081 0.666 0.000 0.253
022500 0.082 0.667 0.000 0.251
023000 0.081 0.667 0.000 0.252
023500 0.085 0.664 0.000 0.251
024000 0.085 0.664 0.000 0.251
024500 0.084 0.666 0.000 0.250
025000 0.085 0.665 0.000 0.250
025500 0.085 0.666 0.000 0.249
026000 0.083 0.668 0.000 0.249
026500 0.085 0.666 0.000 0.248
027000 0.088 0.665 0.000 0.248
027500 0.088 0.665 0.000 0.247
028000 0.083 0.670 0.000 0.247
028500 0.083 0.670 0.000 0.247
029000 0.084 0.669 0.000 0.247
029500 0.081 0.672 0.000 0.247
030000 0.083 0.670 0.000 0.247
030500 0.083 0.671 0.000 0.245
031000 0.085 0.670 0.000 0.246
031500 0.082 0.673 0.000 0.245
032000 0.084 0.671 0.000 0.245
032500 0.083 0.672 0.000 0.245
033000 0.082 0.673 0.000 0.245
033500 0.083 0.673 0.000 0.244
034000 0.082 0.673 0.000 0.245
034500 0.086 0.669 0.000 0.245
035000 0.084 0.671 0.000 0.245
035500 0.084 0.671 0.000 0.244
036000 0.082 0.674 0.000 0.244
036500 0.083 0.673 0.000 0.244
037000 0.081 0.675 0.000 0.243
037500 0.083 0.673 0.000 0.244
038000 0.082 0.675 0.000 0.243
038500 0.078 0.679 0.000 0.243
039000 0.082 0.676 0.000 0.242
039500 0.079 0.679 0.000 0.242
040000 0.080 0.678 0.000 0.242
040500 0.081 0.677 0.000 0.242
041000 0.081 0.678 0.000 0.241
041500 0.081 0.678 0.000 0.241
042000 0.081 0.679 0.000 0.241
042500 0.080 0.680 0.000 0.241
043000 0.083 0.676 0.000 0.241
043500 0.087 0.673 0.000 0.241
044000 0.083 0.676 0.000 0.241
044500 0.081 0.678 0.000 0.241
045000 0.081 0.678 0.000 0.241
045500 0.084 0.675 0.000 0.241
046000 0.082 0.677 0.000 0.241
046500 0.086 0.674 0.000 0.240
047000 0.081 0.679 0.000 0.239
047500 0.083 0.677 0.000 0.239
048000 0.082 0.679 0.000 0.239
048500 0.083 0.679 0.000 0.238
049000 0.084 0.678 0.000 0.238
049500 0.081 0.681 0.000 0.238
050000 0.080 0.682 0.000 0.238
050500 0.080 0.682 0.000 0.238
051000 0.082 0.679 0.000 0.239
051500 0.083 0.679 0.000 0.238
052000 0.080 0.683 0.000 0.237
052500 0.081 0.681 0.000 0.238
053000 0.082 0.680 0.000 0.238
053500 0.082 0.681 0.000 0.238
054000 0.080 0.682 0.000 0.237
054500 0.076 0.686 0.000 0.238
055000 0.080 0.682 0.000 0.238
055500 0.080 0.682 0.000 0.238
056000 0.079 0.684 0.000 0.237
056500 0.081 0.682 0.000 0.237
057000 0.081 0.682 0.000 0.237
057500 0.082 0.681 0.000 0.237
058000 0.079 0.684 0.000 0.237
058500 0.079 0.685 0.000 0.236
059000 0.077 0.687 0.000 0.237
059500 0.080 0.684 0.000 0.236
060000 0.081 0.683 0.000 0.236
060500 0.081 0.684 0.000 0.235
061000 0.081 0.684 0.000 0.234
061500 0.081 0.685 0.000 0.234
062000 0.083 0.683 0.000 0.235
062500 0.081 0.685 0.000 0.235
063000 0.080 0.685 0.000 0.235
063500 0.081 0.684 0.000 0.235
064000 0.081 0.685 0.000 0.235
064500 0.082 0.685 0.000 0.233
065000 0.081 0.687 0.000 0.232
065500 0.080 0.689 0.000 0.231
066000 0.082 0.687 0.000 0.231
066500 0.080 0.689 0.000 0.231
067000 0.079 0.689 0.000 0.232
067500 0.080 0.689 0.000 0.231
068000 0.080 0.689 0.000 0.231
068500 0.080 0.689 0.000 0.231
069000 0.080 0.689 0.000 0.231
069500 0.080 0.689 0.000 0.231
070000 0.080 0.689 0.000 0.231
070500 0.080 0.689 0.000 0.231
071000 0.080 0.689 0.000 0.231
071500 0.080 0.689 0.000 0.231
072000 0.080 0.689 0.000 0.231
072500 0.080 0.689 0.000 0.231
073000 0.080 0.689 0.000 0.231
073500 0.080 0.689 0.000 0.231
074000 0.080 0.689 0.000 0.231
074500 0.080 0.689 0.000 0.231
075000 0.080 0.689 0.000 0.231
075500 0.080 0.689 0.000 0.231
076000 0.080 0.689 0.000 0.231
076500 0.080 0.689 0.000 0.231
077000 0.080 0.689 0.000 0.231
077500 0.080 0.689 0.000 0.231
078000 0.080 0.689 0.000 0.231
078500 0.080 0.689 0.000 0.231
079000 0.080 0.689 0.000 0.231
079500 0.080 0.689 0.000 0.231
080000 0.080 0.689 0.000 0.231
080500 0.080 0.689 0.000 0.231
081000 0.080 0.689 0.000 0.231
081500 0.080 0.689 0.000 0.231
082000 0.080 0.689 0.000 0.231
082500 0.080 0.689 0.000 0.231
083000 0.080 0.689 0.000 0.231
083500 0.080 0.689 0.000 0.231
084000 0.080 0.689 0.000 0.231
084500 0.080 0.689 0.000 0.231
085000 0.080 0.689 0.000 0.231
085500 0.080 0.689 0.000 0.231
086000 0.080 0.689 0.000 0.231
086500 0.080 0.689 0.000 0.231
087000 0.080 0.689 0.000 0.231
087500 0.080 0.689 0.000 0.231
088000 0.080 0.689 0.000 0.231
088500 0.080 0.689 0.000 0.231
089000 0.080 0.689 0.000 0.231
089500 0.080 0.689 0.000 0.231
090000 0.080 0.689 0.000 0.231
090500 0.080 0.689 0.000 0.231
091000 0.080 0.689 0.000 0.231
091500 0.080 0.689 0.000 0.231
092000 0.080 0.689 0.000 0.231
092500 0.080 0.689 0.000 0.231
093000 0.080 0.689 0.000 0.231
093500 0.080 0.689 0.000 0.231
094000 0.080 0.689 0.000 0.231
094500 0.080 0.689 0.000 0.231
095000 0.080 0.689 0.000 0.231
095500 0.080 0.689 0.000 0.231
096000 0.080 0.689 0.000 0.231
096500 0.080 0.689 0.000 0.231
097000 0.080 0.689 0.000 0.231
097500 0.080 0.689 0.000 0.231
098000 0.080 0.689 0.000 0.231
098500 0.080 0.689 0.000 0.231
099000 0.080 0.689 0.000 0.231
099500 0.080 0.689 0.000 0.231
100000 0.080 0.689 0.000 0.231
100500 0.080 0.689 0.000 0.231
101000 0.080 0.689 0.000 0.231
101500 0.080 0.689 0.000 0.231
102000 0.080 0.689 0.000 0.231
102500 0.080 0.689 0.000 0.231
103000 0.080 0.689 0.000 0.231
103500 0.080 0.689 0.000 0.231
104000 0.080 0.689 0.000 0.231
104500 0.080 0.689 0.000 0.231
105000 0.080 0.689 0.000 0.231
105500 0.080 0.689 0.000 0.231
106000 0.080 0.689 0.000 0.231
106500 0.080 0.689 0.000 0.231
107000 0.080 0.689 0.000 0.231
107500 0.080 0.689 0.000 0.231
108000 0.080 0.689 0.000 0.231
108500 0.080 0.689 0.000 0.231
109000 0.080 0.689 0.000 0.231
109500 0.080 0.689 0.000 0.231
110000 0.080 0.689 0.000 0.231
110500 0.080 0.689 0.000 0.231
111000 0.080 0.689 0.000 0.231
111500 0.080 0.689 0.000 0.231
112000 0.080 0.689 0.000 0.231
112500 0.080 0.689 0.000 0.231
113000 0.080 0.689 0.000 0.231
113500 0.080 0.689 0.000 0.231
114000 0.080 0.689 0.000 0.231
114500 0.080 0.689 0.000 0.231
115000 0.080 0.689 0.000 0.231
115500 0.080 0.689 0.000 0.231
116000 0.080 0.689 0.000 0.231
116500 0.080 0.689 0.000 0.231
117000 0.080 0.689 0.000 0.231
117500 0.080 0.689 0.000 0.231
118000 0.080 0.689 0.000 0.231
118500 0.080 0.689 0.000 0.231
119000 0.080 0.689 0.000 0.231
119500 0.080 0.689 0.000 0.231
120000 0.080 0.689 0.000 0.231
120500 0.080 0.689 0.000 0.231
121000 0.080 0.689 0.000 0.231
121500 0.080 0.689 0.000 0.231
122000 0.080 0.689 0.000 0.231
122500 0.080 0.689 0.000 0.231
123000 0.080 0.689 0.000 0.231
123500 0.080 0.689 0.000 0.231
124000 0.080 0.689 0.000 0.231
124500 0.080 0.689 0.000 0.231
125000 0.080 0.689 0.000 0.231
125500 0.080 0.689 0.000 0.231
126000 0.080 0.689 0.000 0.231
126500 0.080 0.689 0.000 0.231
127000 0.080 0.689 0.000 0.231
127500 0.080 0.689 0.000 0.231
128000 0.080 0.689 0.000 0.231
128500 0.080 0.689 0.000 0.231
129000 0.080 0.689 0.000 0.231
129500 0.080 0.689 0.000 0.231
130000 0.080 0.689 0.000 0.231
130500 0.080 0.689 0.000 0.231
131000 0.080 0.689 0.000 0.231
131500 0.080 0.689 0.000 0.231
132000 0.080 0.689 0.000 0.231
132500 0.080 0.689 0.000 0.231
133000 0.080 0.689 0.000 0.231
133500 0.080 0.689 0.000 0.231
134000 0.080 0.689 0.000 0.231
134500 0.080 0.689 0.000 0.231
135000 0.080 0.689 0.000 0.231
135500 0.080 0.689 0.000 0.231
136000 0.080 0.689 0.000 0.231
136500 0.080 0.689 0.000 0.231
137000 0.080 0.689 0.000 0.231
137500 0.080 0.689 0.000 0.231
138000 0.080 0.689 0.000 0.231
138500 0.080 0.689 0.000 0.231
139000 0.080 0.689 0.000 0.231
139500 0.080 0.689 0.000 0.231
140000 0.080 0.689 0.000 0.231
140500 0.080 0.689 0.000 0.231
141000 0.080 0.689 0.000 0.231
141500 0.080 0.689 0.000 0.231
142000 0.080 0.689 0.000 0.231
142500 0.080 0.689 0.000 0.231
143000 0.080 0.689 0.000 0.231
143500 0.080 0.689 0.000 0.231
144000 0.080 0.689 0.000 0.231
144500 0.080 0.689 0.000 0.231
145000 0.080 0.689 0.000 0.231
145500 0.080 0.689 0.000 0.231
146000 0.080 0.689 0.000 0.231
146500 0.080 0.689 0.000 0.231
147000 0.080 0.689 0.000 0.231
147500 0.080 0.689 0.000 0.231
148000 0.080 0.689 0.000 0.231
148500 0.080 0.689 0.000 0.231
149000 0.080 0.689 0.000 0.231
149500 0.080 0.689 0.000 0.231
150000 0.080 0.689 0.000 0.231
150500 0.080 0.689 0.000 0.231
151000 0.080 0.689 0.000 0.231
151500 0.080 0.689 0.000 0.231
152000 0.080 0.689 0.000 0.231
152500 0.080 0.689 0.000 0.231
153000 0.080 0.689 0.000 0.231
153500 0.080 0.689 0.000 0.231
154000 0.080 0.689 0.000 0.231
154500 0.080 0.689 0.000 0.231
155000 0.080 0.689 0.000 0.231
155500 0.080 0.689 0.000 0.231
156000 0.080 0.689 0.000 0.231
156500 0.080 0.689 0.000 0.231
157000 0.080 0.689 0.000 0.231
157500 0.080 0.689 0.000 0.231
158000 0.080 0.689 0.000 0.231
158500 0.080 0.689 0.000 0.231
159000 0.080 0.689 0.000 0.231
159500 0.080 0.689 0.000 0.231
160000 0.080 0.689 0.000 0.231
160500 0.080 0.689 0.000 0.231
161000 0.080 0.689 0.000 0.231
161500 0.080 0.689 0.000 0.231
162000 0.080 0.689 0.000 0.231
162500 0.080 0.689 0.000 0.231
163000 0.080 0.689 0.000 0.231
163500 0.080 0.689 0.000 0.231
164000 0.080 0.689 0.000 0.231
164500 0.080 0.689 0.000 0.231
165000 0.080 0.689 0.000 0.231
165500 0.080 0.689 0.000 0.231
166000 0.080 0.689 0.000 0.231
166500 0.080 0.689 0.000 0.231
167000 0.080 0.689 0.000 0.231
167500 0.080 0.689 0.000 0.231
168000 0.080 0.689 0.000 0.231
168500 0.080 0.689 0.000 0.231
169000 0.080 0.689 0.000 0.231
169500 0.080 0.689 0.000 0.231
170000 0.080 0.689 0.000 0.231
170500 0.080 0.689 0.000 0.231
171000 0.080 0.689 0.000 0.231
171500 0.080 0.689 0.000 0.231
172000 0.080 0.689 0.000 0.231
172500 0.080 0.689 0.000 0.231
173000 0.080 0.689 0.000 0.231
173500 0.080 0.689 0.000 0.231
174000 0.080 0.689 0.000 0.231
174500 0.080 0.689 0.000 0.231
175000 0.080 0.689 0.000 0.231
175500 0.080 0.689 0.000 0.231
176000 0.080 0.689 0.000 0.231
176500 0.080 0.689 0.000 0.231
177000 0.080 0.689 0.000 0.231
177500 0.080 0.689 0.000 0.231
178000 0.080 0.689 0.000 0.231
178500 0.080 0.689 0.000 0.231
179000 0.080 0.689 0.000 0.231
179500 0.080 0.689 0.000 0.231
180000 0.080 0.689 0.000 0.231
180500 0.080 0.689 0.000 0.231
181000 0.080 0.689 0.000 0.231
181500 0.080 0.689 0.000 0.231
182000 0.080 0.689 0.000 0.231
182500 0.080 0.689 0.000 0.231
183000 0.080 0.689 0.000 0.231
183500 0.080 0.689 0.000 0.231
184000 0.080 0.689 0.000 0.231
184500 0.080 0.689 0.000 0.231
185000 0.080 0.689 0.000 0.231
185500 0.080 0.689 0.000 0.231
186000 0.080 0.689 0.000 0.231
186500 0.080 0.689 0.000 0.231
187000 0.080 0.689 0.000 0.231
187500 0.080 0.689 0.000 0.231
188000 0.080 0.689 0.000 0.231
188500 0.080 0.689 0.000 0.231
189000 0.080 0.689 0.000 0.231
189500 0.080 0.689 0.000 0.231
190000 0.080 0.689 0.000 0.231
190500 0.080 0.689 0.000 0.231
191000 0.080 0.689 0.000 0.231
191500 0.080 0.689 0.000 0.231
192000 0.080 0.689 0.000 0.231
192500 0.080 0.689 0.000 0.231
193000 0.080 0.689 0.000 0.231
193500 0.080 0.689 0.000 0.231
194000 0.080 0.689 0.000 0.231
194500 0.080 0.689 0.000 0.231
195000 0.080 0.689 0.000 0.231
195500 0.080 0.689 0.000 0.231
196000 0.080 0.689 0.000 0.231
196500 0.080 0.689 0.000 0.231
197000 0.080 0.689 0.000 0.231
197500 0.080 0.689 0.000 0.231
198000 0.080 0.689 0.000 0.231
198500 0.080 0.689 0.000 0.231
199000 0.080 0.689 0.000 0.231
199500 0.080 0.689 0.000 0.231
200000 0.080 0.689 0.000 0.231
200500 0.080 0.689 0.000 0.231
201000 0.080 0.689 0.000 0.231
201500 0.080 0.689 0.000 0.231
202000 0.080 0.689 0.000 0.231
202500 0.080 0.689 0.000 0.231
203000 0.080 0.689 0.000 0.231
203500 0.080 0.689 0.000 0.231
204000 0.080 0.689 0.000 0.231
204500 0.080 0.689 0.000 0.231
205000 0.080 0.689 0.000 0.231
205500 0.080 0.689 0.000 0.231
206000 0.080 0.689 0.000 0.231
206500 0.080 0.689 0.000 0.231
207000 0.080 0.689 0.000 0.231
207500 0.080 0.689 0.000 0.231
208000 0.080 0.689 0.000 0.231
208500 0.080 0.689 0.000 0.231
209000 0.080 0.689 0.000 0.231
209500 0.080 0.689 0.000 0.231
210000 0.080 0.689 0.000 0.231
210500 0.080 0.689 0.000 0.231
211000 0.080 0.689 0.000 0.231
211500 0.080 0.689 0.000 0.231
212000 0.080 0.689 0.000 0.231
212500 0.080 0.689 0.000 0.231
213000 0.080 0.689 0.000 0.231
213500 0.080 0.689 0.000 0.231
214000 0.080 0.689 0.000 0.231
214500 0.080 0.689 0.000 0.231
215000 0.080 0.689 0.000 0.231
215500 0.080 0.689 0.000 0.231
216000 0.080 0.689 0.000 0.231
216500 0.080 0.689 0.000 0.231
217000 0.080 0.689 0.000 0.231
217500 0.080 0.689 0.000 0.231
218000 0.080 0.689 0.000 0.231
218500 0.080 0.689 0.000 0.231
219000 0.080 0.689 0.000 0.231
219500 0.080 0.689 0.000 0.231
220000 0.080 0.689 0.000 0.231
220500 0.080 0.689 0.000 0.231
221000 0.080 0.689 0.000 0.231
221500 0.080 0.689 0.000 0.231
222000 0.080 0.689 0.000 0.231
222500 0.080 0.689 0.000 0.231
223000 0.080 0.689 0.000 0.231
223500 0.080 0.689 0.000 0.231
224000 0.080 0.689 0.000 0.231
224500 0.080 0.689 0.000 0.231
225000 0.080 0.689 0.000 0.231
225500 0.080 0.689 0.000 0.231
226000 0.080 0.689 0.000 0.231
226500 0.080 0.689 0.000 0.231
227000 0.080 0.689 0.000 0.231
227500 0.080 0.689 0.000 0.231
228000 0.080 0.689 0.000 0.231
228500 0.080 0.689 0.000 0.231
229000 0.080 0.689 0.000 0.231
229500 0.080 0.689 0.000 0.231
230000 0.080 0.689 0.000 0.231
230500 0.080 0.689 0.000 0.231
231000 0.080 0.689 0.000 0.231
231500 0.080 0.689 0.000 0.231
232000 0.080 0.689 0.000 0.231
232500 0.080 0.689 0.000 0.231
233000 0.080 0.689 0.000 0.231
233500 0.080 0.689 0.000 0.231
234000 0.080 0.689 0.000 0.231
234500 0.080 0.689 0.000 0.231
235000 0.080 0.689 0.000 0.231
235500 0.080 0.689 0.000 0.231
236000 0.080 0.689 0.000 0.231
236500 0.080 0.689 0.000 0.231
237000 0.080 0.689 0.000 0.231
237500 0.080 0.689 0.000 0.231
238000 0.080 0.689 0.000 0.231
238500 0.080 0.689 0.000 0.231
239000 0.080 0.689 0.000 0.231
239500 0.080 0.689 0.000 0.231
240000 0.080 0.689 0.000 0.231
240500 0.080 0.689 0.000 0.231
241000 0.080 0.689 0.000 0.231
241500 0.080 0.689 0.000 0.231
242000 0.080 0.689 0.000 0.231
242500 0.080 0.689 0.000 0.231
243000 0.080 0.689 0.000 0.231
243500 0.080 0.689 0.000 0.231
244000 0.080 0.689 0.000 0.231
244500 0.080 0.689 0.000 0.231
245000 0.080 0.689 0.000 0.231
245500 0.080 0.689 0.000 0.231
246000 0.080 0.689 0.000 0.231
246500 0.080 0.689 0.000 0.231
247000 0.080 0.689 0.000 0.231
247500 0.080 0.689 0.000 0.231
248000 0.080 0.689 0.000 0.231
248500 0.080 0.689 0.000 0.231
249000 0.080 0.689 0.000 0.231
249500 0.080 0.689 0.000 0.231
250000 0.080 0.689 0.000 0.231
250500 0.080 0.689 0.000 0.231
251000 0.080 0.689 0.000 0.231
251500 0.080 0.689 0.000 0.231
252000 0.080 0.689 0.000 0.231
252500 0.080 0.689 0.000 0.231
253000 0.080 0.689 0.000 0.231
253500 0.080 0.689 0.000 0.231
254000 0.080 0.689 0.000 0.231
254500 0.080 0.689 0.000 0.231
255000 0.080 0.689 0.000 0.231
255500 0.080 0.689 0.000 0.231
256000 0.080 0.689 0.000 0.231
256500 0.080 0.689 0.000 0.231
257000 0.080 0.689 0.000 0.231
257500 0.080 0.689 0.000 0.231
258000 0.080 0.689 0.000 0.231
258500 0.080 0.689 0.000 0.231
259000 0.080 0.689 0.000 0.231
259500 0.080 0.689 0.000 0.231
260000 0.080 0.689 0.000 0.231
260500 0.080 0.689 0.000 0.231
261000 0.080 0.689 0.000 0.231
261500 0.080 0.689 0.000 0.231
262000 0.080 0.689 0.000 0.231
262500 0.080 0.689 0.000 0.231
263000 0.080 0.689 0.000 0.231
263500 0.080 0.689 0.000 0.231
264000 0.080 0.689 0.000 0.231
264500 0.080 0.689 0.000 0.231
265000 0.080 0.689 0.000 0.231
265500 0.080 0.689 0.000 0.231
266000 0.080 0.689 0.000 0.231
266500 0.080 0.689 0.000 0.231
267000 0.080 0.689 0.000 0.231
267500 0.080 0.689 0.000 0.231
268000 0.080 0.689 0.000 0.231
268500 0.080 0.689 0.000 0.231
269000 0.080 0.689 0.000 0.231
269500 0.080 0.689 0.000 0.231
270000 0.080 0.689 0.000 0.231
270500 0.080 0.689 0.000 0.231
271000 0.080 0.689 0.000 0.231
271500 0.080 0.689 0.000 0.231
272000 0.080 0.689 0.000 0.231
272500 0.080 0.689 0.000 0.231
273000 0.080 0.689 0.000 0.231
273500 0.080 0.689 0.000 0.231
274000 0.080 0.689 0.000 0.231
274500 0.080 0.689 0.000 0.231
275000 0.080 0.689 0.000 0.231
275500 0.080 0.689 0.000 0.231
276000 0.080 0.689 0.000 0.231
276500 0.080 0.689 0.000 0.231
277000 0.080 0.689 0.000 0.231
277500 0.080 0.689 0.000 0.231
278000 0.080 0.689 0.000 0.231
278500 0.080 0.689 0.000 0.231
279000 0.080 0.689 0.000 0.231
279500 0.080 0.689 0.000 0.231
280000 0.080 0.689 0.000 0.231
280500 0.080 0.689 0.000 0.231
281000 0.080 0.689 0.000 0.231
281500 0.080 0.689 0.000 0.231
282000 0.080 0.689 0.000 0.231
282500 0.080 0.689 0.000 0.231
283000 0.080 0.689 0.000 0.231
283500 0.080 0.689 0.000 0.231
284000 0.080 0.689 0.000 0.231
284500 0.080 0.689 0.000 0.231
285000 0.080 0.689 0.000 0.231
285500 0.080 0.689 0.000 0.231
286000 0.080 0.689 0.000 0.231
286500 0.080 0.689 0.000 0.231
287000 0.080 0.689 0.000 0.231
287500 0.080 0.689 0.000 0.231
288000 0.080 0.689 0.000 0.231
288500 0.080 0.689 0.000 0.231
289000 0.080 0.689 0.000 0.231
289500 0.080 0.689 0.000 0.231
290000 0.080 0.689 0.000 0.231
290500 0.080 0.689 0.000 0.231
291000 0.080 0.689 0.000 0.231
291500 0.080 0.689 0.000 0.231
292000 0.080 0.689 0.000 0.231
292500 0.080 0.689 0.000 0.231
293000 0.080 0.689 0.000 0.231
293500 0.080 0.689 0.000 0.231
294000 0.080 0.689 0.000 0.231
294500 0.080 0.689 0.000 0.231
295000 0.080 0.689 0.000 0.231
295500 0.080 0.689 0.000 0.231
296000 0.080 0.689 0.000 0.231
296500 0.080 0.689 0.000 0.231
297000 0.080 0.689 0.000 0.231
297500 0.080 0.689 0.000 0.231
298000 0.080 0.689 0.000 0.231
298500 0.080 0.689 0.000 0.231
299000 0.080 0.689 0.000 0.231
299500 0.080 0.689 0.000 0.231
300000 0.080 0.689 0.000 0.231
300500 0.080 0.689 0.000 0.231
301000 0.080 0.689 0.000 0.231
301500 0.080 0.689 0.000 0.231
302000 0.080 0.689 0.000 0.231
302500 0.080 0.689 0.000 0.231
303000 0.080 0.689 0.000 0.231
303500 0.080 0.689 0.000 0.231
304000 0.080 0.689 0.000 0.231
304500 0.080 0.689 0.000 0.231
305000 0.080 0.689 0.000 0.231
305500 0.080 0.689 0.000 0.231
306000 0.080 0.689 0.000 0.231
306500 0.080 0.689 0.000 0.231
307000 0.080 0.689 0.000 0.231
307500 0.080 0.689 0.000 0.231
308000 0.080 0.689 0.000 0.231
308500 0.080 0.689 0.000 0.231
309000 0.080 0.689 0.000 0.231
309500 0.080 0.689 0.000 0.231
310000 0.080 0.689 0.000 0.231
310500 0.080 0.689 0.000 0.231
311000 0.080 0.689 0.000 0.231
311500 0.080 0.689 0.000 0.231
312000 0.080 0.689 0.000 0.231
312500 0.080 0.689 0.000 0.231
313000 0.080 0.689 0.000 0.231
313500 0.080 0.689 0.000 0.231
314000 0.080 0.689 0.000 0.231
314500 0.080 0.689 0.000 0.231
315000 0.080 0.689 0.000 0.231
315500 0.080 0.689 0.000 0.231
316000 0.080 0.689 0.000 0.231
316500 0.080 0.689 0.000 0.231
317000 0.080 0.689 0.000 0.231
317500 0.080 0.689 0.000 0.231
318000 0.080 0.689 0.000 0.231
318500 0.080 0.689 0.000 0.231
319000 0.080 0.689 0.000 0.231
319500 0.080 0.689 0.000 0.231
320000 0.080 0.689 0.000 0.231
320500 0.080 0.689 0.000 0.231
321000 0.080 0.689 0.000 0.231
321500 0.080 0.689 0.000 0.231
322000 0.080 0.689 0.000 0.231
322500 0.080 0.689 0.000 0.231
323000 0.080 0.689 0.000 0.231
323500 0.080 0.689 0.000 0.231
324000 0.080 0.689 0.000 0.231
324500 0.080 0.689 0.000 0.231
325000 0.080 0.689 0.000 0.231
325500 0.080 0.689 0.000 0.231
326000 0.080 0.689 0.000 0.231
326500 0.080 0.689 0.000 0.231
327000 0.080 0.689 0.000 0.231
327500 0.080 0.689 0.000 0.231
328000 0.080 0.689 0.000 0.231
328500 0.080 0.689 0.000 0.231
329000 0.080 0.689 0.000 0.231
329500 0.080 0.689 0.000 0.231
330000 0.080 0.689 0.000 0.231
330500 0.080 0.689 0.000 0.231
331000 0.080 0.689 0.000 0.231
331500 0.080 0.689 0.000 0.231
332000 0.080 0.689 0.000 0.231
332500 0.080 0.689 0.000 0.231
333000 0.080 0.689 0.000 0.231
333500 0.080 0.689 0.000 0.231
334000 0.080 0.689 0.000 0.231
334500 0.080 0.689 0.000 0.231
335000 0.080 0.689 0.000 0.231
335500 0.080 0.689 0.000 0.231
336000 0.080 0.689 0.000 0.231
336500 0.080 0.689 0.000 0.231
337000 0.080 0.689 0.000 0.231
337500 0.080 0.689 0.000 0.231
338000 0.080 0.689 0.000 0.231
338500 0.080 0.689 0.000 0.231
339000 0.080 0.689 0.000 0.231
339500 0.080 0.689 0.000 0.231
340000 0.080 0.689 0.000 0.231
340500 0.080 0.689 0.000 0.231
341000 0.080 0.689 0.000 0.231
341500 0.080 0.689 0.000 0.231
342000 0.080 0.689 0.000 0.231
342500 0.080 0.689 0.000 0.231
343000 0.080 0.689 0.000 0.231
343500 0.080 0.689 0.000 0.231
344000 0.080 0.689 0.000 0.231
344500 0.080 0.689 0.000 0.231
345000 0.080 0.689 0.000 0.231
345500 0.080 0.689 0.000 0.231
346000 0.080 0.689 0.000 0.231
346500 0.080 0.689 0.000 0.231
347000 0.080 0.689 0.000 0.231
347500 0.080 0.689 0.000 0.231
348000 0.080 0.689 0.000 0.231
348500 0.080 0.689 0.000 0.231
349000 0.080 0.689 0.000 0.231
349500 0.080 0.689 0.000 0.231
350000 0.080 0.689 0.000 0.231
350500 0.080 0.689 0.000 0.231
351000 0.080 0.689 0.000 0.231
351500 0.080 0.689 0.000 0.231
352000 0.080 0.689 0.000 0.231
352500 0.080 0.689 0.000 0.231
353000 0.080 0.689 0.000 0.231
353500 0.080 0.689 0.000 0.231
354000 0.080 0.689 0.000 0.231
354500 0.080 0.689 0.000 0.231
355000 0.080 0.689 0.000 0.231
355500 0.080 0.689 0.000 0.231
356000 0.080 0.689 0.000 0.231
356500 0.080 0.689 0.000 0.231
357000 0.080 0.689 0.000 0.231
357500 0.080 0.689 0.000 0.231
358000 0.080 0.689 0.000 0.231
358500 0.080 0.689 0.000 0.231
359000 0.080 0.689 0.000 0.231
359500 0.080 0.689 0.000 0.231
360000 0.080 0.689 0.000 0.231
360500 0.080 0.689 0.000 0.231
361000 0.080 0.689 0.000 0.231
361500 0.080 0.689 0.000 0.231
362000 0.080 0.689 0.000 0.231
362500 0.080 0.689 0.000 0.231
363000 0.080 0.689 0.000 0.231
363500 0.080 0.689 0.000 0.231
364000 0.080 0.689 0.000 0.231
364500 0.080 0.689 0.000 0.231
365000 0.080 0.689 0.000 0.231
365500 0.080 0.689 0.000 0.231
366000 0.080 0.689 0.000 0.231
366500 0.080 0.689 0.000 0.231
367000 0.080 0.689 0.000 0.231
367500 0.080 0.689 0.000 0.231
368000 0.080 0.689 0.000 0.231
368500 0.080 0.689 0.000 0.231
369000 0.080 0.689 0.000 0.231
369500 0.080 0.689 0.000 0.231
370000 0.080 0.689 0.000 0.231
370500 0.080 0.689 0.000 0.231
371000 0.080 0.689 0.000 0.231
371500 0.080 0.689 0.000 0.231
372000 0.080 0.689 0.000 0.231
372500 0.080 0.689 0.000 0.231
373000 0.080 0.689 0.000 0.231
373500 0.080 0.689 0.000 0.231
374000 0.080 0.689 0.000 0.231
374500 0.080 0.689 0.000 0.231
375000 0.080 0.689 0.000 0.231
375500 0.080 0.689 0.000 0.231
376000 0.080 0.689 0.000 0.231
376500 0.080 0.689 0.000 0.231
377000 0.080 0.689 0.000 0.231
377500 0.080 0.689 0.000 0.231
378000 0.080 0.689 0.000 0.231
378500 0.080 0.689 0.000 0.231
379000 0.080 0.689 0.000 0.231
379500 0.080 0.689 0.000 0.231
380000 0.080 0.689 0.000 0.231
380500 0.080 0.689 0.000 0.231
381000 0.080 0.689 0.000 0.231
381500 0.080 0.689 0.000 0.231
382000 0.080 0.689 0.000 0.231
382500 0.080 0.689 0.000 0.231
383000 0.080 0.689 0.000 0.231
383500 0.080 0.689 0.000 0.231
384000 0.080 0.689 0.000 0.231
384500 0.080 0.689 0.000 0.231
385000 0.080 0.689 0.000 0.231
385500 0.080 0.689 0.000 0.231
386000 0.080 0.689 0.000 0.231
386500 0.080 0.689 0.000 0.231
387000 0.080 0.689 0.000 0.231
387500 0.080 0.689 0.000 0.231
388000 0.080 0.689 0.000 0.231
388500 0.080 0.689 0.000 0.231
389000 0.080 0.689 0.000 0.231
389500 0.080 0.689 0.000 0.231
390000 0.080 0.689 0.000 0.231
390500 0.080 0.689 0.000 0.231
391000 0.080 0.689 0.000 0.231
391500 0.080 0.689 0.000 0.231
392000 0.080 0.689 0.000 0.231
392500 0.080 0.689 0.000 0.231
393000 0.080 0.689 0.000 0.231
393500 0.080 0.689 0.000 0.231
394000 0.080 0.689 0.000 0.231
394500 0.080 0.689 0.000 0.231
395000 0.080 0.689 0.000 0.231
395500 0.080 0.689 0.000 0.231
396000 0.080 0.689 0.000 0.231
396500 0.080 0.689 0.000 0.231
397000 0.080 0.689 0.000 0.231
397500 0.080 0.689 0.000 0.231
398000 0.080 0.689 0.000 0.231
398500 0.080 0.689 0.000 0.231
399000 0.080 0.689 0.000 0.231
399500 0.080 0.689 0.000 0.231
400000 0.080 0.689 0.000 0.231
400500 0.080 0.689 0.000 0.231
401000 0.080 0.689 0.000 0.231
401500 0.080 0.689 0.000 0.231
402000 0.080 0.689 0.000 0.231
402500 0.080 0.689 0.000 0.231
403000 0.080 0.689 0.000 0.231
403500 0.080 0.689 0.000 0.231
404000 0.080 0.689 0.000 0.231
404500 0.080 0.689 0.000 0.231
405000 0.080 0.689 0.000 0.231
405500 0.080 0.689 0.000 0.231
406000 0.080 0.689 0.000 0.231
406500 0.080 0.689 0.000 0.231
407000 0.080 0.689 0.000 0.231
407500 0.080 0.689 0.000 0.231
408000 0.080 0.689 0.000 0.231
408500 0.080 0.689 0.000 0.231
409000 0.080 0.689 0.000 0.231
409500 0.080 0.689 0.000 0.231
410000 0.080 0.689 0.000 0.231
410500 0.080 0.689 0.000 0.231
411000 0.080 0.689 0.000 0.231
411500 0.080 0.689 0.000 0.231
412000 0.080 0.689 0.000 0.231
412500 0.080 0.689 0.000 0.231
413000 0.080 0.689 0.000 0.231
413500 0.080 0.689 0.000 0.231
414000 0.080 0.689 0.000 0.231
414500 0.080 0.689 0.000 0.231
415000 0.080 0.689 0.000 0.231
415500 0.080 0.689 0.000 0.231
416000 0.080 0.689 0.000 0.231
416500 0.080 0.689 0.000 0.231
417000 0.080 0.689 0.000 0.231
417500 0.080 0.689 0.000 0.231
418000 0.080 0.689 0.000 0.231
418500 0.080 0.689 0.000 0.231
419000 0.080 0.689 0.000 0.231
419500 0.080 0.689 0.000 0.231
420000 0.080 0.689 0.000 0.231
420500 0.080 0.689 0.000 0.231
421000 0.080 0.689 0.000 0.231
421500 0.080 0.689 0.000 0.231
422000 0.080 0.689 0.000 0.231
422500 0.080 0.689 0.000 0.231
423000 0.080 0.689 0.000 0.231
423500 0.080 0.689 0.000 0.231
424000 0.080 0.689 0.000 0.231
424500 0.080 0.689 0.000 0.231
425000 0.080 0.689 0.000 0.231
425500 0.080 0.689 0.000 0.231
426000 0.080 0.689 0.000 0.231
426500 0.080 0.689 0.000 0.231
427000 0.080 0.689 0.000 0.231
427500 0.080 0.689 0.000 0.231
428000 0.080 0.689 0.000 0.231
428500 0.080 0.689 0.000 0.231
429000 0.080 0.689 0.000 0.231
429500 0.080 0.689 0.000 0.231
430000 0.080 0.689 0.000 0.231
430500 0.080 0.689 0.000 0.231
431000 0.080 0.689 0.000 0.231
431500 0.080 0.689 0.000 0.231
432000 0.080 0.689 0.000 0.231
432500 0.080 0.689 0.000 0.231
433000 0.080 0.689 0.000 0.231
433500 0.080 0.689 0.000 0.231
434000 0.080 0.689 0.000 0.231
434500 0.080 0.689 0.000 0.231
435000 0.080 0.689 0.000 0.231
435500 0.080 0.689 0.000 0.231
436000 0.080 0.689 0.000 0.231
436500 0.080 0.689 0.000 0.231
437000 0.080 0.689 0.000 0.231
437500 0.080 0.689 0.000 0.231
438000 0.080 0.689 0.000 0.231
438500 0.080 0.689 0.000 0.231
439000 0.080 0.689 0.000 0.231
439500 0.080 0.689 0.000 0.231
440000 0.080 0.689 0.000 0.231
440500 0.080 0.689 0.000 0.231
441000 0.080 0.689 0.000 0.231
441500 0.080 0.689 0.000 0.231
442000 0.080 0.689 0.000 0.231
442500 0.080 0.689 0.000 0.231
443000 0.080 0.689 0.000 0.231
443500 0.080 0.689 0.000 0.231
444000 0.080 0.689 0.000 0.231
444500 0.080 0.689 0.000 0.231
445000 0.080 0.689 0.000 0.231
445500 0.080 0.689 0.000 0.231
446000 0.080 0.689 0.000 0.231
446500 0.080 0.689 0.000 0.231
447000 0.080 0.689 0.000 0.231
447500 0.080 0.689 0.000 0.231
448000 0.080 0.689 0.000 0.231
448500 0.080 0.689 0.000 0.231
449000 0.080 0.689 0.000 0.231
449500 0.080 0.689 0.000 0.231
450000 0.080 0.689 0.000 0.231
450500 0.080 0.689 0.000 0.231
451000 0.080 0.689 0.000 0.231
451500 0.080 0.689 0.000 0.231
452000 0.080 0.689 0.000 0.231
452500 0.080 0.689 0.000 0.231
453000 0.080 0.689 0.000 0.231
453500 0.080 0.689 0.000 0.231
454000 0.080 0.689 0.000 0.231
454500 0.080 0.689 0.000 0.231
455000 0.080 0.689 0.000 0.231
455500 0.080 0.689 0.000 0.231
456000 0.080 0.689 0.000 0.231
456500 0.080 0.689 0.000 0.231
457000 0.080 0.689 0.000 0.231
457500 0.080 0.689 0.000 0.231
458000 0.080 0.689 0.000 0.231
458500 0.080 0.689 0.000 0.231
459000 0.080 0.689 0.000 0.231
459500 0.080 0.689 0.000 0.231
460000 0.080 0.689 0.000 0.231
460500 0.080 0.689 0.000 0.231
461000 0.080 0.689 0.000 0.231
461500 0.080 0.689 0.000 0.231
462000 0.080 0.689 0.000 0.231
462500 0.080 0.689 0.000 0.231
463000 0.080 0.689 0.000 0.231
463500 0.080 0.689 0.000 0.231
464000 0.080 0.689 0.000 0.231
464500 0.080 0.689 0.000 0.231
465000 0.080 0.689 0.000 0.231
465500 0.080 0.689 0.000 0.231
466000 0.080 0.689 0.000 0.231
466500 0.080 0.689 0.000 0.231
467000 0.080 0.689 0.000 0.231
467500 0.080 0.689 0.000 0.231
468000 0.080 0.689 0.000 0.231
468500 0.080 0.689 0.000 0.231
469000 0.080 0.689 0.000 0.231
469500 0.080 0.689 0.000 0.231
470000 0.080 0.689 0.000 0.231
470500 0.080 0.689 0.000 0.231
471000 0.080 0.689 0.000 0.231
471500 0.080 0.689 0.000 0.231
472000 0.080 0.689 0.000 0.231
472500 0.080 0.689 0.000 0.231
473000 0.080 0.689 0.000 0.231
473500 0.080 0.689 0.000 0.231
474000 0.080 0.689 0.000 0.231
474500 0.080 0.689 0.000 0.231
475000 0.080 0.689 0.000 0.231
475500 0.080 0.689 0.000 0.231
476000 0.080 0.689 0.000 0.231
476500 0.080 0.689 0.000 0.231
477000 0.080 0.689 0.000 0.231
477500 0.080 0.689 0.000 0.231
478000 0.080 0.689 0.000 0.231
478500 0.080 0.689 0.000 0.231
479000 0.080 0.689 0.000 0.231
479500 0.080 0.689 0.000 0.231
480000 0.080 0.689 0.000 0.231
480500 0.080 0.689 0.000 0.231
481000 0.080 0.689 0.000 0.231
481500 0.080 0.689 0.000 0.231
482000 0.080 0.689 0.000 0.231
482500 0.080 0.689 0.000 0.231
483000 0.080 0.689 0.000 0.231
483500 0.080 0.689 0.000 0.231
484000 0.080 0.689 0.000 0.231
484500 0.080 0.689 0.000 0.231
485000 0.080 0.689 0.000 0.231
485500 0.080 0.689 0.000 0.231
486000 0.080 0.689 0.000 0.231
486500 0.080 0.689 0.000 0.231
487000 0.080 0.689 0.000 0.231
487500 0.080 0.689 0.000 0.231
488000 0.080 0.689 0.000 0.231
488500 0.080 0.689 0.000 0.231
489000 0.080 0.689 0.000 0.231
489500 0.080 0.689 0.000 0.231
490000 0.080 0.689 0.000 0.231
490500 0.080 0.689 0.000 0.231
491000 0.080 0.689 0.000 0.231
491500 0.080 0.689 0.000 0.231
492000 0.080 0.689 0.000 0.231
492500 0.080 0.689 0.000 0.231
493000 0.080 0.689 0.000 0.231
493500 0.080 0.689 0.000 0.231
494000 0.080 0.689 0.000 0.231
494500 0.080 0.689 0.000 0.231
495000 0.080 0.689 0.000 0.231
495500 0.080 0.689 0.000 0.231
496000 0.080 0.689 0.000 0.231
496500 0.080 0.689 0.000 0.231
497000 0.080 0.689 0.000 0.231
497500 0.080 0.689 0.000 0.231
498000 0.080 0.689 0.000 0.231
498500 0.080 0.689 0.000 0.231
499000 0.080 0.689 0.000 0.231
499500 0.080 0.689 0.000 0.231
500000 0.080 0.689 0.000 0.231
