000000 0.250 0.250 0.250 0.250
000500 0.034 0.615 0.000 0.351
001000 0.034 0.620 0.000 0.346
001500 0.034 0.625 0.000 0.341
002000 0.034 0.628 0.000 0.338
002500 0.034 0.633 0.000 0.333
003000 0.034 0.639 0.000 0.327
003500 0.034 0.645 0.000 0.321
004000 0.034 0.649 0.000 0.317
004500 0.034 0.653 0.000 0.313
005000 0.034 0.656 0.000 0.310
005500 0.034 0.660 0.000 0.306
006000 0.034 0.662 0.000 0.304
006500 0.034 0.665 0.000 0.301
007000 0.034 0.665 0.000 0.301
007500 0.034 0.669 0.000 0.297
008000 0.034 0.670 0.000 0.296
008500 0.034 0.674 0.000 0.292
009000 0.034 0.674 0.000 0.292
009500 0.034 0.676 0.000 0.290
010000 0.034 0.679 0.000 0.287
010500 0.034 0.681 0.000 0.285
011000 0.034 0.681 0.000 0.285
011500 0.034 0.684 0.000 0.282
012000 0.034 0.686 0.000 0.280
012500 0.034 0.686 0.000 0.280
013000 0.034 0.689 0.000 0.278
013500 0.034 0.690 0.000 0.276
014000 0.034 0.691 0.000 0.275
014500 0.034 0.694 0.000 0.272
015000 0.034 0.696 0.000 0.270
015500 0.034 0.697 0.000 0.269
016000 0.034 0.699 0.000 0.267
016500 0.034 0.701 0.000 0.265
017000 0.034 0.703 0.000 0.264
017500 0.034 0.704 0.000 0.262
018000 0.034 0.707 0.000 0.259
018500 0.034 0.707 0.000 0.259
019000 0.034 0.708 0.000 0.258
019500 0.034 0.708 0.000 0.258
020000 0.034 0.708 0.000 0.258
020500 0.034 0.708 0.000 0.258
021000 0.034 0.708 0.000 0.258
021500 0.034 0.708 0.000 0.258
022000 0.034 0.708 0.000 0.258
022500 0.034 0.708 0.000 0.258
023000 0.034 0.708 0.000 0.258
023500 0.034 0.708 0.000 0.258
024000 0.034 0.708 0.000 0.258
024500 0.034 0.708 0.000 0.258
025000 0.034 0.708 0.000 0.258
025500 0.034 0.708 0.000 0.258
026000 0.034 0.708 0.000 0.258
026500 0.034 0.708 0.000 0.258
027000 0.034 0.708 0.000 0.258
027500 0.034 0.708 0.000 0.258
028000 0.034 0.708 0.000 0.258
028500 0.034 0.708 0.000 0.258
029000 0.034 0.708 0.000 0.258
029500 0.034 0.708 0.000 0.258
030000 0.034 0.708 0.000 0.258
030500 0.034 0.708 0.000 0.258
031000 0.034 0.708 0.000 0.258
031500 0.034 0.708 0.000 0.258
032000 0.034 0.708 0.000 0.258
032500 0.034 0.708 0.000 0.258
033000 0.034 0.708 0.000 0.258
033500 0.034 0.708 0.000 0.258
034000 0.034 0.708 0.000 0.258
034500 0.034 0.708 0.000 0.258
035000 0.034 0.708 0.000 0.258
035500 0.034 0.708 0.000 0.258
036000 0.034 0.708 0.000 0.258
036500 0.034 0.708 0.000 0.258
037000 0.034 0.708 0.000 0.258
037500 0.034 0.708 0.000 0.258
038000 0.034 0.708 0.000 0.258
038500 0.034 0.708 0.000 0.258
039000 0.034 0.708 0.000 0.258
039500 0.034 0.708 0.000 0.258
040000 0.034 0.708 0.000 0.258
040500 0.034 0.708 0.000 0.258
041000 0.034 0.708 0.000 0.258
041500 0.034 0.708 0.000 0.258
042000 0.034 0.708 0.000 0.258
042500 0.034 0.708 0.000 0.258
043000 0.034 0.708 0.000 0.258
043500 0.034 0.708 0.000 0.258
044000 0.034 0.708 0.000 0.258
044500 0.034 0.708 0.000 0.258
045000 0.034 0.708 0.000 0.258
045500 0.034 0.708 0.000 0.258
046000 0.034 0.708 0.000 0.258
046500 0.034 0.708 0.000 0.258
047000 0.034 0.708 0.000 0.258
047500 0.034 0.708 0.000 0.258
048000 0.034 0.708 0.000 0.258
048500 0.034 0.708 0.000 0.258
049000 0.034 0.708 0.000 0.258
049500 0.034 0.708 0.000 0.258
050000 0.034 0.708 0.000 0.258
050500 0.034 0.708 0.000 0.258
051000 0.034 0.708 0.000 0.258
051500 0.034 0.708 0.000 0.258
052000 0.034 0.708 0.000 0.258
052500 0.034 0.708 0.000 0.258
053000 0.034 0.708 0.000 0.258
053500 0.034 0.708 0.000 0.258
054000 0.034 0.708 0.000 0.258
054500 0.034 0.708 0.000 0.258
055000 0.034 0.708 0.000 0.258
055500 0.034 0.708 0.000 0.258
056000 0.034 0.708 0.000 0.258
056500 0.034 0.708 0.000 0.258
057000 0.034 0.708 0.000 0.258
057500 0.034 0.708 0.000 0.258
058000 0.034 0.708 0.000 0.258
058500 0.034 0.708 0.000 0.258
059000 0.034 0.708 0.000 0.258
059500 0.034 0.708 0.000 0.258
060000 0.034 0.708 0.000 0.258
060500 0.034 0.708 0.000 0.258
061000 0.034 0.708 0.000 0.258
061500 0.034 0.708 0.000 0.258
062000 0.034 0.708 0.000 0.258
062500 0.034 0.708 0.000 0.258
063000 0.034 0.708 0.000 0.258
063500 0.034 0.708 0.000 0.258
064000 0.034 0.708 0.000 0.258
064500 0.034 0.708 0.000 0.258
065000 0.034 0.708 0.000 0.258
065500 0.034 0.708 0.000 0.258
066000 0.034 0.708 0.000 0.258
066500 0.034 0.708 0.000 0.258
067000 0.034 0.708 0.000 0.258
067500 0.034 0.708 0.000 0.258
068000 0.034 0.708 0.000 0.258
068500 0.034 0.708 0.000 0.258
069000 0.034 0.708 0.000 0.258
069500 0.034 0.708 0.000 0.258
070000 0.034 0.708 0.000 0.258
070500 0.034 0.708 0.000 0.258
071000 0.034 0.708 0.000 0.258
071500 0.034 0.708 0.000 0.258
072000 0.034 0.708 0.000 0.258
072500 0.034 0.708 0.000 0.258
073000 0.034 0.708 0.000 0.258
073500 0.034 0.708 0.000 0.258
074000 0.034 0.708 0.000 0.258
074500 0.034 0.708 0.000 0.258
075000 0.034 0.708 0.000 0.258
075500 0.034 0.708 0.000 0.258
076000 0.034 0.708 0.000 0.258
076500 0.034 0.708 0.000 0.258
077000 0.034 0.708 0.000 0.258
077500 0.034 0.708 0.000 0.258
078000 0.034 0.708 0.000 0.258
078500 0.034 0.708 0.000 0.258
079000 0.034 0.708 0.000 0.258
079500 0.034 0.708 0.000 0.258
080000 0.034 0.708 0.000 0.258
080500 0.034 0.708 0.000 0.258
081000 0.034 0.708 0.000 0.258
081500 0.034 0.708 0.000 0.258
082000 0.034 0.708 0.000 0.258
082500 0.034 0.708 0.000 0.258
083000 0.034 0.708 0.000 0.258
083500 0.034 0.708 0.000 0.258
084000 0.034 0.708 0.000 0.258
084500 0.034 0.708 0.000 0.258
085000 0.034 0.708 0.000 0.258
085500 0.034 0.708 0.000 0.258
086000 0.034 0.708 0.000 0.258
086500 0.034 0.708 0.000 0.258
087000 0.034 0.708 0.000 0.258
087500 0.034 0.708 0.000 0.258
088000 0.034 0.708 0.000 0.258
088500 0.034 0.708 0.000 0.258
089000 0.034 0.708 0.000 0.258
089500 0.034 0.708 0.000 0.258
090000 0.034 0.708 0.000 0.258
090500 0.034 0.708 0.000 0.258
091000 0.034 0.708 0.000 0.258
091500 0.034 0.708 0.000 0.258
092000 0.034 0.708 0.000 0.258
092500 0.034 0.708 0.000 0.258
093000 0.034 0.708 0.000 0.258
093500 0.034 0.708 0.000 0.258
094000 0.034 0.708 0.000 0.258
094500 0.034 0.708 0.000 0.258
095000 0.034 0.708 0.000 0.258
095500 0.034 0.708 0.000 0.258
096000 0.034 0.708 0.000 0.258
096500 0.034 0.708 0.000 0.258
097000 0.034 0.708 0.000 0.258
097500 0.034 0.708 0.000 0.258
098000 0.034 0.708 0.000 0.258
098500 0.034 0.708 0.000 0.258
099000 0.034 0.708 0.000 0.258
099500 0.034 0.708 0.000 0.258
100000 0.034 0.708 0.000 0.258
100500 0.034 0.708 0.000 0.258
101000 0.034 0.708 0.000 0.258
101500 0.034 0.708 0.000 0.258
102000 0.034 0.708 0.000 0.258
102500 0.034 0.708 0.000 0.258
103000 0.034 0.708 0.000 0.258
103500 0.034 0.708 0.000 0.258
104000 0.034 0.708 0.000 0.258
104500 0.034 0.708 0.000 0.258
105000 0.034 0.708 0.000 0.258
105500 0.034 0.708 0.000 0.258
106000 0.034 0.708 0.000 0.258
106500 0.034 0.708 0.000 0.258
107000 0.034 0.708 0.000 0.258
107500 0.034 0.708 0.000 0.258
108000 0.034 0.708 0.000 0.258
108500 0.034 0.708 0.000 0.258
109000 0.034 0.708 0.000 0.258
109500 0.034 0.708 0.000 0.258
110000 0.034 0.708 0.000 0.258
110500 0.034 0.708 0.000 0.258
111000 0.034 0.708 0.000 0.258
111500 0.034 0.708 0.000 0.258
112000 0.034 0.708 0.000 0.258
112500 0.034 0.708 0.000 0.258
113000 0.034 0.708 0.000 0.258
113500 0.034 0.708 0.000 0.258
114000 0.034 0.708 0.000 0.258
114500 0.034 0.708 0.000 0.258
115000 0.034 0.708 0.000 0.258
115500 0.034 0.708 0.000 0.258
116000 0.034 0.708 0.000 0.258
116500 0.034 0.708 0.000 0.258
117000 0.034 0.708 0.000 0.258
117500 0.034 0.708 0.000 0.258
118000 0.034 0.708 0.000 0.258
118500 0.034 0.708 0.000 0.258
119000 0.034 0.708 0.000 0.258
119500 0.034 0.708 0.000 0.258
120000 0.034 0.708 0.000 0.258
120500 0.034 0.708 0.000 0.258
121000 0.034 0.708 0.000 0.258
121500 0.034 0.708 0.000 0.258
122000 0.034 0.708 0.000 0.258
122500 0.034 0.708 0.000 0.258
123000 0.034 0.708 0.000 0.258
123500 0.034 0.708 0.000 0.258
124000 0.034 0.708 0.000 0.258
124500 0.034 0.708 0.000 0.258
125000 0.034 0.708 0.000 0.258
125500 0.034 0.708 0.000 0.258
126000 0.034 0.708 0.000 0.258
126500 0.034 0.708 0.000 0.258
127000 0.034 0.708 0.000 0.258
127500 0.034 0.708 0.000 0.258
128000 0.034 0.708 0.000 0.258
128500 0.034 0.708 0.000 0.258
129000 0.034 0.708 0.000 0.258
129500 0.034 0.708 0.000 0.258
130000 0.034 0.708 0.000 0.258
130500 0.034 0.708 0.000 0.258
131000 0.034 0.708 0.000 0.258
131500 0.034 0.708 0.000 0.258
132000 0.034 0.708 0.000 0.258
132500 0.034 0.708 0.000 0.258
133000 0.034 0.708 0.000 0.258
133500 0.034 0.708 0.000 0.258
134000 0.034 0.708 0.000 0.258
134500 0.034 0.708 0.000 0.258
135000 0.034 0.708 0.000 0.258
135500 0.034 0.708 0.000 0.258
136000 0.034 0.708 0.000 0.258
136500 0.034 0.708 0.000 0.258
137000 0.034 0.708 0.000 0.258
137500 0.034 0.708 0.000 0.258
138000 0.034 0.708 0.000 0.258
138500 0.034 0.708 0.000 0.258
139000 0.034 0.708 0.000 0.258
139500 0.034 0.708 0.000 0.258
140000 0.034 0.708 0.000 0.258
140500 0.034 0.708 0.000 0.258
141000 0.034 0.708 0.000 0.258
141500 0.034 0.708 0.000 0.258
142000 0.034 0.708 0.000 0.258
142500 0.034 0.708 0.000 0.258
143000 0.034 0.708 0.000 0.258
143500 0.034 0.708 0.000 0.258
144000 0.034 0.708 0.000 0.258
144500 0.034 0.708 0.000 0.258
145000 0.034 0.708 0.000 0.258
145500 0.034 0.708 0.000 0.258
146000 0.034 0.708 0.000 0.258
146500 0.034 0.708 0.000 0.258
147000 0.034 0.708 0.000 0.258
147500 0.034 0.708 0.000 0.258
148000 0.034 0.708 0.000 0.258
148500 0.034 0.708 0.000 0.258
149000 0.034 0.708 0.000 0.258
149500 0.034 0.708 0.000 0.258
150000 0.034 0.708 0.000 0.258
150500 0.034 0.708 0.000 0.258
151000 0.034 0.708 0.000 0.258
151500 0.034 0.708 0.000 0.258
152000 0.034 0.708 0.000 0.258
152500 0.034 0.708 0.000 0.258
153000 0.034 0.708 0.000 0.258
153500 0.034 0.708 0.000 0.258
154000 0.034 0.708 0.000 0.258
154500 0.034 0.708 0.000 0.258
155000 0.034 0.708 0.000 0.258
155500 0.034 0.708 0.000 0.258
156000 0.034 0.708 0.000 0.258
156500 0.034 0.708 0.000 0.258
157000 0.034 0.708 0.000 0.258
157500 0.034 0.708 0.000 0.258
158000 0.034 0.708 0.000 0.258
158500 0.034 0.708 0.000 0.258
159000 0.034 0.708 0.000 0.258
159500 0.034 0.708 0.000 0.258
160000 0.034 0.708 0.000 0.258
160500 0.034 0.708 0.000 0.258
161000 0.034 0.708 0.000 0.258
161500 0.034 0.708 0.000 0.258
162000 0.034 0.708 0.000 0.258
162500 0.034 0.708 0.000 0.258
163000 0.034 0.708 0.000 0.258
163500 0.034 0.708 0.000 0.258
164000 0.034 0.708 0.000 0.258
164500 0.034 0.708 0.000 0.258
165000 0.034 0.708 0.000 0.258
165500 0.034 0.708 0.000 0.258
166000 0.034 0.708 0.000 0.258
166500 0.034 0.708 0.000 0.258
167000 0.034 0.708 0.000 0.258
167500 0.034 0.708 0.000 0.258
168000 0.034 0.708 0.000 0.258
168500 0.034 0.708 0.000 0.258
169000 0.034 0.708 0.000 0.258
169500 0.034 0.708 0.000 0.258
170000 0.034 0.708 0.000 0.258
170500 0.034 0.708 0.000 0.258
171000 0.034 0.708 0.000 0.258
171500 0.034 0.708 0.000 0.258
172000 0.034 0.708 0.000 0.258
172500 0.034 0.708 0.000 0.258
173000 0.034 0.708 0.000 0.258
173500 0.034 0.708 0.000 0.258
174000 0.034 0.708 0.000 0.258
174500 0.034 0.708 0.000 0.258
175000 0.034 0.708 0.000 0.258
175500 0.034 0.708 0.000 0.258
176000 0.034 0.708 0.000 0.258
176500 0.034 0.708 0.000 0.258
177000 0.034 0.708 0.000 0.258
177500 0.034 0.708 0.000 0.258
178000 0.034 0.708 0.000 0.258
178500 0.034 0.708 0.000 0.258
179000 0.034 0.708 0.000 0.258
179500 0.034 0.708 0.000 0.258
180000 0.034 0.708 0.000 0.258
180500 0.034 0.708 0.000 0.258
181000 0.034 0.708 0.000 0.258
181500 0.034 0.708 0.000 0.258
182000 0.034 0.708 0.000 0.258
182500 0.034 0.708 0.000 0.258
183000 0.034 0.708 0.000 0.258
183500 0.034 0.708 0.000 0.258
184000 0.034 0.708 0.000 0.258
184500 0.034 0.708 0.000 0.258
185000 0.034 0.708 0.000 0.258
185500 0.034 0.708 0.000 0.258
186000 0.034 0.708 0.000 0.258
186500 0.034 0.708 0.000 0.258
187000 0.034 0.708 0.000 0.258
187500 0.034 0.708 0.000 0.258
188000 0.034 0.708 0.000 0.258
188500 0.034 0.708 0.000 0.258
189000 0.034 0.708 0.000 0.258
189500 0.034 0.708 0.000 0.258
190000 0.034 0.708 0.000 0.258
190500 0.034 0.708 0.000 0.258
191000 0.034 0.708 0.000 0.258
191500 0.034 0.708 0.000 0.258
192000 0.034 0.708 0.000 0.258
192500 0.034 0.708 0.000 0.258
193000 0.034 0.708 0.000 0.258
193500 0.034 0.708 0.000 0.258
194000 0.034 0.708 0.000 0.258
194500 0.034 0.708 0.000 0.258
195000 0.034 0.708 0.000 0.258
195500 0.034 0.708 0.000 0.258
196000 0.034 0.708 0.000 0.258
196500 0.034 0.708 0.000 0.258
197000 0.034 0.708 0.000 0.258
197500 0.034 0.708 0.000 0.258
198000 0.034 0.708 0.000 0.258
198500 0.034 0.708 0.000 0.258
199000 0.034 0.708 0.000 0.258
199500 0.034 0.708 0.000 0.258
200000 0.034 0.708 0.000 0.258
200500 0.034 0.708 0.000 0.258
201000 0.034 0.708 0.000 0.258
201500 0.034 0.708 0.000 0.258
202000 0.034 0.708 0.000 0.258
202500 0.034 0.708 0.000 0.258
203000 0.034 0.708 0.000 0.258
203500 0.034 0.708 0.000 0.258
204000 0.034 0.708 0.000 0.258
204500 0.034 0.708 0.000 0.258
205000 0.034 0.708 0.000 0.258
205500 0.034 0.708 0.000 0.258
206000 0.034 0.708 0.000 0.258
206500 0.034 0.708 0.000 0.258
207000 0.034 0.708 0.000 0.258
207500 0.034 0.708 0.000 0.258
208000 0.034 0.708 0.000 0.258
208500 0.034 0.708 0.000 0.258
209000 0.034 0.708 0.000 0.258
209500 0.034 0.708 0.000 0.258
210000 0.034 0.708 0.000 0.258
210500 0.034 0.708 0.000 0.258
211000 0.034 0.708 0.000 0.258
211500 0.034 0.708 0.000 0.258
212000 0.034 0.708 0.000 0.258
212500 0.034 0.708 0.000 0.258
213000 0.034 0.708 0.000 0.258
213500 0.034 0.708 0.000 0.258
214000 0.034 0.708 0.000 0.258
214500 0.034 0.708 0.000 0.258
215000 0.034 0.708 0.000 0.258
215500 0.034 0.708 0.000 0.258
216000 0.034 0.708 0.000 0.258
216500 0.034 0.708 0.000 0.258
217000 0.034 0.708 0.000 0.258
217500 0.034 0.708 0.000 0.258
218000 0.034 0.708 0.000 0.258
218500 0.034 0.708 0.000 0.258
219000 0.034 0.708 0.000 0.258
219500 0.034 0.708 0.000 0.258
220000 0.034 0.708 0.000 0.258
220500 0.034 0.708 0.000 0.258
221000 0.034 0.708 0.000 0.258
221500 0.034 0.708 0.000 0.258
222000 0.034 0.708 0.000 0.258
222500 0.034 0.708 0.000 0.258
223000 0.034 0.708 0.000 0.258
223500 0.034 0.708 0.000 0.258
224000 0.034 0.708 0.000 0.258
224500 0.034 0.708 0.000 0.258
225000 0.034 0.708 0.000 0.258
225500 0.034 0.708 0.000 0.258
226000 0.034 0.708 0.000 0.258
226500 0.034 0.708 0.000 0.258
227000 0.034 0.708 0.000 0.258
227500 0.034 0.708 0.000 0.258
228000 0.034 0.708 0.000 0.258
228500 0.034 0.708 0.000 0.258
229000 0.034 0.708 0.000 0.258
229500 0.034 0.708 0.000 0.258
230000 0.034 0.708 0.000 0.258
230500 0.034 0.708 0.000 0.258
231000 0.034 0.708 0.000 0.258
231500 0.034 0.708 0.000 0.258
232000 0.034 0.708 0.000 0.258
232500 0.034 0.708 0.000 0.258
233000 0.034 0.708 0.000 0.258
233500 0.034 0.708 0.000 0.258
234000 0.034 0.708 0.000 0.258
234500 0.034 0.708 0.000 0.258
235000 0.034 0.708 0.000 0.258
235500 0.034 0.708 0.000 0.258
236000 0.034 0.708 0.000 0.258
236500 0.034 0.708 0.000 0.258
237000 0.034 0.708 0.000 0.258
237500 0.034 0.708 0.000 0.258
238000 0.034 0.708 0.000 0.258
238500 0.034 0.708 0.000 0.258
239000 0.034 0.708 0.000 0.258
239500 0.034 0.708 0.000 0.258
240000 0.034 0.708 0.000 0.258
240500 0.034 0.708 0.000 0.258
241000 0.034 0.708 0.000 0.258
241500 0.034 0.708 0.000 0.258
242000 0.034 0.708 0.000 0.258
242500 0.034 0.708 0.000 0.258
243000 0.034 0.708 0.000 0.258
243500 0.034 0.708 0.000 0.258
244000 0.034 0.708 0.000 0.258
244500 0.034 0.708 0.000 0.258
245000 0.034 0.708 0.000 0.258
245500 0.034 0.708 0.000 0.258
246000 0.034 0.708 0.000 0.258
246500 0.034 0.708 0.000 0.258
247000 0.034 0.708 0.000 0.258
247500 0.034 0.708 0.000 0.258
248000 0.034 0.708 0.000 0.258
248500 0.034 0.708 0.000 0.258
249000 0.034 0.708 0.000 0.258
249500 0.034 0.708 0.000 0.258
250000 0.034 0.708 0.000 0.258
250500 0.034 0.708 0.000 0.258
251000 0.034 0.708 0.000 0.258
251500 0.034 0.708 0.000 0.258
252000 0.034 0.708 0.000 0.258
252500 0.034 0.708 0.000 0.258
253000 0.034 0.708 0.000 0.258
253500 0.034 0.708 0.000 0.258
254000 0.034 0.708 0.000 0.258
254500 0.034 0.708 0.000 0.258
255000 0.034 0.708 0.000 0.258
255500 0.034 0.708 0.000 0.258
256000 0.034 0.708 0.000 0.258
256500 0.034 0.708 0.000 0.258
257000 0.034 0.708 0.000 0.258
257500 0.034 0.708 0.000 0.258
258000 0.034 0.708 0.000 0.258
258500 0.034 0.708 0.000 0.258
259000 0.034 0.708 0.000 0.258
259500 0.034 0.708 0.000 0.258
260000 0.034 0.708 0.000 0.258
260500 0.034 0.708 0.000 0.258
261000 0.034 0.708 0.000 0.258
261500 0.034 0.708 0.000 0.258
262000 0.034 0.708 0.000 0.258
262500 0.034 0.708 0.000 0.258
263000 0.034 0.708 0.000 0.258
263500 0.034 0.708 0.000 0.258
264000 0.034 0.708 0.000 0.258
264500 0.034 0.708 0.000 0.258
265000 0.034 0.708 0.000 0.258
265500 0.034 0.708 0.000 0.258
266000 0.034 0.708 0.000 0.258
266500 0.034 0.708 0.000 0.258
267000 0.034 0.708 0.000 0.258
267500 0.034 0.708 0.000 0.258
268000 0.034 0.708 0.000 0.258
268500 0.034 0.708 0.000 0.258
269000 0.034 0.708 0.000 0.258
269500 0.034 0.708 0.000 0.258
270000 0.034 0.708 0.000 0.258
270500 0.034 0.708 0.000 0.258
271000 0.034 0.708 0.000 0.258
271500 0.034 0.708 0.000 0.258
272000 0.034 0.708 0.000 0.258
272500 0.034 0.708 0.000 0.258
273000 0.034 0.708 0.000 0.258
273500 0.034 0.708 0.000 0.258
274000 0.034 0.708 0.000 0.258
274500 0.034 0.708 0.000 0.258
275000 0.034 0.708 0.000 0.258
275500 0.034 0.708 0.000 0.258
276000 0.034 0.708 0.000 0.258
276500 0.034 0.708 0.000 0.258
277000 0.034 0.708 0.000 0.258
277500 0.034 0.708 0.000 0.258
278000 0.034 0.708 0.000 0.258
278500 0.034 0.708 0.000 0.258
279000 0.034 0.708 0.000 0.258
279500 0.034 0.708 0.000 0.258
280000 0.034 0.708 0.000 0.258
280500 0.034 0.708 0.000 0.258
281000 0.034 0.708 0.000 0.258
281500 0.034 0.708 0.000 0.258
282000 0.034 0.708 0.000 0.258
282500 0.034 0.708 0.000 0.258
283000 0.034 0.708 0.000 0.258
283500 0.034 0.708 0.000 0.258
284000 0.034 0.708 0.000 0.258
284500 0.034 0.708 0.000 0.258
285000 0.034 0.708 0.000 0.258
285500 0.034 0.708 0.000 0.258
286000 0.034 0.708 0.000 0.258
286500 0.034 0.708 0.000 0.258
287000 0.034 0.708 0.000 0.258
287500 0.034 0.708 0.000 0.258
288000 0.034 0.708 0.000 0.258
288500 0.034 0.708 0.000 0.258
289000 0.034 0.708 0.000 0.258
289500 0.034 0.708 0.000 0.258
290000 0.034 0.708 0.000 0.258
290500 0.034 0.708 0.000 0.258
291000 0.034 0.708 0.000 0.258
291500 0.034 0.708 0.000 0.258
292000 0.034 0.708 0.000 0.258
292500 0.034 0.708 0.000 0.258
293000 0.034 0.708 0.000 0.258
293500 0.034 0.708 0.000 0.258
294000 0.034 0.708 0.000 0.258
294500 0.034 0.708 0.000 0.258
295000 0.034 0.708 0.000 0.258
295500 0.034 0.708 0.000 0.258
296000 0.034 0.708 0.000 0.258
296500 0.034 0.708 0.000 0.258
297000 0.034 0.708 0.000 0.258
297500 0.034 0.708 0.000 0.258
298000 0.034 0.708 0.000 0.258
298500 0.034 0.708 0.000 0.258
299000 0.034 0.708 0.000 0.258
299500 0.034 0.708 0.000 0.258
300000 0.034 0.708 0.000 0.258
300500 0.034 0.708 0.000 0.258
301000 0.034 0.708 0.000 0.258
301500 0.034 0.708 0.000 0.258
302000 0.034 0.708 0.000 0.258
302500 0.034 0.708 0.000 0.258
303000 0.034 0.708 0.000 0.258
303500 0.034 0.708 0.000 0.258
304000 0.034 0.708 0.000 0.258
304500 0.034 0.708 0.000 0.258
305000 0.034 0.708 0.000 0.258
305500 0.034 0.708 0.000 0.258
306000 0.034 0.708 0.000 0.258
306500 0.034 0.708 0.000 0.258
307000 0.034 0.708 0.000 0.258
307500 0.034 0.708 0.000 0.258
308000 0.034 0.708 0.000 0.258
308500 0.034 0.708 0.000 0.258
309000 0.034 0.708 0.000 0.258
309500 0.034 0.708 0.000 0.258
310000 0.034 0.708 0.000 0.258
310500 0.034 0.708 0.000 0.258
311000 0.034 0.708 0.000 0.258
311500 0.034 0.708 0.000 0.258
312000 0.034 0.708 0.000 0.258
312500 0.034 0.708 0.000 0.258
313000 0.034 0.708 0.000 0.258
313500 0.034 0.708 0.000 0.258
314000 0.034 0.708 0.000 0.258
314500 0.034 0.708 0.000 0.258
315000 0.034 0.708 0.000 0.258
315500 0.034 0.708 0.000 0.258
316000 0.034 0.708 0.000 0.258
316500 0.034 0.708 0.000 0.258
317000 0.034 0.708 0.000 0.258
317500 0.034 0.708 0.000 0.258
318000 0.034 0.708 0.000 0.258
318500 0.034 0.708 0.000 0.258
319000 0.034 0.708 0.000 0.258
319500 0.034 0.708 0.000 0.258
320000 0.034 0.708 0.000 0.258
320500 0.034 0.708 0.000 0.258
321000 0.034 0.708 0.000 0.258
321500 0.034 0.708 0.000 0.258
322000 0.034 0.708 0.000 0.258
322500 0.034 0.708 0.000 0.258
323000 0.034 0.708 0.000 0.258
323500 0.034 0.708 0.000 0.258
324000 0.034 0.708 0.000 0.258
324500 0.034 0.708 0.000 0.258
325000 0.034 0.708 0.000 0.258
325500 0.034 0.708 0.000 0.258
326000 0.034 0.708 0.000 0.258
326500 0.034 0.708 0.000 0.258
327000 0.034 0.708 0.000 0.258
327500 0.034 0.708 0.000 0.258
328000 0.034 0.708 0.000 0.258
328500 0.034 0.708 0.000 0.258
329000 0.034 0.708 0.000 0.258
329500 0.034 0.708 0.000 0.258
330000 0.034 0.708 0.000 0.258
330500 0.034 0.708 0.000 0.258
331000 0.034 0.708 0.000 0.258
331500 0.034 0.708 0.000 0.258
332000 0.034 0.708 0.000 0.258
332500 0.034 0.708 0.000 0.258
333000 0.034 0.708 0.000 0.258
333500 0.034 0.708 0.000 0.258
334000 0.034 0.708 0.000 0.258
334500 0.034 0.708 0.000 0.258
335000 0.034 0.708 0.000 0.258
335500 0.034 0.708 0.000 0.258
336000 0.034 0.708 0.000 0.258
336500 0.034 0.708 0.000 0.258
337000 0.034 0.708 0.000 0.258
337500 0.034 0.708 0.000 0.258
338000 0.034 0.708 0.000 0.258
338500 0.034 0.708 0.000 0.258
339000 0.034 0.708 0.000 0.258
339500 0.034 0.708 0.000 0.258
340000 0.034 0.708 0.000 0.258
340500 0.034 0.708 0.000 0.258
341000 0.034 0.708 0.000 0.258
341500 0.034 0.708 0.000 0.258
342000 0.034 0.708 0.000 0.258
342500 0.034 0.708 0.000 0.258
343000 0.034 0.708 0.000 0.258
343500 0.034 0.708 0.000 0.258
344000 0.034 0.708 0.000 0.258
344500 0.034 0.708 0.000 0.258
345000 0.034 0.708 0.000 0.258
345500 0.034 0.708 0.000 0.258
346000 0.034 0.708 0.000 0.258
346500 0.034 0.708 0.000 0.258
347000 0.034 0.708 0.000 0.258
347500 0.034 0.708 0.000 0.258
348000 0.034 0.708 0.000 0.258
348500 0.034 0.708 0.000 0.258
349000 0.034 0.708 0.000 0.258
349500 0.034 0.708 0.000 0.258
350000 0.034 0.708 0.000 0.258
350500 0.034 0.708 0.000 0.258
351000 0.034 0.708 0.000 0.258
351500 0.034 0.708 0.000 0.258
352000 0.034 0.708 0.000 0.258
352500 0.034 0.708 0.000 0.258
353000 0.034 0.708 0.000 0.258
353500 0.034 0.708 0.000 0.258
354000 0.034 0.708 0.000 0.258
354500 0.034 0.708 0.000 0.258
355000 0.034 0.708 0.000 0.258
355500 0.034 0.708 0.000 0.258
356000 0.034 0.708 0.000 0.258
356500 0.034 0.708 0.000 0.258
357000 0.034 0.708 0.000 0.258
357500 0.034 0.708 0.000 0.258
358000 0.034 0.708 0.000 0.258
358500 0.034 0.708 0.000 0.258
359000 0.034 0.708 0.000 0.258
359500 0.034 0.708 0.000 0.258
360000 0.034 0.708 0.000 0.258
360500 0.034 0.708 0.000 0.258
361000 0.034 0.708 0.000 0.258
361500 0.034 0.708 0.000 0.258
362000 0.034 0.708 0.000 0.258
362500 0.034 0.708 0.000 0.258
363000 0.034 0.708 0.000 0.258
363500 0.034 0.708 0.000 0.258
364000 0.034 0.708 0.000 0.258
364500 0.034 0.708 0.000 0.258
365000 0.034 0.708 0.000 0.258
365500 0.034 0.708 0.000 0.258
366000 0.034 0.708 0.000 0.258
366500 0.034 0.708 0.000 0.258
367000 0.034 0.708 0.000 0.258
367500 0.034 0.708 0.000 0.258
368000 0.034 0.708 0.000 0.258
368500 0.034 0.708 0.000 0.258
369000 0.034 0.708 0.000 0.258
369500 0.034 0.708 0.000 0.258
370000 0.034 0.708 0.000 0.258
370500 0.034 0.708 0.000 0.258
371000 0.034 0.708 0.000 0.258
371500 0.034 0.708 0.000 0.258
372000 0.034 0.708 0.000 0.258
372500 0.034 0.708 0.000 0.258
373000 0.034 0.708 0.000 0.258
373500 0.034 0.708 0.000 0.258
374000 0.034 0.708 0.000 0.258
374500 0.034 0.708 0.000 0.258
375000 0.034 0.708 0.000 0.258
375500 0.034 0.708 0.000 0.258
376000 0.034 0.708 0.000 0.258
376500 0.034 0.708 0.000 0.258
377000 0.034 0.708 0.000 0.258
377500 0.034 0.708 0.000 0.258
378000 0.034 0.708 0.000 0.258
378500 0.034 0.708 0.000 0.258
379000 0.034 0.708 0.000 0.258
379500 0.034 0.708 0.000 0.258
380000 0.034 0.708 0.000 0.258
380500 0.034 0.708 0.000 0.258
381000 0.034 0.708 0.000 0.258
381500 0.034 0.708 0.000 0.258
382000 0.034 0.708 0.000 0.258
382500 0.034 0.708 0.000 0.258
383000 0.034 0.708 0.000 0.258
383500 0.034 0.708 0.000 0.258
384000 0.034 0.708 0.000 0.258
384500 0.034 0.708 0.000 0.258
385000 0.034 0.708 0.000 0.258
385500 0.034 0.708 0.000 0.258
386000 0.034 0.708 0.000 0.258
386500 0.034 0.708 0.000 0.258
387000 0.034 0.708 0.000 0.258
387500 0.034 0.708 0.000 0.258
388000 0.034 0.708 0.000 0.258
388500 0.034 0.708 0.000 0.258
389000 0.034 0.708 0.000 0.258
389500 0.034 0.708 0.000 0.258
390000 0.034 0.708 0.000 0.258
390500 0.034 0.708 0.000 0.258
391000 0.034 0.708 0.000 0.258
391500 0.034 0.708 0.000 0.258
392000 0.034 0.708 0.000 0.258
392500 0.034 0.708 0.000 0.258
393000 0.034 0.708 0.000 0.258
393500 0.034 0.708 0.000 0.258
394000 0.034 0.708 0.000 0.258
394500 0.034 0.708 0.000 0.258
395000 0.034 0.708 0.000 0.258
395500 0.034 0.708 0.000 0.258
396000 0.034 0.708 0.000 0.258
396500 0.034 0.708 0.000 0.258
397000 0.034 0.708 0.000 0.258
397500 0.034 0.708 0.000 0.258
398000 0.034 0.708 0.000 0.258
398500 0.034 0.708 0.000 0.258
399000 0.034 0.708 0.000 0.258
399500 0.034 0.708 0.000 0.258
400000 0.034 0.708 0.000 0.258
400500 0.034 0.708 0.000 0.258
401000 0.034 0.708 0.000 0.258
401500 0.034 0.708 0.000 0.258
402000 0.034 0.708 0.000 0.258
402500 0.034 0.708 0.000 0.258
403000 0.034 0.708 0.000 0.258
403500 0.034 0.708 0.000 0.258
404000 0.034 0.708 0.000 0.258
404500 0.034 0.708 0.000 0.258
405000 0.034 0.708 0.000 0.258
405500 0.034 0.708 0.000 0.258
406000 0.034 0.708 0.000 0.258
406500 0.034 0.708 0.000 0.258
407000 0.034 0.708 0.000 0.258
407500 0.034 0.708 0.000 0.258
408000 0.034 0.708 0.000 0.258
408500 0.034 0.708 0.000 0.258
409000 0.034 0.708 0.000 0.258
409500 0.034 0.708 0.000 0.258
410000 0.034 0.708 0.000 0.258
410500 0.034 0.708 0.000 0.258
411000 0.034 0.708 0.000 0.258
411500 0.034 0.708 0.000 0.258
412000 0.034 0.708 0.000 0.258
412500 0.034 0.708 0.000 0.258
413000 0.034 0.708 0.000 0.258
413500 0.034 0.708 0.000 0.258
414000 0.034 0.708 0.000 0.258
414500 0.034 0.708 0.000 0.258
415000 0.034 0.708 0.000 0.258
415500 0.034 0.708 0.000 0.258
416000 0.034 0.708 0.000 0.258
416500 0.034 0.708 0.000 0.258
417000 0.034 0.708 0.000 0.258
417500 0.034 0.708 0.000 0.258
418000 0.034 0.708 0.000 0.258
418500 0.034 0.708 0.000 0.258
419000 0.034 0.708 0.000 0.258
419500 0.034 0.708 0.000 0.258
420000 0.034 0.708 0.000 0.258
420500 0.034 0.708 0.000 0.258
421000 0.034 0.708 0.000 0.258
421500 0.034 0.708 0.000 0.258
422000 0.034 0.708 0.000 0.258
422500 0.034 0.708 0.000 0.258
423000 0.034 0.708 0.000 0.258
423500 0.034 0.708 0.000 0.258
424000 0.034 0.708 0.000 0.258
424500 0.034 0.708 0.000 0.258
425000 0.034 0.708 0.000 0.258
425500 0.034 0.708 0.000 0.258
426000 0.034 0.708 0.000 0.258
426500 0.034 0.708 0.000 0.258
427000 0.034 0.708 0.000 0.258
427500 0.034 0.708 0.000 0.258
428000 0.034 0.708 0.000 0.258
428500 0.034 0.708 0.000 0.258
429000 0.034 0.708 0.000 0.258
429500 0.034 0.708 0.000 0.258
430000 0.034 0.708 0.000 0.258
430500 0.034 0.708 0.000 0.258
431000 0.034 0.708 0.000 0.258
431500 0.034 0.708 0.000 0.258
432000 0.034 0.708 0.000 0.258
432500 0.034 0.708 0.000 0.258
433000 0.034 0.708 0.000 0.258
433500 0.034 0.708 0.000 0.258
434000 0.034 0.708 0.000 0.258
434500 0.034 0.708 0.000 0.258
435000 0.034 0.708 0.000 0.258
435500 0.034 0.708 0.000 0.258
436000 0.034 0.708 0.000 0.258
436500 0.034 0.708 0.000 0.258
437000 0.034 0.708 0.000 0.258
437500 0.034 0.708 0.000 0.258
438000 0.034 0.708 0.000 0.258
438500 0.034 0.708 0.000 0.258
439000 0.034 0.708 0.000 0.258
439500 0.034 0.708 0.000 0.258
440000 0.034 0.708 0.000 0.258
440500 0.034 0.708 0.000 0.258
441000 0.034 0.708 0.000 0.258
441500 0.034 0.708 0.000 0.258
442000 0.034 0.708 0.000 0.258
442500 0.034 0.708 0.000 0.258
443000 0.034 0.708 0.000 0.258
443500 0.034 0.708 0.000 0.258
444000 0.034 0.708 0.000 0.258
444500 0.034 0.708 0.000 0.258
445000 0.034 0.708 0.000 0.258
445500 0.034 0.708 0.000 0.258
446000 0.034 0.708 0.000 0.258
446500 0.034 0.708 0.000 0.258
447000 0.034 0.708 0.000 0.258
447500 0.034 0.708 0.000 0.258
448000 0.034 0.708 0.000 0.258
448500 0.034 0.708 0.000 0.258
449000 0.034 0.708 0.000 0.258
449500 0.034 0.708 0.000 0.258
450000 0.034 0.708 0.000 0.258
450500 0.034 0.708 0.000 0.258
451000 0.034 0.708 0.000 0.258
451500 0.034 0.708 0.000 0.258
452000 0.034 0.708 0.000 0.258
452500 0.034 0.708 0.000 0.258
453000 0.034 0.708 0.000 0.258
453500 0.034 0.708 0.000 0.258
454000 0.034 0.708 0.000 0.258
454500 0.034 0.708 0.000 0.258
455000 0.034 0.708 0.000 0.258
455500 0.034 0.708 0.000 0.258
456000 0.034 0.708 0.000 0.258
456500 0.034 0.708 0.000 0.258
457000 0.034 0.708 0.000 0.258
457500 0.034 0.708 0.000 0.258
458000 0.034 0.708 0.000 0.258
458500 0.034 0.708 0.000 0.258
459000 0.034 0.708 0.000 0.258
459500 0.034 0.708 0.000 0.258
460000 0.034 0.708 0.000 0.258
460500 0.034 0.708 0.000 0.258
461000 0.034 0.708 0.000 0.258
461500 0.034 0.708 0.000 0.258
462000 0.034 0.708 0.000 0.258
462500 0.034 0.708 0.000 0.258
463000 0.034 0.708 0.000 0.258
463500 0.034 0.708 0.000 0.258
464000 0.034 0.708 0.000 0.258
464500 0.034 0.708 0.000 0.258
465000 0.034 0.708 0.000 0.258
465500 0.034 0.708 0.000 0.258
466000 0.034 0.708 0.000 0.258
466500 0.034 0.708 0.000 0.258
467000 0.034 0.708 0.000 0.258
467500 0.034 0.708 0.000 0.258
468000 0.034 0.708 0.000 0.258
468500 0.034 0.708 0.000 0.258
469000 0.034 0.708 0.000 0.258
469500 0.034 0.708 0.000 0.258
470000 0.034 0.708 0.000 0.258
470500 0.034 0.708 0.000 0.258
471000 0.034 0.708 0.000 0.258
471500 0.034 0.708 0.000 0.258
472000 0.034 0.708 0.000 0.258
472500 0.034 0.708 0.000 0.258
473000 0.034 0.708 0.000 0.258
473500 0.034 0.708 0.000 0.258
474000 0.034 0.708 0.000 0.258
474500 0.034 0.708 0.000 0.258
475000 0.034 0.708 0.000 0.258
475500 0.034 0.708 0.000 0.258
476000 0.034 0.708 0.000 0.258
476500 0.034 0.708 0.000 0.258
477000 0.034 0.708 0.000 0.258
477500 0.034 0.708 0.000 0.258
478000 0.034 0.708 0.000 0.258
478500 0.034 0.708 0.000 0.258
479000 0.034 0.708 0.000 0.258
479500 0.034 0.708 0.000 0.258
480000 0.034 0.708 0.000 0.258
480500 0.034 0.708 0.000 0.258
481000 0.034 0.708 0.000 0.258
481500 0.034 0.708 0.000 0.258
482000 0.034 0.708 0.000 0.258
482500 0.034 0.708 0.000 0.258
483000 0.034 0.708 0.000 0.258
483500 0.034 0.708 0.000 0.258
484000 0.034 0.708 0.000 0.258
484500 0.034 0.708 0.000 0.258
485000 0.034 0.708 0.000 0.258
485500 0.034 0.708 0.000 0.258
486000 0.034 0.708 0.000 0.258
486500 0.034 0.708 0.000 0.258
487000 0.034 0.708 0.000 0.258
487500 0.034 0.708 0.000 0.258
488000 0.034 0.708 0.000 0.258
488500 0.034 0.708 0.000 0.258
489000 0.034 0.708 0.000 0.258
489500 0.034 0.708 0.000 0.258
490000 0.034 0.708 0.000 0.258
490500 0.034 0.708 0.000 0.258
491000 0.034 0.708 0.000 0.258
491500 0.034 0.708 0.000 0.258
492000 0.034 0.708 0.000 0.258
492500 0.034 0.708 0.000 0.258
493000 0.034 0.708 0.000 0.258
493500 0.034 0.708 0.000 0.258
494000 0.034 0.708 0.000 0.258
494500 0.034 0.708 0.000 0.258
495000 0.034 0.708 0.000 0.258
495500 0.034 0.708 0.000 0.258
496000 0.034 0.708 0.000 0.258
496500 0.034 0.708 0.000 0.258
497000 0.034 0.708 0.000 0.258
497500 0.034 0.708 0.000 0.258
498000 0.034 0.708 0.000 0.258
498500 0.034 0.708 0.000 0.258
499000 0.034 0.708 0.000 0.258
499500 0.034 0.708 0.000 0.258
500000 0.034 0.708 0.000 0.258
