000000 0.250 0.250 0.250 0.250
000500 0.505 0.193 0.000 0.303
001000 0.492 0.211 0.000 0.296
001500 0.485 0.222 0.000 0.294
002000 0.478 0.233 0.000 0.289
002500 0.481 0.233 0.000 0.286
003000 0.479 0.238 0.000 0.283
003500 0.477 0.243 0.000 0.280
004000 0.476 0.249 0.000 0.275
004500 0.475 0.251 0.000 0.273
005000 0.470 0.257 0.000 0.273
005500 0.467 0.262 0.000 0.272
006000 0.471 0.263 0.000 0.267
006500 0.478 0.257 0.000 0.265
007000 0.470 0.266 0.000 0.264
007500 0.473 0.266 0.000 0.261
008000 0.466 0.273 0.000 0.261
008500 0.468 0.273 0.000 0.258
009000 0.463 0.281 0.000 0.257
009500 0.462 0.283 0.000 0.255
010000 0.465 0.282 0.000 0.253
010500 0.463 0.286 0.000 0.251
011000 0.471 0.279 0.000 0.250
011500 0.464 0.286 0.000 0.250
012000 0.471 0.280 0.000 0.249
012500 0.462 0.289 0.000 0.249
013000 0.464 0.287 0.000 0.249
013500 0.466 0.286 0.000 0.248
014000 0.466 0.287 0.000 0.247
014500 0.465 0.288 0.000 0.247
015000 0.465 0.290 0.000 0.245
015500 0.467 0.289 0.000 0.244
016000 0.473 0.284 0.000 0.244
016500 0.465 0.292 0.000 0.243
017000 0.464 0.294 0.000 0.242
017500 0.462 0.298 0.000 0.240
018000 0.470 0.290 0.000 0.240
018500 0.461 0.300 0.000 0.238
019000 0.469 0.295 0.000 0.236
019500 0.467 0.298 0.000 0.235
020000 0.468 0.298 0.000 0.234
020500 0.463 0.304 0.000 0.233
021000 0.469 0.299 0.000 0.232
021500 0.463 0.306 0.000 0.232
022000 0.467 0.302 0.000 0.231
022500 0.469 0.301 0.000 0.231
023000 0.469 0.300 0.000 0.231
023500 0.466 0.304 0.000 0.230
024000 0.461 0.309 0.000 0.230
024500 0.464 0.307 0.000 0.229
025000 0.460 0.312 0.000 0.229
025500 0.464 0.308 0.000 0.228
026000 0.458 0.314 0.000 0.228
026500 0.464 0.309 0.000 0.227
027000 0.464 0.310 0.000 0.226
027500 0.467 0.308 0.000 0.225
028000 0.462 0.314 0.000 0.224
028500 0.460 0.317 0.000 0.223
029000 0.461 0.317 0.000 0.223
029500 0.469 0.309 0.000 0.222
030000 0.463 0.315 0.000 0.222
030500 0.469 0.309 0.000 0.221
031000 0.462 0.316 0.000 0.221
031500 0.468 0.311 0.000 0.221
032000 0.455 0.324 0.000 0.221
032500 0.468 0.311 0.000 0.221
033000 0.460 0.320 0.000 0.221
033500 0.456 0.324 0.000 0.220
034000 0.455 0.326 0.000 0.219
034500 0.459 0.322 0.000 0.219
035000 0.466 0.315 0.000 0.218
035500 0.464 0.318 0.000 0.218
036000 0.454 0.330 0.000 0.216
036500 0.460 0.323 0.000 0.217
037000 0.474 0.309 0.000 0.217
037500 0.455 0.328 0.000 0.217
038000 0.459 0.324 0.000 0.217
038500 0.460 0.324 0.000 0.216
039000 0.458 0.327 0.000 0.215
039500 0.461 0.325 0.000 0.214
040000 0.467 0.319 0.000 0.214
040500 0.463 0.323 0.000 0.214
041000 0.455 0.331 0.000 0.214
041500 0.469 0.318 0.000 0.213
042000 0.466 0.321 0.000 0.213
042500 0.465 0.322 0.000 0.213
043000 0.463 0.324 0.000 0.213
043500 0.454 0.333 0.000 0.213
044000 0.462 0.325 0.000 0.213
044500 0.456 0.331 0.000 0.213
045000 0.453 0.334 0.000 0.213
045500 0.464 0.323 0.000 0.213
046000 0.463 0.324 0.000 0.213
046500 0.467 0.320 0.000 0.213
047000 0.461 0.327 0.000 0.213
047500 0.456 0.331 0.000 0.213
048000 0.461 0.326 0.000 0.213
048500 0.465 0.322 0.000 0.213
049000 0.457 0.331 0.000 0.213
049500 0.468 0.319 0.000 0.213
050000 0.461 0.326 0.000 0.213
050500 0.463 0.324 0.000 0.213
051000 0.461 0.326 0.000 0.213
051500 0.456 0.331 0.000 0.213
052000 0.462 0.326 0.000 0.212
052500 0.464 0.324 0.000 0.212
053000 0.465 0.322 0.000 0.212
053500 0.468 0.321 0.000 0.212
054000 0.465 0.323 0.000 0.212
054500 0.468 0.320 0.000 0.212
055000 0.469 0.320 0.000 0.212
055500 0.460 0.329 0.000 0.211
056000 0.461 0.328 0.000 0.211
056500 0.471 0.318 0.000 0.211
057000 0.468 0.322 0.000 0.211
057500 0.453 0.336 0.000 0.211
058000 0.463 0.326 0.000 0.211
058500 0.455 0.334 0.000 0.211
059000 0.464 0.325 0.000 0.211
059500 0.467 0.322 0.000 0.211
060000 0.462 0.327 0.000 0.211
060500 0.456 0.333 0.000 0.211
061000 0.466 0.323 0.000 0.211
061500 0.463 0.326 0.000 0.211
062000 0.460 0.330 0.000 0.211
062500 0.464 0.325 0.000 0.211
063000 0.469 0.320 0.000 0.211
063500 0.460 0.330 0.000 0.211
064000 0.461 0.329 0.000 0.211
064500 0.464 0.325 0.000 0.211
065000 0.468 0.321 0.000 0.210
065500 0.461 0.329 0.000 0.210
066000 0.464 0.326 0.000 0.210
066500 0.463 0.327 0.000 0.210
067000 0.465 0.325 0.000 0.210
067500 0.467 0.323 0.000 0.210
068000 0.466 0.324 0.000 0.210
068500 0.461 0.329 0.000 0.210
069000 0.461 0.330 0.000 0.210
069500 0.462 0.329 0.000 0.210
070000 0.465 0.326 0.000 0.210
070500 0.459 0.332 0.000 0.209
071000 0.460 0.331 0.000 0.209
071500 0.459 0.332 0.000 0.209
072000 0.457 0.334 0.000 0.209
072500 0.455 0.336 0.000 0.209
073000 0.457 0.335 0.000 0.209
073500 0.462 0.329 0.000 0.209
074000 0.455 0.336 0.000 0.209
074500 0.456 0.335 0.000 0.209
075000 0.462 0.329 0.000 0.209
075500 0.463 0.328 0.000 0.209
076000 0.463 0.329 0.000 0.208
076500 0.461 0.331 0.000 0.208
077000 0.466 0.325 0.000 0.208
077500 0.462 0.330 0.000 0.208
078000 0.461 0.331 0.000 0.208
078500 0.466 0.326 0.000 0.208
079000 0.472 0.320 0.000 0.208
079500 0.462 0.330 0.000 0.208
080000 0.462 0.330 0.000 0.208
080500 0.463 0.330 0.000 0.207
081000 0.466 0.328 0.000 0.207
081500 0.470 0.323 0.000 0.207
082000 0.462 0.331 0.000 0.207
082500 0.464 0.329 0.000 0.207
083000 0.468 0.325 0.000 0.207
083500 0.459 0.334 0.000 0.207
084000 0.461 0.333 0.000 0.207
084500 0.457 0.337 0.000 0.207
085000 0.460 0.333 0.000 0.207
085500 0.460 0.333 0.000 0.207
086000 0.471 0.323 0.000 0.206
086500 0.464 0.329 0.000 0.206
087000 0.460 0.334 0.000 0.206
087500 0.458 0.335 0.000 0.206
088000 0.459 0.334 0.000 0.206
088500 0.463 0.331 0.000 0.206
089000 0.461 0.332 0.000 0.206
089500 0.458 0.336 0.000 0.206
090000 0.459 0.335 0.000 0.206
090500 0.454 0.340 0.000 0.206
091000 0.460 0.333 0.000 0.206
091500 0.461 0.333 0.000 0.206
092000 0.458 0.336 0.000 0.206
092500 0.452 0.342 0.000 0.206
093000 0.460 0.334 0.000 0.206
093500 0.461 0.333 0.000 0.206
094000 0.460 0.334 0.000 0.206
094500 0.465 0.329 0.000 0.206
095000 0.465 0.329 0.000 0.206
095500 0.462 0.331 0.000 0.206
096000 0.461 0.333 0.000 0.206
096500 0.448 0.346 0.000 0.206
097000 0.463 0.331 0.000 0.206
097500 0.461 0.332 0.000 0.206
098000 0.465 0.329 0.000 0.206
098500 0.463 0.331 0.000 0.206
099000 0.467 0.326 0.000 0.206
099500 0.457 0.337 0.000 0.206
100000 0.463 0.331 0.000 0.206
100500 0.461 0.333 0.000 0.206
101000 0.462 0.331 0.000 0.206
101500 0.468 0.326 0.000 0.206
102000 0.451 0.343 0.000 0.206
102500 0.466 0.328 0.000 0.206
103000 0.466 0.328 0.000 0.206
103500 0.465 0.328 0.000 0.206
104000 0.463 0.331 0.000 0.206
104500 0.466 0.328 0.000 0.206
105000 0.459 0.335 0.000 0.206
105500 0.464 0.330 0.000 0.206
106000 0.474 0.319 0.000 0.206
106500 0.477 0.316 0.000 0.206
107000 0.468 0.326 0.000 0.206
107500 0.467 0.327 0.000 0.206
108000 0.464 0.330 0.000 0.206
108500 0.464 0.329 0.000 0.206
109000 0.466 0.328 0.000 0.206
109500 0.461 0.333 0.000 0.206
110000 0.462 0.332 0.000 0.206
110500 0.452 0.342 0.000 0.206
111000 0.465 0.329 0.000 0.206
111500 0.458 0.335 0.000 0.206
112000 0.461 0.333 0.000 0.206
112500 0.467 0.327 0.000 0.206
113000 0.464 0.330 0.000 0.206
113500 0.461 0.334 0.000 0.204
114000 0.453 0.343 0.000 0.204
114500 0.459 0.336 0.000 0.204
115000 0.455 0.341 0.000 0.204
115500 0.458 0.338 0.000 0.205
116000 0.460 0.336 0.000 0.204
116500 0.467 0.328 0.000 0.204
117000 0.460 0.336 0.000 0.204
117500 0.456 0.340 0.000 0.204
118000 0.458 0.338 0.000 0.204
118500 0.464 0.332 0.000 0.204
119000 0.460 0.336 0.000 0.204
119500 0.453 0.343 0.000 0.204
120000 0.459 0.337 0.000 0.204
120500 0.461 0.335 0.000 0.204
121000 0.464 0.332 0.000 0.204
121500 0.470 0.326 0.000 0.204
122000 0.463 0.334 0.000 0.204
122500 0.466 0.331 0.000 0.204
123000 0.464 0.332 0.000 0.204
123500 0.471 0.325 0.000 0.204
124000 0.472 0.324 0.000 0.203
124500 0.470 0.326 0.000 0.204
125000 0.455 0.342 0.000 0.204
125500 0.465 0.332 0.000 0.204
126000 0.464 0.332 0.000 0.204
126500 0.464 0.332 0.000 0.204
127000 0.459 0.337 0.000 0.204
127500 0.461 0.336 0.000 0.204
128000 0.471 0.325 0.000 0.204
128500 0.461 0.335 0.000 0.204
129000 0.465 0.331 0.000 0.204
129500 0.473 0.324 0.000 0.204
130000 0.466 0.331 0.000 0.204
130500 0.477 0.320 0.000 0.203
131000 0.477 0.319 0.000 0.203
131500 0.461 0.336 0.000 0.203
132000 0.465 0.331 0.000 0.203
132500 0.467 0.330 0.000 0.203
133000 0.468 0.329 0.000 0.203
133500 0.459 0.338 0.000 0.203
134000 0.470 0.327 0.000 0.203
134500 0.462 0.335 0.000 0.203
135000 0.462 0.335 0.000 0.203
135500 0.467 0.330 0.000 0.203
136000 0.471 0.326 0.000 0.203
136500 0.466 0.331 0.000 0.203
137000 0.460 0.337 0.000 0.203
137500 0.457 0.340 0.000 0.203
138000 0.461 0.336 0.000 0.203
138500 0.461 0.335 0.000 0.203
139000 0.458 0.339 0.000 0.203
139500 0.466 0.331 0.000 0.203
140000 0.467 0.330 0.000 0.203
140500 0.465 0.332 0.000 0.203
141000 0.461 0.336 0.000 0.203
141500 0.455 0.342 0.000 0.203
142000 0.458 0.339 0.000 0.203
142500 0.453 0.344 0.000 0.203
143000 0.463 0.334 0.000 0.203
143500 0.468 0.329 0.000 0.203
144000 0.468 0.329 0.000 0.203
144500 0.472 0.325 0.000 0.203
145000 0.469 0.328 0.000 0.203
145500 0.466 0.332 0.000 0.203
146000 0.476 0.322 0.000 0.202
146500 0.473 0.325 0.000 0.202
147000 0.467 0.331 0.000 0.202
147500 0.469 0.329 0.000 0.202
148000 0.472 0.326 0.000 0.202
148500 0.470 0.328 0.000 0.202
149000 0.468 0.330 0.000 0.202
149500 0.466 0.332 0.000 0.202
150000 0.464 0.334 0.000 0.202
150500 0.464 0.335 0.000 0.202
151000 0.467 0.331 0.000 0.202
151500 0.459 0.340 0.000 0.202
152000 0.467 0.331 0.000 0.202
152500 0.464 0.334 0.000 0.202
153000 0.461 0.338 0.000 0.202
153500 0.469 0.329 0.000 0.202
154000 0.472 0.326 0.000 0.202
154500 0.465 0.334 0.000 0.202
155000 0.459 0.339 0.000 0.202
155500 0.465 0.334 0.000 0.202
156000 0.461 0.337 0.000 0.202
156500 0.469 0.329 0.000 0.202
157000 0.467 0.332 0.000 0.202
157500 0.463 0.335 0.000 0.202
158000 0.467 0.332 0.000 0.202
158500 0.470 0.329 0.000 0.202
159000 0.471 0.327 0.000 0.202
159500 0.470 0.328 0.000 0.202
160000 0.469 0.329 0.000 0.202
160500 0.469 0.330 0.000 0.202
161000 0.473 0.326 0.000 0.202
161500 0.465 0.333 0.000 0.202
162000 0.473 0.325 0.000 0.201
162500 0.470 0.330 0.000 0.201
163000 0.473 0.326 0.000 0.201
163500 0.466 0.334 0.000 0.200
164000 0.465 0.336 0.000 0.200
164500 0.466 0.335 0.000 0.200
165000 0.460 0.341 0.000 0.200
165500 0.467 0.333 0.000 0.200
166000 0.465 0.336 0.000 0.200
166500 0.458 0.343 0.000 0.200
167000 0.467 0.333 0.000 0.200
167500 0.466 0.335 0.000 0.200
168000 0.466 0.334 0.000 0.200
168500 0.462 0.338 0.000 0.199
169000 0.455 0.345 0.000 0.199
169500 0.457 0.343 0.000 0.199
170000 0.457 0.344 0.000 0.199
170500 0.455 0.346 0.000 0.199
171000 0.470 0.331 0.000 0.200
171500 0.469 0.331 0.000 0.200
172000 0.464 0.336 0.000 0.199
172500 0.467 0.333 0.000 0.200
173000 0.463 0.338 0.000 0.200
173500 0.465 0.335 0.000 0.200
174000 0.463 0.337 0.000 0.199
174500 0.469 0.331 0.000 0.200
175000 0.466 0.334 0.000 0.199
175500 0.466 0.334 0.000 0.200
176000 0.464 0.336 0.000 0.200
176500 0.470 0.331 0.000 0.199
177000 0.463 0.337 0.000 0.200
177500 0.461 0.339 0.000 0.200
178000 0.470 0.331 0.000 0.200
178500 0.470 0.330 0.000 0.200
179000 0.466 0.334 0.000 0.200
179500 0.470 0.330 0.000 0.200
180000 0.467 0.333 0.000 0.200
180500 0.473 0.327 0.000 0.200
181000 0.474 0.326 0.000 0.200
181500 0.463 0.337 0.000 0.200
182000 0.464 0.337 0.000 0.200
182500 0.472 0.328 0.000 0.200
183000 0.476 0.324 0.000 0.200
183500 0.465 0.335 0.000 0.200
184000 0.472 0.329 0.000 0.200
184500 0.466 0.335 0.000 0.200
185000 0.464 0.336 0.000 0.200
185500 0.469 0.331 0.000 0.200
186000 0.463 0.337 0.000 0.200
186500 0.469 0.332 0.000 0.200
187000 0.470 0.330 0.000 0.199
187500 0.470 0.331 0.000 0.200
188000 0.469 0.331 0.000 0.199
188500 0.469 0.332 0.000 0.199
189000 0.469 0.332 0.000 0.200
189500 0.469 0.332 0.000 0.200
190000 0.469 0.332 0.000 0.200
190500 0.469 0.332 0.000 0.200
191000 0.469 0.332 0.000 0.200
191500 0.469 0.332 0.000 0.200
192000 0.469 0.332 0.000 0.200
192500 0.469 0.332 0.000 0.200
193000 0.469 0.332 0.000 0.200
193500 0.469 0.332 0.000 0.200
194000 0.469 0.332 0.000 0.200
194500 0.469 0.332 0.000 0.200
195000 0.469 0.332 0.000 0.200
195500 0.469 0.332 0.000 0.200
196000 0.469 0.332 0.000 0.200
196500 0.469 0.332 0.000 0.200
197000 0.469 0.332 0.000 0.200
197500 0.469 0.332 0.000 0.200
198000 0.469 0.332 0.000 0.200
198500 0.469 0.332 0.000 0.200
199000 0.469 0.332 0.000 0.200
199500 0.469 0.332 0.000 0.200
200000 0.469 0.332 0.000 0.200
200500 0.469 0.332 0.000 0.200
201000 0.469 0.332 0.000 0.200
201500 0.469 0.332 0.000 0.200
202000 0.469 0.332 0.000 0.200
202500 0.469 0.332 0.000 0.200
203000 0.469 0.332 0.000 0.200
203500 0.469 0.332 0.000 0.200
204000 0.469 0.332 0.000 0.200
204500 0.469 0.332 0.000 0.200
205000 0.469 0.332 0.000 0.200
205500 0.469 0.332 0.000 0.200
206000 0.469 0.332 0.000 0.200
206500 0.469 0.332 0.000 0.200
207000 0.469 0.332 0.000 0.200
207500 0.469 0.332 0.000 0.200
208000 0.469 0.332 0.000 0.200
208500 0.469 0.332 0.000 0.200
209000 0.469 0.332 0.000 0.200
209500 0.469 0.332 0.000 0.200
210000 0.469 0.332 0.000 0.200
210500 0.469 0.332 0.000 0.200
211000 0.469 0.332 0.000 0.200
211500 0.469 0.332 0.000 0.200
212000 0.469 0.332 0.000 0.200
212500 0.469 0.332 0.000 0.200
213000 0.469 0.332 0.000 0.200
213500 0.469 0.332 0.000 0.200
214000 0.469 0.332 0.000 0.200
214500 0.469 0.332 0.000 0.200
215000 0.469 0.332 0.000 0.200
215500 0.469 0.332 0.000 0.200
216000 0.469 0.332 0.000 0.200
216500 0.469 0.332 0.000 0.200
217000 0.469 0.332 0.000 0.200
217500 0.469 0.332 0.000 0.200
218000 0.469 0.332 0.000 0.200
218500 0.469 0.332 0.000 0.200
219000 0.469 0.332 0.000 0.200
219500 0.469 0.332 0.000 0.200
220000 0.469 0.332 0.000 0.200
220500 0.469 0.332 0.000 0.200
221000 0.469 0.332 0.000 0.200
221500 0.469 0.332 0.000 0.200
222000 0.469 0.332 0.000 0.200
222500 0.469 0.332 0.000 0.200
223000 0.469 0.332 0.000 0.200
223500 0.469 0.332 0.000 0.200
224000 0.469 0.332 0.000 0.200
224500 0.469 0.332 0.000 0.200
225000 0.469 0.332 0.000 0.200
225500 0.469 0.332 0.000 0.200
226000 0.469 0.332 0.000 0.200
226500 0.469 0.332 0.000 0.200
227000 0.469 0.332 0.000 0.200
227500 0.469 0.332 0.000 0.200
228000 0.469 0.332 0.000 0.200
228500 0.469 0.332 0.000 0.200
229000 0.469 0.332 0.000 0.200
229500 0.469 0.332 0.000 0.200
230000 0.469 0.332 0.000 0.200
230500 0.469 0.332 0.000 0.200
231000 0.469 0.332 0.000 0.200
231500 0.469 0.332 0.000 0.200
232000 0.469 0.332 0.000 0.200
232500 0.469 0.332 0.000 0.200
233000 0.469 0.332 0.000 0.200
233500 0.469 0.332 0.000 0.200
234000 0.469 0.332 0.000 0.200
234500 0.469 0.332 0.000 0.200
235000 0.469 0.332 0.000 0.200
235500 0.469 0.332 0.000 0.200
236000 0.469 0.332 0.000 0.200
236500 0.469 0.332 0.000 0.200
237000 0.469 0.332 0.000 0.200
237500 0.469 0.332 0.000 0.200
238000 0.469 0.332 0.000 0.200
238500 0.469 0.332 0.000 0.200
239000 0.469 0.332 0.000 0.200
239500 0.469 0.332 0.000 0.200
240000 0.469 0.332 0.000 0.200
240500 0.469 0.332 0.000 0.200
241000 0.469 0.332 0.000 0.200
241500 0.469 0.332 0.000 0.200
242000 0.469 0.332 0.000 0.200
242500 0.469 0.332 0.000 0.200
243000 0.469 0.332 0.000 0.200
243500 0.469 0.332 0.000 0.200
244000 0.469 0.332 0.000 0.200
244500 0.469 0.332 0.000 0.200
245000 0.469 0.332 0.000 0.200
245500 0.469 0.332 0.000 0.200
246000 0.469 0.332 0.000 0.200
246500 0.469 0.332 0.000 0.200
247000 0.469 0.332 0.000 0.200
247500 0.469 0.332 0.000 0.200
248000 0.469 0.332 0.000 0.200
248500 0.469 0.332 0.000 0.200
249000 0.469 0.332 0.000 0.200
249500 0.469 0.332 0.000 0.200
250000 0.469 0.332 0.000 0.200
250500 0.469 0.332 0.000 0.200
251000 0.469 0.332 0.000 0.200
251500 0.469 0.332 0.000 0.200
252000 0.469 0.332 0.000 0.200
252500 0.469 0.332 0.000 0.200
253000 0.469 0.332 0.000 0.200
253500 0.469 0.332 0.000 0.200
254000 0.469 0.332 0.000 0.200
254500 0.469 0.332 0.000 0.200
255000 0.469 0.332 0.000 0.200
255500 0.469 0.332 0.000 0.200
256000 0.469 0.332 0.000 0.200
256500 0.469 0.332 0.000 0.200
257000 0.469 0.332 0.000 0.200
257500 0.469 0.332 0.000 0.200
258000 0.469 0.332 0.000 0.200
258500 0.469 0.332 0.000 0.200
259000 0.469 0.332 0.000 0.200
259500 0.469 0.332 0.000 0.200
260000 0.469 0.332 0.000 0.200
260500 0.469 0.332 0.000 0.200
261000 0.469 0.332 0.000 0.200
261500 0.469 0.332 0.000 0.200
262000 0.469 0.332 0.000 0.200
262500 0.469 0.332 0.000 0.200
263000 0.469 0.332 0.000 0.200
263500 0.469 0.332 0.000 0.200
264000 0.469 0.332 0.000 0.200
264500 0.469 0.332 0.000 0.200
265000 0.469 0.332 0.000 0.200
265500 0.469 0.332 0.000 0.200
266000 0.469 0.332 0.000 0.200
266500 0.469 0.332 0.000 0.200
267000 0.469 0.332 0.000 0.200
267500 0.469 0.332 0.000 0.200
268000 0.469 0.332 0.000 0.200
268500 0.469 0.332 0.000 0.200
269000 0.469 0.332 0.000 0.200
269500 0.469 0.332 0.000 0.200
270000 0.469 0.332 0.000 0.200
270500 0.469 0.332 0.000 0.200
271000 0.469 0.332 0.000 0.200
271500 0.469 0.332 0.000 0.200
272000 0.469 0.332 0.000 0.200
272500 0.469 0.332 0.000 0.200
273000 0.469 0.332 0.000 0.200
273500 0.469 0.332 0.000 0.200
274000 0.469 0.332 0.000 0.200
274500 0.469 0.332 0.000 0.200
275000 0.469 0.332 0.000 0.200
275500 0.469 0.332 0.000 0.200
276000 0.469 0.332 0.000 0.200
276500 0.469 0.332 0.000 0.200
277000 0.469 0.332 0.000 0.200
277500 0.469 0.332 0.000 0.200
278000 0.469 0.332 0.000 0.200
278500 0.469 0.332 0.000 0.200
279000 0.469 0.332 0.000 0.200
279500 0.469 0.332 0.000 0.200
280000 0.469 0.332 0.000 0.200
280500 0.469 0.332 0.000 0.200
281000 0.469 0.332 0.000 0.200
281500 0.469 0.332 0.000 0.200
282000 0.469 0.332 0.000 0.200
282500 0.469 0.332 0.000 0.200
283000 0.469 0.332 0.000 0.200
283500 0.469 0.332 0.000 0.200
284000 0.469 0.332 0.000 0.200
284500 0.469 0.332 0.000 0.200
285000 0.469 0.332 0.000 0.200
285500 0.469 0.332 0.000 0.200
286000 0.469 0.332 0.000 0.200
286500 0.469 0.332 0.000 0.200
287000 0.469 0.332 0.000 0.200
287500 0.469 0.332 0.000 0.200
288000 0.469 0.332 0.000 0.200
288500 0.469 0.332 0.000 0.200
289000 0.469 0.332 0.000 0.200
289500 0.469 0.332 0.000 0.200
290000 0.469 0.332 0.000 0.200
290500 0.469 0.332 0.000 0.200
291000 0.469 0.332 0.000 0.200
291500 0.469 0.332 0.000 0.200
292000 0.469 0.332 0.000 0.200
292500 0.469 0.332 0.000 0.200
293000 0.469 0.332 0.000 0.200
293500 0.469 0.332 0.000 0.200
294000 0.469 0.332 0.000 0.200
294500 0.469 0.332 0.000 0.200
295000 0.469 0.332 0.000 0.200
295500 0.469 0.332 0.000 0.200
296000 0.469 0.332 0.000 0.200
296500 0.469 0.332 0.000 0.200
297000 0.469 0.332 0.000 0.200
297500 0.469 0.332 0.000 0.200
298000 0.469 0.332 0.000 0.200
298500 0.469 0.332 0.000 0.200
299000 0.469 0.332 0.000 0.200
299500 0.469 0.332 0.000 0.200
300000 0.469 0.332 0.000 0.200
300500 0.469 0.332 0.000 0.200
301000 0.469 0.332 0.000 0.200
301500 0.469 0.332 0.000 0.200
302000 0.469 0.332 0.000 0.200
302500 0.469 0.332 0.000 0.200
303000 0.469 0.332 0.000 0.200
303500 0.469 0.332 0.000 0.200
304000 0.469 0.332 0.000 0.200
304500 0.469 0.332 0.000 0.200
305000 0.469 0.332 0.000 0.200
305500 0.469 0.332 0.000 0.200
306000 0.469 0.332 0.000 0.200
306500 0.469 0.332 0.000 0.200
307000 0.469 0.332 0.000 0.200
307500 0.469 0.332 0.000 0.200
308000 0.469 0.332 0.000 0.200
308500 0.469 0.332 0.000 0.200
309000 0.469 0.332 0.000 0.200
309500 0.469 0.332 0.000 0.200
310000 0.469 0.332 0.000 0.200
310500 0.469 0.332 0.000 0.200
311000 0.469 0.332 0.000 0.200
311500 0.469 0.332 0.000 0.200
312000 0.469 0.332 0.000 0.200
312500 0.469 0.332 0.000 0.200
313000 0.469 0.332 0.000 0.200
313500 0.469 0.332 0.000 0.200
314000 0.469 0.332 0.000 0.200
314500 0.469 0.332 0.000 0.200
315000 0.469 0.332 0.000 0.200
315500 0.469 0.332 0.000 0.200
316000 0.469 0.332 0.000 0.200
316500 0.469 0.332 0.000 0.200
317000 0.469 0.332 0.000 0.200
317500 0.469 0.332 0.000 0.200
318000 0.469 0.332 0.000 0.200
318500 0.469 0.332 0.000 0.200
319000 0.469 0.332 0.000 0.200
319500 0.469 0.332 0.000 0.200
320000 0.469 0.332 0.000 0.200
320500 0.469 0.332 0.000 0.200
321000 0.469 0.332 0.000 0.200
321500 0.469 0.332 0.000 0.200
322000 0.469 0.332 0.000 0.200
322500 0.469 0.332 0.000 0.200
323000 0.469 0.332 0.000 0.200
323500 0.469 0.332 0.000 0.200
324000 0.469 0.332 0.000 0.200
324500 0.469 0.332 0.000 0.200
325000 0.469 0.332 0.000 0.200
325500 0.469 0.332 0.000 0.200
326000 0.469 0.332 0.000 0.200
326500 0.469 0.332 0.000 0.200
327000 0.469 0.332 0.000 0.200
327500 0.469 0.332 0.000 0.200
328000 0.469 0.332 0.000 0.200
328500 0.469 0.332 0.000 0.200
329000 0.469 0.332 0.000 0.200
329500 0.469 0.332 0.000 0.200
330000 0.469 0.332 0.000 0.200
330500 0.469 0.332 0.000 0.200
331000 0.469 0.332 0.000 0.200
331500 0.469 0.332 0.000 0.200
332000 0.469 0.332 0.000 0.200
332500 0.469 0.332 0.000 0.200
333000 0.469 0.332 0.000 0.200
333500 0.469 0.332 0.000 0.200
334000 0.469 0.332 0.000 0.200
334500 0.469 0.332 0.000 0.200
335000 0.469 0.332 0.000 0.200
335500 0.469 0.332 0.000 0.200
336000 0.469 0.332 0.000 0.200
336500 0.469 0.332 0.000 0.200
337000 0.469 0.332 0.000 0.200
337500 0.469 0.332 0.000 0.200
338000 0.469 0.332 0.000 0.200
338500 0.469 0.332 0.000 0.200
339000 0.469 0.332 0.000 0.200
339500 0.469 0.332 0.000 0.200
340000 0.469 0.332 0.000 0.200
340500 0.469 0.332 0.000 0.200
341000 0.469 0.332 0.000 0.200
341500 0.469 0.332 0.000 0.200
342000 0.469 0.332 0.000 0.200
342500 0.469 0.332 0.000 0.200
343000 0.469 0.332 0.000 0.200
343500 0.469 0.332 0.000 0.200
344000 0.469 0.332 0.000 0.200
344500 0.469 0.332 0.000 0.200
345000 0.469 0.332 0.000 0.200
345500 0.469 0.332 0.000 0.200
346000 0.469 0.332 0.000 0.200
346500 0.469 0.332 0.000 0.200
347000 0.469 0.332 0.000 0.200
347500 0.469 0.332 0.000 0.200
348000 0.469 0.332 0.000 0.200
348500 0.469 0.332 0.000 0.200
349000 0.469 0.332 0.000 0.200
349500 0.469 0.332 0.000 0.200
350000 0.469 0.332 0.000 0.200
350500 0.469 0.332 0.000 0.200
351000 0.469 0.332 0.000 0.200
351500 0.469 0.332 0.000 0.200
352000 0.469 0.332 0.000 0.200
352500 0.469 0.332 0.000 0.200
353000 0.469 0.332 0.000 0.200
353500 0.469 0.332 0.000 0.200
354000 0.469 0.332 0.000 0.200
354500 0.469 0.332 0.000 0.200
355000 0.469 0.332 0.000 0.200
355500 0.469 0.332 0.000 0.200
356000 0.469 0.332 0.000 0.200
356500 0.469 0.332 0.000 0.200
357000 0.469 0.332 0.000 0.200
357500 0.469 0.332 0.000 0.200
358000 0.469 0.332 0.000 0.200
358500 0.469 0.332 0.000 0.200
359000 0.469 0.332 0.000 0.200
359500 0.469 0.332 0.000 0.200
360000 0.469 0.332 0.000 0.200
360500 0.469 0.332 0.000 0.200
361000 0.469 0.332 0.000 0.200
361500 0.469 0.332 0.000 0.200
362000 0.469 0.332 0.000 0.200
362500 0.469 0.332 0.000 0.200
363000 0.469 0.332 0.000 0.200
363500 0.469 0.332 0.000 0.200
364000 0.469 0.332 0.000 0.200
364500 0.469 0.332 0.000 0.200
365000 0.469 0.332 0.000 0.200
365500 0.469 0.332 0.000 0.200
366000 0.469 0.332 0.000 0.200
366500 0.469 0.332 0.000 0.200
367000 0.469 0.332 0.000 0.200
367500 0.469 0.332 0.000 0.200
368000 0.469 0.332 0.000 0.200
368500 0.469 0.332 0.000 0.200
369000 0.469 0.332 0.000 0.200
369500 0.469 0.332 0.000 0.200
370000 0.469 0.332 0.000 0.200
370500 0.469 0.332 0.000 0.200
371000 0.469 0.332 0.000 0.200
371500 0.469 0.332 0.000 0.200
372000 0.469 0.332 0.000 0.200
372500 0.469 0.332 0.000 0.200
373000 0.469 0.332 0.000 0.200
373500 0.469 0.332 0.000 0.200
374000 0.469 0.332 0.000 0.200
374500 0.469 0.332 0.000 0.200
375000 0.469 0.332 0.000 0.200
375500 0.469 0.332 0.000 0.200
376000 0.469 0.332 0.000 0.200
376500 0.469 0.332 0.000 0.200
377000 0.469 0.332 0.000 0.200
377500 0.469 0.332 0.000 0.200
378000 0.469 0.332 0.000 0.200
378500 0.469 0.332 0.000 0.200
379000 0.469 0.332 0.000 0.200
379500 0.469 0.332 0.000 0.200
380000 0.469 0.332 0.000 0.200
380500 0.469 0.332 0.000 0.200
381000 0.469 0.332 0.000 0.200
381500 0.469 0.332 0.000 0.200
382000 0.469 0.332 0.000 0.200
382500 0.469 0.332 0.000 0.200
383000 0.469 0.332 0.000 0.200
383500 0.469 0.332 0.000 0.200
384000 0.469 0.332 0.000 0.200
384500 0.469 0.332 0.000 0.200
385000 0.469 0.332 0.000 0.200
385500 0.469 0.332 0.000 0.200
386000 0.469 0.332 0.000 0.200
386500 0.469 0.332 0.000 0.200
387000 0.469 0.332 0.000 0.200
387500 0.469 0.332 0.000 0.200
388000 0.469 0.332 0.000 0.200
388500 0.469 0.332 0.000 0.200
389000 0.469 0.332 0.000 0.200
389500 0.469 0.332 0.000 0.200
390000 0.469 0.332 0.000 0.200
390500 0.469 0.332 0.000 0.200
391000 0.469 0.332 0.000 0.200
391500 0.469 0.332 0.000 0.200
392000 0.469 0.332 0.000 0.200
392500 0.469 0.332 0.000 0.200
393000 0.469 0.332 0.000 0.200
393500 0.469 0.332 0.000 0.200
394000 0.469 0.332 0.000 0.200
394500 0.469 0.332 0.000 0.200
395000 0.469 0.332 0.000 0.200
395500 0.469 0.332 0.000 0.200
396000 0.469 0.332 0.000 0.200
396500 0.469 0.332 0.000 0.200
397000 0.469 0.332 0.000 0.200
397500 0.469 0.332 0.000 0.200
398000 0.469 0.332 0.000 0.200
398500 0.469 0.332 0.000 0.200
399000 0.469 0.332 0.000 0.200
399500 0.469 0.332 0.000 0.200
400000 0.469 0.332 0.000 0.200
400500 0.469 0.332 0.000 0.200
401000 0.469 0.332 0.000 0.200
401500 0.469 0.332 0.000 0.200
402000 0.469 0.332 0.000 0.200
402500 0.469 0.332 0.000 0.200
403000 0.469 0.332 0.000 0.200
403500 0.469 0.332 0.000 0.200
404000 0.469 0.332 0.000 0.200
404500 0.469 0.332 0.000 0.200
405000 0.469 0.332 0.000 0.200
405500 0.469 0.332 0.000 0.200
406000 0.469 0.332 0.000 0.200
406500 0.469 0.332 0.000 0.200
407000 0.469 0.332 0.000 0.200
407500 0.469 0.332 0.000 0.200
408000 0.469 0.332 0.000 0.200
408500 0.469 0.332 0.000 0.200
409000 0.469 0.332 0.000 0.200
409500 0.469 0.332 0.000 0.200
410000 0.469 0.332 0.000 0.200
410500 0.469 0.332 0.000 0.200
411000 0.469 0.332 0.000 0.200
411500 0.469 0.332 0.000 0.200
412000 0.469 0.332 0.000 0.200
412500 0.469 0.332 0.000 0.200
413000 0.469 0.332 0.000 0.200
413500 0.469 0.332 0.000 0.200
414000 0.469 0.332 0.000 0.200
414500 0.469 0.332 0.000 0.200
415000 0.469 0.332 0.000 0.200
415500 0.469 0.332 0.000 0.200
416000 0.469 0.332 0.000 0.200
416500 0.469 0.332 0.000 0.200
417000 0.469 0.332 0.000 0.200
417500 0.469 0.332 0.000 0.200
418000 0.469 0.332 0.000 0.200
418500 0.469 0.332 0.000 0.200
419000 0.469 0.332 0.000 0.200
419500 0.469 0.332 0.000 0.200
420000 0.469 0.332 0.000 0.200
420500 0.469 0.332 0.000 0.200
421000 0.469 0.332 0.000 0.200
421500 0.469 0.332 0.000 0.200
422000 0.469 0.332 0.000 0.200
422500 0.469 0.332 0.000 0.200
423000 0.469 0.332 0.000 0.200
423500 0.469 0.332 0.000 0.200
424000 0.469 0.332 0.000 0.200
424500 0.469 0.332 0.000 0.200
425000 0.469 0.332 0.000 0.200
425500 0.469 0.332 0.000 0.200
426000 0.469 0.332 0.000 0.200
426500 0.469 0.332 0.000 0.200
427000 0.469 0.332 0.000 0.200
427500 0.469 0.332 0.000 0.200
428000 0.469 0.332 0.000 0.200
428500 0.469 0.332 0.000 0.200
429000 0.469 0.332 0.000 0.200
429500 0.469 0.332 0.000 0.200
430000 0.469 0.332 0.000 0.200
430500 0.469 0.332 0.000 0.200
431000 0.469 0.332 0.000 0.200
431500 0.469 0.332 0.000 0.200
432000 0.469 0.332 0.000 0.200
432500 0.469 0.332 0.000 0.200
433000 0.469 0.332 0.000 0.200
433500 0.469 0.332 0.000 0.200
434000 0.469 0.332 0.000 0.200
434500 0.469 0.332 0.000 0.200
435000 0.469 0.332 0.000 0.200
435500 0.469 0.332 0.000 0.200
436000 0.469 0.332 0.000 0.200
436500 0.469 0.332 0.000 0.200
437000 0.469 0.332 0.000 0.200
437500 0.469 0.332 0.000 0.200
438000 0.469 0.332 0.000 0.200
438500 0.469 0.332 0.000 0.200
439000 0.469 0.332 0.000 0.200
439500 0.469 0.332 0.000 0.200
440000 0.469 0.332 0.000 0.200
440500 0.469 0.332 0.000 0.200
441000 0.469 0.332 0.000 0.200
441500 0.469 0.332 0.000 0.200
442000 0.469 0.332 0.000 0.200
442500 0.469 0.332 0.000 0.200
443000 0.469 0.332 0.000 0.200
443500 0.469 0.332 0.000 0.200
444000 0.469 0.332 0.000 0.200
444500 0.469 0.332 0.000 0.200
445000 0.469 0.332 0.000 0.200
445500 0.469 0.332 0.000 0.200
446000 0.469 0.332 0.000 0.200
446500 0.469 0.332 0.000 0.200
447000 0.469 0.332 0.000 0.200
447500 0.469 0.332 0.000 0.200
448000 0.469 0.332 0.000 0.200
448500 0.469 0.332 0.000 0.200
449000 0.469 0.332 0.000 0.200
449500 0.469 0.332 0.000 0.200
450000 0.469 0.332 0.000 0.200
450500 0.469 0.332 0.000 0.200
451000 0.469 0.332 0.000 0.200
451500 0.469 0.332 0.000 0.200
452000 0.469 0.332 0.000 0.200
452500 0.469 0.332 0.000 0.200
453000 0.469 0.332 0.000 0.200
453500 0.469 0.332 0.000 0.200
454000 0.469 0.332 0.000 0.200
454500 0.469 0.332 0.000 0.200
455000 0.469 0.332 0.000 0.200
455500 0.469 0.332 0.000 0.200
456000 0.469 0.332 0.000 0.200
456500 0.469 0.332 0.000 0.200
457000 0.469 0.332 0.000 0.200
457500 0.469 0.332 0.000 0.200
458000 0.469 0.332 0.000 0.200
458500 0.469 0.332 0.000 0.200
459000 0.469 0.332 0.000 0.200
459500 0.469 0.332 0.000 0.200
460000 0.469 0.332 0.000 0.200
460500 0.469 0.332 0.000 0.200
461000 0.469 0.332 0.000 0.200
461500 0.469 0.332 0.000 0.200
462000 0.469 0.332 0.000 0.200
462500 0.469 0.332 0.000 0.200
463000 0.469 0.332 0.000 0.200
463500 0.469 0.332 0.000 0.200
464000 0.469 0.332 0.000 0.200
464500 0.469 0.332 0.000 0.200
465000 0.469 0.332 0.000 0.200
465500 0.469 0.332 0.000 0.200
466000 0.469 0.332 0.000 0.200
466500 0.469 0.332 0.000 0.200
467000 0.469 0.332 0.000 0.200
467500 0.469 0.332 0.000 0.200
468000 0.469 0.332 0.000 0.200
468500 0.469 0.332 0.000 0.200
469000 0.469 0.332 0.000 0.200
469500 0.469 0.332 0.000 0.200
470000 0.469 0.332 0.000 0.200
470500 0.469 0.332 0.000 0.200
471000 0.469 0.332 0.000 0.200
471500 0.469 0.332 0.000 0.200
472000 0.469 0.332 0.000 0.200
472500 0.469 0.332 0.000 0.200
473000 0.469 0.332 0.000 0.200
473500 0.469 0.332 0.000 0.200
474000 0.469 0.332 0.000 0.200
474500 0.469 0.332 0.000 0.200
475000 0.469 0.332 0.000 0.200
475500 0.469 0.332 0.000 0.200
476000 0.469 0.332 0.000 0.200
476500 0.469 0.332 0.000 0.200
477000 0.469 0.332 0.000 0.200
477500 0.469 0.332 0.000 0.200
478000 0.469 0.332 0.000 0.200
478500 0.469 0.332 0.000 0.200
479000 0.469 0.332 0.000 0.200
479500 0.469 0.332 0.000 0.200
480000 0.469 0.332 0.000 0.200
480500 0.469 0.332 0.000 0.200
481000 0.469 0.332 0.000 0.200
481500 0.469 0.332 0.000 0.200
482000 0.469 0.332 0.000 0.200
482500 0.469 0.332 0.000 0.200
483000 0.469 0.332 0.000 0.200
483500 0.469 0.332 0.000 0.200
484000 0.469 0.332 0.000 0.200
484500 0.469 0.332 0.000 0.200
485000 0.469 0.332 0.000 0.200
485500 0.469 0.332 0.000 0.200
486000 0.469 0.332 0.000 0.200
486500 0.469 0.332 0.000 0.200
487000 0.469 0.332 0.000 0.200
487500 0.469 0.332 0.000 0.200
488000 0.469 0.332 0.000 0.200
488500 0.469 0.332 0.000 0.200
489000 0.469 0.332 0.000 0.200
489500 0.469 0.332 0.000 0.200
490000 0.469 0.332 0.000 0.200
490500 0.469 0.332 0.000 0.200
491000 0.469 0.332 0.000 0.200
491500 0.469 0.332 0.000 0.200
492000 0.469 0.332 0.000 0.200
492500 0.469 0.332 0.000 0.200
493000 0.469 0.332 0.000 0.200
493500 0.469 0.332 0.000 0.200
494000 0.469 0.332 0.000 0.200
494500 0.469 0.332 0.000 0.200
495000 0.469 0.332 0.000 0.200
495500 0.469 0.332 0.000 0.200
496000 0.469 0.332 0.000 0.200
496500 0.469 0.332 0.000 0.200
497000 0.469 0.332 0.000 0.200
497500 0.469 0.332 0.000 0.200
498000 0.469 0.332 0.000 0.200
498500 0.469 0.332 0.000 0.200
499000 0.469 0.332 0.000 0.200
499500 0.469 0.332 0.000 0.200
500000 0.469 0.332 0.000 0.200
