000000 0.250 0.250 0.250 0.250
000500 0.018 0.698 0.000 0.284
001000 0.018 0.706 0.000 0.276
001500 0.018 0.709 0.000 0.272
002000 0.018 0.715 0.000 0.267
002500 0.018 0.718 0.000 0.263
003000 0.018 0.722 0.000 0.260
003500 0.018 0.725 0.000 0.257
004000 0.018 0.731 0.000 0.250
004500 0.018 0.736 0.000 0.245
005000 0.018 0.740 0.000 0.241
005500 0.018 0.743 0.000 0.239
006000 0.018 0.747 0.000 0.235
006500 0.018 0.750 0.000 0.232
007000 0.018 0.752 0.000 0.230
007500 0.018 0.756 0.000 0.225
008000 0.018 0.758 0.000 0.224
008500 0.018 0.760 0.000 0.222
009000 0.018 0.764 0.000 0.218
009500 0.018 0.765 0.000 0.216
010000 0.018 0.767 0.000 0.215
010500 0.018 0.768 0.000 0.214
011000 0.018 0.770 0.000 0.212
011500 0.018 0.774 0.000 0.208
012000 0.018 0.775 0.000 0.206
012500 0.018 0.777 0.000 0.205
013000 0.018 0.778 0.000 0.204
013500 0.018 0.780 0.000 0.201
014000 0.018 0.781 0.000 0.200
014500 0.018 0.783 0.000 0.199
015000 0.018 0.784 0.000 0.197
015500 0.018 0.786 0.000 0.196
016000 0.018 0.788 0.000 0.194
016500 0.018 0.789 0.000 0.193
017000 0.018 0.792 0.000 0.190
017500 0.018 0.793 0.000 0.189
018000 0.018 0.794 0.000 0.188
018500 0.018 0.796 0.000 0.185
019000 0.018 0.799 0.000 0.183
019500 0.018 0.799 0.000 0.182
020000 0.018 0.801 0.000 0.181
020500 0.018 0.801 0.000 0.180
021000 0.018 0.802 0.000 0.180
021500 0.018 0.804 0.000 0.178
022000 0.018 0.804 0.000 0.177
022500 0.018 0.806 0.000 0.176
023000 0.018 0.808 0.000 0.174
023500 0.018 0.809 0.000 0.173
024000 0.018 0.809 0.000 0.172
024500 0.018 0.811 0.000 0.171
025000 0.018 0.812 0.000 0.170
025500 0.018 0.813 0.000 0.168
026000 0.018 0.814 0.000 0.167
026500 0.018 0.813 0.000 0.168
027000 0.018 0.814 0.000 0.168
027500 0.018 0.815 0.000 0.167
028000 0.018 0.816 0.000 0.165
028500 0.018 0.817 0.000 0.165
029000 0.018 0.818 0.000 0.164
029500 0.018 0.818 0.000 0.164
030000 0.018 0.819 0.000 0.163
030500 0.018 0.820 0.000 0.162
031000 0.018 0.821 0.000 0.161
031500 0.018 0.821 0.000 0.160
032000 0.018 0.822 0.000 0.160
032500 0.018 0.823 0.000 0.159
033000 0.018 0.824 0.000 0.158
033500 0.018 0.825 0.000 0.156
034000 0.018 0.826 0.000 0.156
034500 0.018 0.827 0.000 0.155
035000 0.018 0.828 0.000 0.154
035500 0.018 0.827 0.000 0.154
036000 0.018 0.828 0.000 0.154
036500 0.018 0.828 0.000 0.154
037000 0.018 0.828 0.000 0.154
037500 0.018 0.828 0.000 0.154
038000 0.018 0.828 0.000 0.154
038500 0.018 0.828 0.000 0.154
039000 0.018 0.828 0.000 0.154
039500 0.018 0.828 0.000 0.154
040000 0.018 0.828 0.000 0.154
040500 0.018 0.828 0.000 0.154
041000 0.018 0.828 0.000 0.154
041500 0.018 0.828 0.000 0.154
042000 0.018 0.828 0.000 0.154
042500 0.018 0.828 0.000 0.154
043000 0.018 0.828 0.000 0.154
043500 0.018 0.828 0.000 0.154
044000 0.018 0.828 0.000 0.154
044500 0.018 0.828 0.000 0.154
045000 0.018 0.828 0.000 0.154
045500 0.018 0.828 0.000 0.154
046000 0.018 0.828 0.000 0.154
046500 0.018 0.828 0.000 0.154
047000 0.018 0.828 0.000 0.154
047500 0.018 0.828 0.000 0.154
048000 0.018 0.828 0.000 0.154
048500 0.018 0.828 0.000 0.154
049000 0.018 0.828 0.000 0.154
049500 0.018 0.828 0.000 0.154
050000 0.018 0.828 0.000 0.154
050500 0.018 0.828 0.000 0.154
051000 0.018 0.828 0.000 0.154
051500 0.018 0.828 0.000 0.154
052000 0.018 0.828 0.000 0.154
052500 0.018 0.828 0.000 0.154
053000 0.018 0.828 0.000 0.154
053500 0.018 0.828 0.000 0.154
054000 0.018 0.828 0.000 0.154
054500 0.018 0.828 0.000 0.154
055000 0.018 0.828 0.000 0.154
055500 0.018 0.828 0.000 0.154
056000 0.018 0.828 0.000 0.154
056500 0.018 0.828 0.000 0.154
057000 0.018 0.828 0.000 0.154
057500 0.018 0.828 0.000 0.154
058000 0.018 0.828 0.000 0.154
058500 0.018 0.828 0.000 0.154
059000 0.018 0.828 0.000 0.154
059500 0.018 0.828 0.000 0.154
060000 0.018 0.828 0.000 0.154
060500 0.018 0.828 0.000 0.154
061000 0.018 0.828 0.000 0.154
061500 0.018 0.828 0.000 0.154
062000 0.018 0.828 0.000 0.154
062500 0.018 0.828 0.000 0.154
063000 0.018 0.828 0.000 0.154
063500 0.018 0.828 0.000 0.154
064000 0.018 0.828 0.000 0.154
064500 0.018 0.828 0.000 0.154
065000 0.018 0.828 0.000 0.154
065500 0.018 0.828 0.000 0.154
066000 0.018 0.828 0.000 0.154
066500 0.018 0.828 0.000 0.154
067000 0.018 0.828 0.000 0.154
067500 0.018 0.828 0.000 0.154
068000 0.018 0.828 0.000 0.154
068500 0.018 0.828 0.000 0.154
069000 0.018 0.828 0.000 0.154
069500 0.018 0.828 0.000 0.154
070000 0.018 0.828 0.000 0.154
070500 0.018 0.828 0.000 0.154
071000 0.018 0.828 0.000 0.154
071500 0.018 0.828 0.000 0.154
072000 0.018 0.828 0.000 0.154
072500 0.018 0.828 0.000 0.154
073000 0.018 0.828 0.000 0.154
073500 0.018 0.828 0.000 0.154
074000 0.018 0.828 0.000 0.154
074500 0.018 0.828 0.000 0.154
075000 0.018 0.828 0.000 0.154
075500 0.018 0.828 0.000 0.154
076000 0.018 0.828 0.000 0.154
076500 0.018 0.828 0.000 0.154
077000 0.018 0.828 0.000 0.154
077500 0.018 0.828 0.000 0.154
078000 0.018 0.828 0.000 0.154
078500 0.018 0.828 0.000 0.154
079000 0.018 0.828 0.000 0.154
079500 0.018 0.828 0.000 0.154
080000 0.018 0.828 0.000 0.154
080500 0.018 0.828 0.000 0.154
081000 0.018 0.828 0.000 0.154
081500 0.018 0.828 0.000 0.154
082000 0.018 0.828 0.000 0.154
082500 0.018 0.828 0.000 0.154
083000 0.018 0.828 0.000 0.154
083500 0.018 0.828 0.000 0.154
084000 0.018 0.828 0.000 0.154
084500 0.018 0.828 0.000 0.154
085000 0.018 0.828 0.000 0.154
085500 0.018 0.828 0.000 0.154
086000 0.018 0.828 0.000 0.154
086500 0.018 0.828 0.000 0.154
087000 0.018 0.828 0.000 0.154
087500 0.018 0.828 0.000 0.154
088000 0.018 0.828 0.000 0.154
088500 0.018 0.828 0.000 0.154
089000 0.018 0.828 0.000 0.154
089500 0.018 0.828 0.000 0.154
090000 0.018 0.828 0.000 0.154
090500 0.018 0.828 0.000 0.154
091000 0.018 0.828 0.000 0.154
091500 0.018 0.828 0.000 0.154
092000 0.018 0.828 0.000 0.154
092500 0.018 0.828 0.000 0.154
093000 0.018 0.828 0.000 0.154
093500 0.018 0.828 0.000 0.154
094000 0.018 0.828 0.000 0.154
094500 0.018 0.828 0.000 0.154
095000 0.018 0.828 0.000 0.154
095500 0.018 0.828 0.000 0.154
096000 0.018 0.828 0.000 0.154
096500 0.018 0.828 0.000 0.154
097000 0.018 0.828 0.000 0.154
097500 0.018 0.828 0.000 0.154
098000 0.018 0.828 0.000 0.154
098500 0.018 0.828 0.000 0.154
099000 0.018 0.828 0.000 0.154
099500 0.018 0.828 0.000 0.154
100000 0.018 0.828 0.000 0.154
100500 0.018 0.828 0.000 0.154
101000 0.018 0.828 0.000 0.154
101500 0.018 0.828 0.000 0.154
102000 0.018 0.828 0.000 0.154
102500 0.018 0.828 0.000 0.154
103000 0.018 0.828 0.000 0.154
103500 0.018 0.828 0.000 0.154
104000 0.018 0.828 0.000 0.154
104500 0.018 0.828 0.000 0.154
105000 0.018 0.828 0.000 0.154
105500 0.018 0.828 0.000 0.154
106000 0.018 0.828 0.000 0.154
106500 0.018 0.828 0.000 0.154
107000 0.018 0.828 0.000 0.154
107500 0.018 0.828 0.000 0.154
108000 0.018 0.828 0.000 0.154
108500 0.018 0.828 0.000 0.154
109000 0.018 0.828 0.000 0.154
109500 0.018 0.828 0.000 0.154
110000 0.018 0.828 0.000 0.154
110500 0.018 0.828 0.000 0.154
111000 0.018 0.828 0.000 0.154
111500 0.018 0.828 0.000 0.154
112000 0.018 0.828 0.000 0.154
112500 0.018 0.828 0.000 0.154
113000 0.018 0.828 0.000 0.154
113500 0.018 0.828 0.000 0.154
114000 0.018 0.828 0.000 0.154
114500 0.018 0.828 0.000 0.154
115000 0.018 0.828 0.000 0.154
115500 0.018 0.828 0.000 0.154
116000 0.018 0.828 0.000 0.154
116500 0.018 0.828 0.000 0.154
117000 0.018 0.828 0.000 0.154
117500 0.018 0.828 0.000 0.154
118000 0.018 0.828 0.000 0.154
118500 0.018 0.828 0.000 0.154
119000 0.018 0.828 0.000 0.154
119500 0.018 0.828 0.000 0.154
120000 0.018 0.828 0.000 0.154
120500 0.018 0.828 0.000 0.154
121000 0.018 0.828 0.000 0.154
121500 0.018 0.828 0.000 0.154
122000 0.018 0.828 0.000 0.154
122500 0.018 0.828 0.000 0.154
123000 0.018 0.828 0.000 0.154
123500 0.018 0.828 0.000 0.154
124000 0.018 0.828 0.000 0.154
124500 0.018 0.828 0.000 0.154
125000 0.018 0.828 0.000 0.154
125500 0.018 0.828 0.000 0.154
126000 0.018 0.828 0.000 0.154
126500 0.018 0.828 0.000 0.154
127000 0.018 0.828 0.000 0.154
127500 0.018 0.828 0.000 0.154
128000 0.018 0.828 0.000 0.154
128500 0.018 0.828 0.000 0.154
129000 0.018 0.828 0.000 0.154
129500 0.018 0.828 0.000 0.154
130000 0.018 0.828 0.000 0.154
130500 0.018 0.828 0.000 0.154
131000 0.018 0.828 0.000 0.154
131500 0.018 0.828 0.000 0.154
132000 0.018 0.828 0.000 0.154
132500 0.018 0.828 0.000 0.154
133000 0.018 0.828 0.000 0.154
133500 0.018 0.828 0.000 0.154
134000 0.018 0.828 0.000 0.154
134500 0.018 0.828 0.000 0.154
135000 0.018 0.828 0.000 0.154
135500 0.018 0.828 0.000 0.154
136000 0.018 0.828 0.000 0.154
136500 0.018 0.828 0.000 0.154
137000 0.018 0.828 0.000 0.154
137500 0.018 0.828 0.000 0.154
138000 0.018 0.828 0.000 0.154
138500 0.018 0.828 0.000 0.154
139000 0.018 0.828 0.000 0.154
139500 0.018 0.828 0.000 0.154
140000 0.018 0.828 0.000 0.154
140500 0.018 0.828 0.000 0.154
141000 0.018 0.828 0.000 0.154
141500 0.018 0.828 0.000 0.154
142000 0.018 0.828 0.000 0.154
142500 0.018 0.828 0.000 0.154
143000 0.018 0.828 0.000 0.154
143500 0.018 0.828 0.000 0.154
144000 0.018 0.828 0.000 0.154
144500 0.018 0.828 0.000 0.154
145000 0.018 0.828 0.000 0.154
145500 0.018 0.828 0.000 0.154
146000 0.018 0.828 0.000 0.154
146500 0.018 0.828 0.000 0.154
147000 0.018 0.828 0.000 0.154
147500 0.018 0.828 0.000 0.154
148000 0.018 0.828 0.000 0.154
148500 0.018 0.828 0.000 0.154
149000 0.018 0.828 0.000 0.154
149500 0.018 0.828 0.000 0.154
150000 0.018 0.828 0.000 0.154
150500 0.018 0.828 0.000 0.154
151000 0.018 0.828 0.000 0.154
151500 0.018 0.828 0.000 0.154
152000 0.018 0.828 0.000 0.154
152500 0.018 0.828 0.000 0.154
153000 0.018 0.828 0.000 0.154
153500 0.018 0.828 0.000 0.154
154000 0.018 0.828 0.000 0.154
154500 0.018 0.828 0.000 0.154
155000 0.018 0.828 0.000 0.154
155500 0.018 0.828 0.000 0.154
156000 0.018 0.828 0.000 0.154
156500 0.018 0.828 0.000 0.154
157000 0.018 0.828 0.000 0.154
157500 0.018 0.828 0.000 0.154
158000 0.018 0.828 0.000 0.154
158500 0.018 0.828 0.000 0.154
159000 0.018 0.828 0.000 0.154
159500 0.018 0.828 0.000 0.154
160000 0.018 0.828 0.000 0.154
160500 0.018 0.828 0.000 0.154
161000 0.018 0.828 0.000 0.154
161500 0.018 0.828 0.000 0.154
162000 0.018 0.828 0.000 0.154
162500 0.018 0.828 0.000 0.154
163000 0.018 0.828 0.000 0.154
163500 0.018 0.828 0.000 0.154
164000 0.018 0.828 0.000 0.154
164500 0.018 0.828 0.000 0.154
165000 0.018 0.828 0.000 0.154
165500 0.018 0.828 0.000 0.154
166000 0.018 0.828 0.000 0.154
166500 0.018 0.828 0.000 0.154
167000 0.018 0.828 0.000 0.154
167500 0.018 0.828 0.000 0.154
168000 0.018 0.828 0.000 0.154
168500 0.018 0.828 0.000 0.154
169000 0.018 0.828 0.000 0.154
169500 0.018 0.828 0.000 0.154
170000 0.018 0.828 0.000 0.154
170500 0.018 0.828 0.000 0.154
171000 0.018 0.828 0.000 0.154
171500 0.018 0.828 0.000 0.154
172000 0.018 0.828 0.000 0.154
172500 0.018 0.828 0.000 0.154
173000 0.018 0.828 0.000 0.154
173500 0.018 0.828 0.000 0.154
174000 0.018 0.828 0.000 0.154
174500 0.018 0.828 0.000 0.154
175000 0.018 0.828 0.000 0.154
175500 0.018 0.828 0.000 0.154
176000 0.018 0.828 0.000 0.154
176500 0.018 0.828 0.000 0.154
177000 0.018 0.828 0.000 0.154
177500 0.018 0.828 0.000 0.154
178000 0.018 0.828 0.000 0.154
178500 0.018 0.828 0.000 0.154
179000 0.018 0.828 0.000 0.154
179500 0.018 0.828 0.000 0.154
180000 0.018 0.828 0.000 0.154
180500 0.018 0.828 0.000 0.154
181000 0.018 0.828 0.000 0.154
181500 0.018 0.828 0.000 0.154
182000 0.018 0.828 0.000 0.154
182500 0.018 0.828 0.000 0.154
183000 0.018 0.828 0.000 0.154
183500 0.018 0.828 0.000 0.154
184000 0.018 0.828 0.000 0.154
184500 0.018 0.828 0.000 0.154
185000 0.018 0.828 0.000 0.154
185500 0.018 0.828 0.000 0.154
186000 0.018 0.828 0.000 0.154
186500 0.018 0.828 0.000 0.154
187000 0.018 0.828 0.000 0.154
187500 0.018 0.828 0.000 0.154
188000 0.018 0.828 0.000 0.154
188500 0.018 0.828 0.000 0.154
189000 0.018 0.828 0.000 0.154
189500 0.018 0.828 0.000 0.154
190000 0.018 0.828 0.000 0.154
190500 0.018 0.828 0.000 0.154
191000 0.018 0.828 0.000 0.154
191500 0.018 0.828 0.000 0.154
192000 0.018 0.828 0.000 0.154
192500 0.018 0.828 0.000 0.154
193000 0.018 0.828 0.000 0.154
193500 0.018 0.828 0.000 0.154
194000 0.018 0.828 0.000 0.154
194500 0.018 0.828 0.000 0.154
195000 0.018 0.828 0.000 0.154
195500 0.018 0.828 0.000 0.154
196000 0.018 0.828 0.000 0.154
196500 0.018 0.828 0.000 0.154
197000 0.018 0.828 0.000 0.154
197500 0.018 0.828 0.000 0.154
198000 0.018 0.828 0.000 0.154
198500 0.018 0.828 0.000 0.154
199000 0.018 0.828 0.000 0.154
199500 0.018 0.828 0.000 0.154
200000 0.018 0.828 0.000 0.154
200500 0.018 0.828 0.000 0.154
201000 0.018 0.828 0.000 0.154
201500 0.018 0.828 0.000 0.154
202000 0.018 0.828 0.000 0.154
202500 0.018 0.828 0.000 0.154
203000 0.018 0.828 0.000 0.154
203500 0.018 0.828 0.000 0.154
204000 0.018 0.828 0.000 0.154
204500 0.018 0.828 0.000 0.154
205000 0.018 0.828 0.000 0.154
205500 0.018 0.828 0.000 0.154
206000 0.018 0.828 0.000 0.154
206500 0.018 0.828 0.000 0.154
207000 0.018 0.828 0.000 0.154
207500 0.018 0.828 0.000 0.154
208000 0.018 0.828 0.000 0.154
208500 0.018 0.828 0.000 0.154
209000 0.018 0.828 0.000 0.154
209500 0.018 0.828 0.000 0.154
210000 0.018 0.828 0.000 0.154
210500 0.018 0.828 0.000 0.154
211000 0.018 0.828 0.000 0.154
211500 0.018 0.828 0.000 0.154
212000 0.018 0.828 0.000 0.154
212500 0.018 0.828 0.000 0.154
213000 0.018 0.828 0.000 0.154
213500 0.018 0.828 0.000 0.154
214000 0.018 0.828 0.000 0.154
214500 0.018 0.828 0.000 0.154
215000 0.018 0.828 0.000 0.154
215500 0.018 0.828 0.000 0.154
216000 0.018 0.828 0.000 0.154
216500 0.018 0.828 0.000 0.154
217000 0.018 0.828 0.000 0.154
217500 0.018 0.828 0.000 0.154
218000 0.018 0.828 0.000 0.154
218500 0.018 0.828 0.000 0.154
219000 0.018 0.828 0.000 0.154
219500 0.018 0.828 0.000 0.154
220000 0.018 0.828 0.000 0.154
220500 0.018 0.828 0.000 0.154
221000 0.018 0.828 0.000 0.154
221500 0.018 0.828 0.000 0.154
222000 0.018 0.828 0.000 0.154
222500 0.018 0.828 0.000 0.154
223000 0.018 0.828 0.000 0.154
223500 0.018 0.828 0.000 0.154
224000 0.018 0.828 0.000 0.154
224500 0.018 0.828 0.000 0.154
225000 0.018 0.828 0.000 0.154
225500 0.018 0.828 0.000 0.154
226000 0.018 0.828 0.000 0.154
226500 0.018 0.828 0.000 0.154
227000 0.018 0.828 0.000 0.154
227500 0.018 0.828 0.000 0.154
228000 0.018 0.828 0.000 0.154
228500 0.018 0.828 0.000 0.154
229000 0.018 0.828 0.000 0.154
229500 0.018 0.828 0.000 0.154
230000 0.018 0.828 0.000 0.154
230500 0.018 0.828 0.000 0.154
231000 0.018 0.828 0.000 0.154
231500 0.018 0.828 0.000 0.154
232000 0.018 0.828 0.000 0.154
232500 0.018 0.828 0.000 0.154
233000 0.018 0.828 0.000 0.154
233500 0.018 0.828 0.000 0.154
234000 0.018 0.828 0.000 0.154
234500 0.018 0.828 0.000 0.154
235000 0.018 0.828 0.000 0.154
235500 0.018 0.828 0.000 0.154
236000 0.018 0.828 0.000 0.154
236500 0.018 0.828 0.000 0.154
237000 0.018 0.828 0.000 0.154
237500 0.018 0.828 0.000 0.154
238000 0.018 0.828 0.000 0.154
238500 0.018 0.828 0.000 0.154
239000 0.018 0.828 0.000 0.154
239500 0.018 0.828 0.000 0.154
240000 0.018 0.828 0.000 0.154
240500 0.018 0.828 0.000 0.154
241000 0.018 0.828 0.000 0.154
241500 0.018 0.828 0.000 0.154
242000 0.018 0.828 0.000 0.154
242500 0.018 0.828 0.000 0.154
243000 0.018 0.828 0.000 0.154
243500 0.018 0.828 0.000 0.154
244000 0.018 0.828 0.000 0.154
244500 0.018 0.828 0.000 0.154
245000 0.018 0.828 0.000 0.154
245500 0.018 0.828 0.000 0.154
246000 0.018 0.828 0.000 0.154
246500 0.018 0.828 0.000 0.154
247000 0.018 0.828 0.000 0.154
247500 0.018 0.828 0.000 0.154
248000 0.018 0.828 0.000 0.154
248500 0.018 0.828 0.000 0.154
249000 0.018 0.828 0.000 0.154
249500 0.018 0.828 0.000 0.154
250000 0.018 0.828 0.000 0.154
250500 0.018 0.828 0.000 0.154
251000 0.018 0.828 0.000 0.154
251500 0.018 0.828 0.000 0.154
252000 0.018 0.828 0.000 0.154
252500 0.018 0.828 0.000 0.154
253000 0.018 0.828 0.000 0.154
253500 0.018 0.828 0.000 0.154
254000 0.018 0.828 0.000 0.154
254500 0.018 0.828 0.000 0.154
255000 0.018 0.828 0.000 0.154
255500 0.018 0.828 0.000 0.154
256000 0.018 0.828 0.000 0.154
256500 0.018 0.828 0.000 0.154
257000 0.018 0.828 0.000 0.154
257500 0.018 0.828 0.000 0.154
258000 0.018 0.828 0.000 0.154
258500 0.018 0.828 0.000 0.154
259000 0.018 0.828 0.000 0.154
259500 0.018 0.828 0.000 0.154
260000 0.018 0.828 0.000 0.154
260500 0.018 0.828 0.000 0.154
261000 0.018 0.828 0.000 0.154
261500 0.018 0.828 0.000 0.154
262000 0.018 0.828 0.000 0.154
262500 0.018 0.828 0.000 0.154
263000 0.018 0.828 0.000 0.154
263500 0.018 0.828 0.000 0.154
264000 0.018 0.828 0.000 0.154
264500 0.018 0.828 0.000 0.154
265000 0.018 0.828 0.000 0.154
265500 0.018 0.828 0.000 0.154
266000 0.018 0.828 0.000 0.154
266500 0.018 0.828 0.000 0.154
267000 0.018 0.828 0.000 0.154
267500 0.018 0.828 0.000 0.154
268000 0.018 0.828 0.000 0.154
268500 0.018 0.828 0.000 0.154
269000 0.018 0.828 0.000 0.154
269500 0.018 0.828 0.000 0.154
270000 0.018 0.828 0.000 0.154
270500 0.018 0.828 0.000 0.154
271000 0.018 0.828 0.000 0.154
271500 0.018 0.828 0.000 0.154
272000 0.018 0.828 0.000 0.154
272500 0.018 0.828 0.000 0.154
273000 0.018 0.828 0.000 0.154
273500 0.018 0.828 0.000 0.154
274000 0.018 0.828 0.000 0.154
274500 0.018 0.828 0.000 0.154
275000 0.018 0.828 0.000 0.154
275500 0.018 0.828 0.000 0.154
276000 0.018 0.828 0.000 0.154
276500 0.018 0.828 0.000 0.154
277000 0.018 0.828 0.000 0.154
277500 0.018 0.828 0.000 0.154
278000 0.018 0.828 0.000 0.154
278500 0.018 0.828 0.000 0.154
279000 0.018 0.828 0.000 0.154
279500 0.018 0.828 0.000 0.154
280000 0.018 0.828 0.000 0.154
280500 0.018 0.828 0.000 0.154
281000 0.018 0.828 0.000 0.154
281500 0.018 0.828 0.000 0.154
282000 0.018 0.828 0.000 0.154
282500 0.018 0.828 0.000 0.154
283000 0.018 0.828 0.000 0.154
283500 0.018 0.828 0.000 0.154
284000 0.018 0.828 0.000 0.154
284500 0.018 0.828 0.000 0.154
285000 0.018 0.828 0.000 0.154
285500 0.018 0.828 0.000 0.154
286000 0.018 0.828 0.000 0.154
286500 0.018 0.828 0.000 0.154
287000 0.018 0.828 0.000 0.154
287500 0.018 0.828 0.000 0.154
288000 0.018 0.828 0.000 0.154
288500 0.018 0.828 0.000 0.154
289000 0.018 0.828 0.000 0.154
289500 0.018 0.828 0.000 0.154
290000 0.018 0.828 0.000 0.154
290500 0.018 0.828 0.000 0.154
291000 0.018 0.828 0.000 0.154
291500 0.018 0.828 0.000 0.154
292000 0.018 0.828 0.000 0.154
292500 0.018 0.828 0.000 0.154
293000 0.018 0.828 0.000 0.154
293500 0.018 0.828 0.000 0.154
294000 0.018 0.828 0.000 0.154
294500 0.018 0.828 0.000 0.154
295000 0.018 0.828 0.000 0.154
295500 0.018 0.828 0.000 0.154
296000 0.018 0.828 0.000 0.154
296500 0.018 0.828 0.000 0.154
297000 0.018 0.828 0.000 0.154
297500 0.018 0.828 0.000 0.154
298000 0.018 0.828 0.000 0.154
298500 0.018 0.828 0.000 0.154
299000 0.018 0.828 0.000 0.154
299500 0.018 0.828 0.000 0.154
300000 0.018 0.828 0.000 0.154
300500 0.018 0.828 0.000 0.154
301000 0.018 0.828 0.000 0.154
301500 0.018 0.828 0.000 0.154
302000 0.018 0.828 0.000 0.154
302500 0.018 0.828 0.000 0.154
303000 0.018 0.828 0.000 0.154
303500 0.018 0.828 0.000 0.154
304000 0.018 0.828 0.000 0.154
304500 0.018 0.828 0.000 0.154
305000 0.018 0.828 0.000 0.154
305500 0.018 0.828 0.000 0.154
306000 0.018 0.828 0.000 0.154
306500 0.018 0.828 0.000 0.154
307000 0.018 0.828 0.000 0.154
307500 0.018 0.828 0.000 0.154
308000 0.018 0.828 0.000 0.154
308500 0.018 0.828 0.000 0.154
309000 0.018 0.828 0.000 0.154
309500 0.018 0.828 0.000 0.154
310000 0.018 0.828 0.000 0.154
310500 0.018 0.828 0.000 0.154
311000 0.018 0.828 0.000 0.154
311500 0.018 0.828 0.000 0.154
312000 0.018 0.828 0.000 0.154
312500 0.018 0.828 0.000 0.154
313000 0.018 0.828 0.000 0.154
313500 0.018 0.828 0.000 0.154
314000 0.018 0.828 0.000 0.154
314500 0.018 0.828 0.000 0.154
315000 0.018 0.828 0.000 0.154
315500 0.018 0.828 0.000 0.154
316000 0.018 0.828 0.000 0.154
316500 0.018 0.828 0.000 0.154
317000 0.018 0.828 0.000 0.154
317500 0.018 0.828 0.000 0.154
318000 0.018 0.828 0.000 0.154
318500 0.018 0.828 0.000 0.154
319000 0.018 0.828 0.000 0.154
319500 0.018 0.828 0.000 0.154
320000 0.018 0.828 0.000 0.154
320500 0.018 0.828 0.000 0.154
321000 0.018 0.828 0.000 0.154
321500 0.018 0.828 0.000 0.154
322000 0.018 0.828 0.000 0.154
322500 0.018 0.828 0.000 0.154
323000 0.018 0.828 0.000 0.154
323500 0.018 0.828 0.000 0.154
324000 0.018 0.828 0.000 0.154
324500 0.018 0.828 0.000 0.154
325000 0.018 0.828 0.000 0.154
325500 0.018 0.828 0.000 0.154
326000 0.018 0.828 0.000 0.154
326500 0.018 0.828 0.000 0.154
327000 0.018 0.828 0.000 0.154
327500 0.018 0.828 0.000 0.154
328000 0.018 0.828 0.000 0.154
328500 0.018 0.828 0.000 0.154
329000 0.018 0.828 0.000 0.154
329500 0.018 0.828 0.000 0.154
330000 0.018 0.828 0.000 0.154
330500 0.018 0.828 0.000 0.154
331000 0.018 0.828 0.000 0.154
331500 0.018 0.828 0.000 0.154
332000 0.018 0.828 0.000 0.154
332500 0.018 0.828 0.000 0.154
333000 0.018 0.828 0.000 0.154
333500 0.018 0.828 0.000 0.154
334000 0.018 0.828 0.000 0.154
334500 0.018 0.828 0.000 0.154
335000 0.018 0.828 0.000 0.154
335500 0.018 0.828 0.000 0.154
336000 0.018 0.828 0.000 0.154
336500 0.018 0.828 0.000 0.154
337000 0.018 0.828 0.000 0.154
337500 0.018 0.828 0.000 0.154
338000 0.018 0.828 0.000 0.154
338500 0.018 0.828 0.000 0.154
339000 0.018 0.828 0.000 0.154
339500 0.018 0.828 0.000 0.154
340000 0.018 0.828 0.000 0.154
340500 0.018 0.828 0.000 0.154
341000 0.018 0.828 0.000 0.154
341500 0.018 0.828 0.000 0.154
342000 0.018 0.828 0.000 0.154
342500 0.018 0.828 0.000 0.154
343000 0.018 0.828 0.000 0.154
343500 0.018 0.828 0.000 0.154
344000 0.018 0.828 0.000 0.154
344500 0.018 0.828 0.000 0.154
345000 0.018 0.828 0.000 0.154
345500 0.018 0.828 0.000 0.154
346000 0.018 0.828 0.000 0.154
346500 0.018 0.828 0.000 0.154
347000 0.018 0.828 0.000 0.154
347500 0.018 0.828 0.000 0.154
348000 0.018 0.828 0.000 0.154
348500 0.018 0.828 0.000 0.154
349000 0.018 0.828 0.000 0.154
349500 0.018 0.828 0.000 0.154
350000 0.018 0.828 0.000 0.154
350500 0.018 0.828 0.000 0.154
351000 0.018 0.828 0.000 0.154
351500 0.018 0.828 0.000 0.154
352000 0.018 0.828 0.000 0.154
352500 0.018 0.828 0.000 0.154
353000 0.018 0.828 0.000 0.154
353500 0.018 0.828 0.000 0.154
354000 0.018 0.828 0.000 0.154
354500 0.018 0.828 0.000 0.154
355000 0.018 0.828 0.000 0.154
355500 0.018 0.828 0.000 0.154
356000 0.018 0.828 0.000 0.154
356500 0.018 0.828 0.000 0.154
357000 0.018 0.828 0.000 0.154
357500 0.018 0.828 0.000 0.154
358000 0.018 0.828 0.000 0.154
358500 0.018 0.828 0.000 0.154
359000 0.018 0.828 0.000 0.154
359500 0.018 0.828 0.000 0.154
360000 0.018 0.828 0.000 0.154
360500 0.018 0.828 0.000 0.154
361000 0.018 0.828 0.000 0.154
361500 0.018 0.828 0.000 0.154
362000 0.018 0.828 0.000 0.154
362500 0.018 0.828 0.000 0.154
363000 0.018 0.828 0.000 0.154
363500 0.018 0.828 0.000 0.154
364000 0.018 0.828 0.000 0.154
364500 0.018 0.828 0.000 0.154
365000 0.018 0.828 0.000 0.154
365500 0.018 0.828 0.000 0.154
366000 0.018 0.828 0.000 0.154
366500 0.018 0.828 0.000 0.154
367000 0.018 0.828 0.000 0.154
367500 0.018 0.828 0.000 0.154
368000 0.018 0.828 0.000 0.154
368500 0.018 0.828 0.000 0.154
369000 0.018 0.828 0.000 0.154
369500 0.018 0.828 0.000 0.154
370000 0.018 0.828 0.000 0.154
370500 0.018 0.828 0.000 0.154
371000 0.018 0.828 0.000 0.154
371500 0.018 0.828 0.000 0.154
372000 0.018 0.828 0.000 0.154
372500 0.018 0.828 0.000 0.154
373000 0.018 0.828 0.000 0.154
373500 0.018 0.828 0.000 0.154
374000 0.018 0.828 0.000 0.154
374500 0.018 0.828 0.000 0.154
375000 0.018 0.828 0.000 0.154
375500 0.018 0.828 0.000 0.154
376000 0.018 0.828 0.000 0.154
376500 0.018 0.828 0.000 0.154
377000 0.018 0.828 0.000 0.154
377500 0.018 0.828 0.000 0.154
378000 0.018 0.828 0.000 0.154
378500 0.018 0.828 0.000 0.154
379000 0.018 0.828 0.000 0.154
379500 0.018 0.828 0.000 0.154
380000 0.018 0.828 0.000 0.154
380500 0.018 0.828 0.000 0.154
381000 0.018 0.828 0.000 0.154
381500 0.018 0.828 0.000 0.154
382000 0.018 0.828 0.000 0.154
382500 0.018 0.828 0.000 0.154
383000 0.018 0.828 0.000 0.154
383500 0.018 0.828 0.000 0.154
384000 0.018 0.828 0.000 0.154
384500 0.018 0.828 0.000 0.154
385000 0.018 0.828 0.000 0.154
385500 0.018 0.828 0.000 0.154
386000 0.018 0.828 0.000 0.154
386500 0.018 0.828 0.000 0.154
387000 0.018 0.828 0.000 0.154
387500 0.018 0.828 0.000 0.154
388000 0.018 0.828 0.000 0.154
388500 0.018 0.828 0.000 0.154
389000 0.018 0.828 0.000 0.154
389500 0.018 0.828 0.000 0.154
390000 0.018 0.828 0.000 0.154
390500 0.018 0.828 0.000 0.154
391000 0.018 0.828 0.000 0.154
391500 0.018 0.828 0.000 0.154
392000 0.018 0.828 0.000 0.154
392500 0.018 0.828 0.000 0.154
393000 0.018 0.828 0.000 0.154
393500 0.018 0.828 0.000 0.154
394000 0.018 0.828 0.000 0.154
394500 0.018 0.828 0.000 0.154
395000 0.018 0.828 0.000 0.154
395500 0.018 0.828 0.000 0.154
396000 0.018 0.828 0.000 0.154
396500 0.018 0.828 0.000 0.154
397000 0.018 0.828 0.000 0.154
397500 0.018 0.828 0.000 0.154
398000 0.018 0.828 0.000 0.154
398500 0.018 0.828 0.000 0.154
399000 0.018 0.828 0.000 0.154
399500 0.018 0.828 0.000 0.154
400000 0.018 0.828 0.000 0.154
400500 0.018 0.828 0.000 0.154
401000 0.018 0.828 0.000 0.154
401500 0.018 0.828 0.000 0.154
402000 0.018 0.828 0.000 0.154
402500 0.018 0.828 0.000 0.154
403000 0.018 0.828 0.000 0.154
403500 0.018 0.828 0.000 0.154
404000 0.018 0.828 0.000 0.154
404500 0.018 0.828 0.000 0.154
405000 0.018 0.828 0.000 0.154
405500 0.018 0.828 0.000 0.154
406000 0.018 0.828 0.000 0.154
406500 0.018 0.828 0.000 0.154
407000 0.018 0.828 0.000 0.154
407500 0.018 0.828 0.000 0.154
408000 0.018 0.828 0.000 0.154
408500 0.018 0.828 0.000 0.154
409000 0.018 0.828 0.000 0.154
409500 0.018 0.828 0.000 0.154
410000 0.018 0.828 0.000 0.154
410500 0.018 0.828 0.000 0.154
411000 0.018 0.828 0.000 0.154
411500 0.018 0.828 0.000 0.154
412000 0.018 0.828 0.000 0.154
412500 0.018 0.828 0.000 0.154
413000 0.018 0.828 0.000 0.154
413500 0.018 0.828 0.000 0.154
414000 0.018 0.828 0.000 0.154
414500 0.018 0.828 0.000 0.154
415000 0.018 0.828 0.000 0.154
415500 0.018 0.828 0.000 0.154
416000 0.018 0.828 0.000 0.154
416500 0.018 0.828 0.000 0.154
417000 0.018 0.828 0.000 0.154
417500 0.018 0.828 0.000 0.154
418000 0.018 0.828 0.000 0.154
418500 0.018 0.828 0.000 0.154
419000 0.018 0.828 0.000 0.154
419500 0.018 0.828 0.000 0.154
420000 0.018 0.828 0.000 0.154
420500 0.018 0.828 0.000 0.154
421000 0.018 0.828 0.000 0.154
421500 0.018 0.828 0.000 0.154
422000 0.018 0.828 0.000 0.154
422500 0.018 0.828 0.000 0.154
423000 0.018 0.828 0.000 0.154
423500 0.018 0.828 0.000 0.154
424000 0.018 0.828 0.000 0.154
424500 0.018 0.828 0.000 0.154
425000 0.018 0.828 0.000 0.154
425500 0.018 0.828 0.000 0.154
426000 0.018 0.828 0.000 0.154
426500 0.018 0.828 0.000 0.154
427000 0.018 0.828 0.000 0.154
427500 0.018 0.828 0.000 0.154
428000 0.018 0.828 0.000 0.154
428500 0.018 0.828 0.000 0.154
429000 0.018 0.828 0.000 0.154
429500 0.018 0.828 0.000 0.154
430000 0.018 0.828 0.000 0.154
430500 0.018 0.828 0.000 0.154
431000 0.018 0.828 0.000 0.154
431500 0.018 0.828 0.000 0.154
432000 0.018 0.828 0.000 0.154
432500 0.018 0.828 0.000 0.154
433000 0.018 0.828 0.000 0.154
433500 0.018 0.828 0.000 0.154
434000 0.018 0.828 0.000 0.154
434500 0.018 0.828 0.000 0.154
435000 0.018 0.828 0.000 0.154
435500 0.018 0.828 0.000 0.154
436000 0.018 0.828 0.000 0.154
436500 0.018 0.828 0.000 0.154
437000 0.018 0.828 0.000 0.154
437500 0.018 0.828 0.000 0.154
438000 0.018 0.828 0.000 0.154
438500 0.018 0.828 0.000 0.154
439000 0.018 0.828 0.000 0.154
439500 0.018 0.828 0.000 0.154
440000 0.018 0.828 0.000 0.154
440500 0.018 0.828 0.000 0.154
441000 0.018 0.828 0.000 0.154
441500 0.018 0.828 0.000 0.154
442000 0.018 0.828 0.000 0.154
442500 0.018 0.828 0.000 0.154
443000 0.018 0.828 0.000 0.154
443500 0.018 0.828 0.000 0.154
444000 0.018 0.828 0.000 0.154
444500 0.018 0.828 0.000 0.154
445000 0.018 0.828 0.000 0.154
445500 0.018 0.828 0.000 0.154
446000 0.018 0.828 0.000 0.154
446500 0.018 0.828 0.000 0.154
447000 0.018 0.828 0.000 0.154
447500 0.018 0.828 0.000 0.154
448000 0.018 0.828 0.000 0.154
448500 0.018 0.828 0.000 0.154
449000 0.018 0.828 0.000 0.154
449500 0.018 0.828 0.000 0.154
450000 0.018 0.828 0.000 0.154
450500 0.018 0.828 0.000 0.154
451000 0.018 0.828 0.000 0.154
451500 0.018 0.828 0.000 0.154
452000 0.018 0.828 0.000 0.154
452500 0.018 0.828 0.000 0.154
453000 0.018 0.828 0.000 0.154
453500 0.018 0.828 0.000 0.154
454000 0.018 0.828 0.000 0.154
454500 0.018 0.828 0.000 0.154
455000 0.018 0.828 0.000 0.154
455500 0.018 0.828 0.000 0.154
456000 0.018 0.828 0.000 0.154
456500 0.018 0.828 0.000 0.154
457000 0.018 0.828 0.000 0.154
457500 0.018 0.828 0.000 0.154
458000 0.018 0.828 0.000 0.154
458500 0.018 0.828 0.000 0.154
459000 0.018 0.828 0.000 0.154
459500 0.018 0.828 0.000 0.154
460000 0.018 0.828 0.000 0.154
460500 0.018 0.828 0.000 0.154
461000 0.018 0.828 0.000 0.154
461500 0.018 0.828 0.000 0.154
462000 0.018 0.828 0.000 0.154
462500 0.018 0.828 0.000 0.154
463000 0.018 0.828 0.000 0.154
463500 0.018 0.828 0.000 0.154
464000 0.018 0.828 0.000 0.154
464500 0.018 0.828 0.000 0.154
465000 0.018 0.828 0.000 0.154
465500 0.018 0.828 0.000 0.154
466000 0.018 0.828 0.000 0.154
466500 0.018 0.828 0.000 0.154
467000 0.018 0.828 0.000 0.154
467500 0.018 0.828 0.000 0.154
468000 0.018 0.828 0.000 0.154
468500 0.018 0.828 0.000 0.154
469000 0.018 0.828 0.000 0.154
469500 0.018 0.828 0.000 0.154
470000 0.018 0.828 0.000 0.154
470500 0.018 0.828 0.000 0.154
471000 0.018 0.828 0.000 0.154
471500 0.018 0.828 0.000 0.154
472000 0.018 0.828 0.000 0.154
472500 0.018 0.828 0.000 0.154
473000 0.018 0.828 0.000 0.154
473500 0.018 0.828 0.000 0.154
474000 0.018 0.828 0.000 0.154
474500 0.018 0.828 0.000 0.154
475000 0.018 0.828 0.000 0.154
475500 0.018 0.828 0.000 0.154
476000 0.018 0.828 0.000 0.154
476500 0.018 0.828 0.000 0.154
477000 0.018 0.828 0.000 0.154
477500 0.018 0.828 0.000 0.154
478000 0.018 0.828 0.000 0.154
478500 0.018 0.828 0.000 0.154
479000 0.018 0.828 0.000 0.154
479500 0.018 0.828 0.000 0.154
480000 0.018 0.828 0.000 0.154
480500 0.018 0.828 0.000 0.154
481000 0.018 0.828 0.000 0.154
481500 0.018 0.828 0.000 0.154
482000 0.018 0.828 0.000 0.154
482500 0.018 0.828 0.000 0.154
483000 0.018 0.828 0.000 0.154
483500 0.018 0.828 0.000 0.154
484000 0.018 0.828 0.000 0.154
484500 0.018 0.828 0.000 0.154
485000 0.018 0.828 0.000 0.154
485500 0.018 0.828 0.000 0.154
486000 0.018 0.828 0.000 0.154
486500 0.018 0.828 0.000 0.154
487000 0.018 0.828 0.000 0.154
487500 0.018 0.828 0.000 0.154
488000 0.018 0.828 0.000 0.154
488500 0.018 0.828 0.000 0.154
489000 0.018 0.828 0.000 0.154
489500 0.018 0.828 0.000 0.154
490000 0.018 0.828 0.000 0.154
490500 0.018 0.828 0.000 0.154
491000 0.018 0.828 0.000 0.154
491500 0.018 0.828 0.000 0.154
492000 0.018 0.828 0.000 0.154
492500 0.018 0.828 0.000 0.154
493000 0.018 0.828 0.000 0.154
493500 0.018 0.828 0.000 0.154
494000 0.018 0.828 0.000 0.154
494500 0.018 0.828 0.000 0.154
495000 0.018 0.828 0.000 0.154
495500 0.018 0.828 0.000 0.154
496000 0.018 0.828 0.000 0.154
496500 0.018 0.828 0.000 0.154
497000 0.018 0.828 0.000 0.154
497500 0.018 0.828 0.000 0.154
498000 0.018 0.828 0.000 0.154
498500 0.018 0.828 0.000 0.154
499000 0.018 0.828 0.000 0.154
499500 0.018 0.828 0.000 0.154
500000 0.018 0.828 0.000 0.154
