000000 0.250 0.250 0.250 0.250
000500 0.189 0.490 0.000 0.320
001000 0.167 0.519 0.000 0.313
001500 0.160 0.535 0.000 0.305
002000 0.150 0.552 0.000 0.298
002500 0.147 0.561 0.000 0.292
003000 0.144 0.568 0.000 0.289
003500 0.144 0.569 0.000 0.287
004000 0.141 0.576 0.000 0.283
004500 0.141 0.577 0.000 0.281
005000 0.144 0.578 0.000 0.279
005500 0.144 0.580 0.000 0.276
006000 0.142 0.584 0.000 0.274
006500 0.144 0.583 0.000 0.274
007000 0.139 0.588 0.000 0.272
007500 0.137 0.593 0.000 0.270
008000 0.141 0.590 0.000 0.269
008500 0.141 0.592 0.000 0.267
009000 0.143 0.591 0.000 0.266
009500 0.140 0.595 0.000 0.265
010000 0.136 0.603 0.000 0.261
010500 0.137 0.605 0.000 0.258
011000 0.137 0.606 0.000 0.257
011500 0.135 0.608 0.000 0.257
012000 0.136 0.609 0.000 0.254
012500 0.134 0.614 0.000 0.252
013000 0.136 0.614 0.000 0.250
013500 0.141 0.613 0.000 0.246
014000 0.139 0.618 0.000 0.243
014500 0.134 0.624 0.000 0.242
015000 0.141 0.620 0.000 0.239
015500 0.138 0.624 0.000 0.238
016000 0.130 0.632 0.000 0.237
016500 0.130 0.634 0.000 0.237
017000 0.134 0.629 0.000 0.236
017500 0.140 0.626 0.000 0.234
018000 0.134 0.632 0.000 0.233
018500 0.134 0.634 0.000 0.233
019000 0.137 0.631 0.000 0.232
019500 0.130 0.639 0.000 0.231
020000 0.129 0.639 0.000 0.231
020500 0.133 0.637 0.000 0.230
021000 0.134 0.637 0.000 0.229
021500 0.134 0.638 0.000 0.228
022000 0.133 0.639 0.000 0.228
022500 0.134 0.638 0.000 0.228
023000 0.137 0.635 0.000 0.228
023500 0.135 0.637 0.000 0.227
024000 0.141 0.632 0.000 0.227
024500 0.135 0.638 0.000 0.226
025000 0.135 0.638 0.000 0.226
025500 0.138 0.635 0.000 0.227
026000 0.128 0.646 0.000 0.226
026500 0.133 0.641 0.000 0.226
027000 0.134 0.642 0.000 0.223
027500 0.128 0.649 0.000 0.223
028000 0.135 0.642 0.000 0.223
028500 0.130 0.647 0.000 0.223
029000 0.129 0.648 0.000 0.223
029500 0.131 0.646 0.000 0.223
030000 0.126 0.651 0.000 0.223
030500 0.128 0.650 0.000 0.222
031000 0.125 0.652 0.000 0.223
031500 0.135 0.643 0.000 0.222
032000 0.129 0.649 0.000 0.223
032500 0.130 0.647 0.000 0.223
033000 0.127 0.651 0.000 0.222
033500 0.127 0.651 0.000 0.222
034000 0.130 0.649 0.000 0.221
034500 0.134 0.645 0.000 0.221
035000 0.132 0.647 0.000 0.221
035500 0.127 0.652 0.000 0.221
036000 0.125 0.654 0.000 0.220
036500 0.130 0.650 0.000 0.220
037000 0.128 0.651 0.000 0.220
037500 0.130 0.650 0.000 0.220
038000 0.128 0.652 0.000 0.220
038500 0.129 0.651 0.000 0.220
039000 0.131 0.649 0.000 0.220
039500 0.133 0.648 0.000 0.220
040000 0.126 0.654 0.000 0.220
040500 0.125 0.656 0.000 0.220
041000 0.126 0.655 0.000 0.219
041500 0.124 0.657 0.000 0.219
042000 0.131 0.652 0.000 0.217
042500 0.127 0.658 0.000 0.215
043000 0.123 0.661 0.000 0.215
043500 0.126 0.659 0.000 0.215
044000 0.122 0.662 0.000 0.216
044500 0.129 0.655 0.000 0.216
045000 0.130 0.655 0.000 0.215
045500 0.131 0.653 0.000 0.216
046000 0.126 0.658 0.000 0.216
046500 0.126 0.658 0.000 0.216
047000 0.128 0.656 0.000 0.216
047500 0.124 0.660 0.000 0.216
048000 0.122 0.663 0.000 0.216
048500 0.121 0.663 0.000 0.216
049000 0.129 0.655 0.000 0.216
049500 0.128 0.656 0.000 0.216
050000 0.126 0.658 0.000 0.216
050500 0.132 0.652 0.000 0.216
051000 0.128 0.656 0.000 0.216
051500 0.131 0.654 0.000 0.215
052000 0.128 0.657 0.000 0.215
052500 0.124 0.661 0.000 0.215
053000 0.128 0.657 0.000 0.215
053500 0.130 0.655 0.000 0.215
054000 0.132 0.655 0.000 0.213
054500 0.132 0.655 0.000 0.213
055000 0.134 0.653 0.000 0.213
055500 0.125 0.662 0.000 0.213
056000 0.130 0.657 0.000 0.213
056500 0.127 0.661 0.000 0.212
057000 0.128 0.661 0.000 0.212
057500 0.125 0.663 0.000 0.212
058000 0.127 0.661 0.000 0.211
058500 0.125 0.663 0.000 0.211
059000 0.126 0.662 0.000 0.212
059500 0.130 0.659 0.000 0.211
060000 0.126 0.662 0.000 0.212
060500 0.131 0.657 0.000 0.212
061000 0.124 0.665 0.000 0.211
061500 0.123 0.665 0.000 0.211
062000 0.130 0.659 0.000 0.212
062500 0.131 0.657 0.000 0.211
063000 0.124 0.665 0.000 0.212
063500 0.128 0.661 0.000 0.212
064000 0.124 0.664 0.000 0.212
064500 0.130 0.658 0.000 0.212
065000 0.129 0.659 0.000 0.212
065500 0.125 0.664 0.000 0.212
066000 0.128 0.661 0.000 0.212
066500 0.130 0.658 0.000 0.212
067000 0.132 0.656 0.000 0.212
067500 0.126 0.663 0.000 0.212
068000 0.123 0.665 0.000 0.212
068500 0.125 0.663 0.000 0.212
069000 0.129 0.659 0.000 0.212
069500 0.128 0.660 0.000 0.212
070000 0.132 0.656 0.000 0.212
070500 0.131 0.658 0.000 0.212
071000 0.128 0.661 0.000 0.211
071500 0.130 0.659 0.000 0.211
072000 0.128 0.661 0.000 0.211
072500 0.133 0.656 0.000 0.211
073000 0.128 0.661 0.000 0.211
073500 0.126 0.664 0.000 0.211
074000 0.125 0.664 0.000 0.211
074500 0.127 0.663 0.000 0.210
075000 0.128 0.663 0.000 0.209
075500 0.125 0.666 0.000 0.209
076000 0.126 0.665 0.000 0.209
076500 0.122 0.669 0.000 0.209
077000 0.122 0.669 0.000 0.209
077500 0.128 0.664 0.000 0.208
078000 0.124 0.668 0.000 0.208
078500 0.122 0.670 0.000 0.208
079000 0.126 0.667 0.000 0.207
079500 0.122 0.670 0.000 0.207
080000 0.120 0.673 0.000 0.207
080500 0.122 0.671 0.000 0.207
081000 0.130 0.663 0.000 0.207
081500 0.126 0.667 0.000 0.207
082000 0.126 0.667 0.000 0.207
082500 0.125 0.667 0.000 0.207
083000 0.124 0.669 0.000 0.207
083500 0.125 0.668 0.000 0.207
084000 0.127 0.666 0.000 0.207
084500 0.128 0.664 0.000 0.207
085000 0.126 0.667 0.000 0.207
085500 0.125 0.668 0.000 0.207
086000 0.124 0.669 0.000 0.207
086500 0.126 0.667 0.000 0.207
087000 0.123 0.670 0.000 0.207
087500 0.126 0.667 0.000 0.207
088000 0.127 0.666 0.000 0.207
088500 0.124 0.669 0.000 0.207
089000 0.127 0.666 0.000 0.207
089500 0.131 0.663 0.000 0.207
090000 0.131 0.663 0.000 0.207
090500 0.124 0.670 0.000 0.206
091000 0.126 0.668 0.000 0.205
091500 0.124 0.670 0.000 0.206
092000 0.124 0.670 0.000 0.206
092500 0.124 0.671 0.000 0.206
093000 0.124 0.670 0.000 0.206
093500 0.123 0.671 0.000 0.205
094000 0.127 0.668 0.000 0.205
094500 0.132 0.662 0.000 0.205
095000 0.124 0.671 0.000 0.205
095500 0.129 0.665 0.000 0.205
096000 0.127 0.668 0.000 0.205
096500 0.131 0.663 0.000 0.205
097000 0.125 0.670 0.000 0.205
097500 0.124 0.671 0.000 0.205
098000 0.121 0.674 0.000 0.205
098500 0.126 0.669 0.000 0.205
099000 0.120 0.676 0.000 0.204
099500 0.124 0.672 0.000 0.204
100000 0.127 0.669 0.000 0.204
100500 0.123 0.673 0.000 0.204
101000 0.128 0.668 0.000 0.204
101500 0.123 0.674 0.000 0.203
102000 0.121 0.675 0.000 0.204
102500 0.126 0.671 0.000 0.203
103000 0.121 0.676 0.000 0.203
103500 0.123 0.675 0.000 0.203
104000 0.120 0.677 0.000 0.203
104500 0.127 0.670 0.000 0.203
105000 0.120 0.677 0.000 0.203
105500 0.125 0.672 0.000 0.203
106000 0.123 0.673 0.000 0.203
106500 0.123 0.674 0.000 0.203
107000 0.123 0.674 0.000 0.203
107500 0.123 0.675 0.000 0.203
108000 0.120 0.677 0.000 0.203
108500 0.121 0.676 0.000 0.203
109000 0.122 0.676 0.000 0.203
109500 0.122 0.675 0.000 0.203
110000 0.120 0.677 0.000 0.203
110500 0.122 0.675 0.000 0.203
111000 0.116 0.681 0.000 0.203
111500 0.122 0.675 0.000 0.203
112000 0.120 0.677 0.000 0.203
112500 0.124 0.673 0.000 0.203
113000 0.125 0.672 0.000 0.203
113500 0.126 0.672 0.000 0.202
114000 0.128 0.670 0.000 0.202
114500 0.122 0.676 0.000 0.202
115000 0.121 0.677 0.000 0.202
115500 0.123 0.675 0.000 0.202
116000 0.123 0.675 0.000 0.202
116500 0.121 0.677 0.000 0.202
117000 0.127 0.672 0.000 0.202
117500 0.127 0.672 0.000 0.202
118000 0.128 0.671 0.000 0.202
118500 0.126 0.672 0.000 0.202
119000 0.124 0.674 0.000 0.202
119500 0.124 0.674 0.000 0.202
120000 0.121 0.677 0.000 0.202
120500 0.124 0.674 0.000 0.202
121000 0.122 0.677 0.000 0.201
121500 0.124 0.674 0.000 0.202
122000 0.121 0.678 0.000 0.202
122500 0.122 0.676 0.000 0.201
123000 0.122 0.677 0.000 0.201
123500 0.122 0.676 0.000 0.201
124000 0.123 0.676 0.000 0.201
124500 0.126 0.673 0.000 0.201
125000 0.125 0.674 0.000 0.201
125500 0.126 0.673 0.000 0.201
126000 0.125 0.674 0.000 0.201
126500 0.123 0.676 0.000 0.201
127000 0.120 0.679 0.000 0.201
127500 0.118 0.681 0.000 0.201
128000 0.119 0.680 0.000 0.201
128500 0.120 0.679 0.000 0.201
129000 0.116 0.682 0.000 0.201
129500 0.119 0.680 0.000 0.201
130000 0.123 0.677 0.000 0.201
130500 0.121 0.679 0.000 0.200
131000 0.119 0.681 0.000 0.200
131500 0.124 0.676 0.000 0.200
132000 0.119 0.681 0.000 0.200
132500 0.118 0.683 0.000 0.199
133000 0.120 0.680 0.000 0.199
133500 0.118 0.682 0.000 0.200
134000 0.120 0.681 0.000 0.200
134500 0.119 0.681 0.000 0.200
135000 0.120 0.680 0.000 0.200
135500 0.123 0.678 0.000 0.199
136000 0.125 0.676 0.000 0.199
136500 0.125 0.676 0.000 0.199
137000 0.119 0.682 0.000 0.199
137500 0.123 0.678 0.000 0.198
138000 0.119 0.682 0.000 0.198
138500 0.120 0.682 0.000 0.198
139000 0.123 0.678 0.000 0.198
139500 0.124 0.678 0.000 0.198
140000 0.126 0.677 0.000 0.198
140500 0.122 0.680 0.000 0.197
141000 0.123 0.679 0.000 0.198
141500 0.120 0.683 0.000 0.197
142000 0.118 0.685 0.000 0.197
142500 0.121 0.682 0.000 0.197
143000 0.120 0.684 0.000 0.197
143500 0.124 0.680 0.000 0.196
144000 0.120 0.684 0.000 0.196
144500 0.121 0.683 0.000 0.196
145000 0.122 0.682 0.000 0.196
145500 0.122 0.682 0.000 0.196
146000 0.122 0.682 0.000 0.196
146500 0.122 0.682 0.000 0.196
147000 0.122 0.682 0.000 0.196
147500 0.122 0.682 0.000 0.196
148000 0.122 0.682 0.000 0.196
148500 0.122 0.682 0.000 0.196
149000 0.122 0.682 0.000 0.196
149500 0.122 0.682 0.000 0.196
150000 0.122 0.682 0.000 0.196
150500 0.122 0.682 0.000 0.196
151000 0.122 0.682 0.000 0.196
151500 0.122 0.682 0.000 0.196
152000 0.122 0.682 0.000 0.196
152500 0.122 0.682 0.000 0.196
153000 0.122 0.682 0.000 0.196
153500 0.122 0.682 0.000 0.196
154000 0.122 0.682 0.000 0.196
154500 0.122 0.682 0.000 0.196
155000 0.122 0.682 0.000 0.196
155500 0.122 0.682 0.000 0.196
156000 0.122 0.682 0.000 0.196
156500 0.122 0.682 0.000 0.196
157000 0.122 0.682 0.000 0.196
157500 0.122 0.682 0.000 0.196
158000 0.122 0.682 0.000 0.196
158500 0.122 0.682 0.000 0.196
159000 0.122 0.682 0.000 0.196
159500 0.122 0.682 0.000 0.196
160000 0.122 0.682 0.000 0.196
160500 0.122 0.682 0.000 0.196
161000 0.122 0.682 0.000 0.196
161500 0.122 0.682 0.000 0.196
162000 0.122 0.682 0.000 0.196
162500 0.122 0.682 0.000 0.196
163000 0.122 0.682 0.000 0.196
163500 0.122 0.682 0.000 0.196
164000 0.122 0.682 0.000 0.196
164500 0.122 0.682 0.000 0.196
165000 0.122 0.682 0.000 0.196
165500 0.122 0.682 0.000 0.196
166000 0.122 0.682 0.000 0.196
166500 0.122 0.682 0.000 0.196
167000 0.122 0.682 0.000 0.196
167500 0.122 0.682 0.000 0.196
168000 0.122 0.682 0.000 0.196
168500 0.122 0.682 0.000 0.196
169000 0.122 0.682 0.000 0.196
169500 0.122 0.682 0.000 0.196
170000 0.122 0.682 0.000 0.196
170500 0.122 0.682 0.000 0.196
171000 0.122 0.682 0.000 0.196
171500 0.122 0.682 0.000 0.196
172000 0.122 0.682 0.000 0.196
172500 0.122 0.682 0.000 0.196
173000 0.122 0.682 0.000 0.196
173500 0.122 0.682 0.000 0.196
174000 0.122 0.682 0.000 0.196
174500 0.122 0.682 0.000 0.196
175000 0.122 0.682 0.000 0.196
175500 0.122 0.682 0.000 0.196
176000 0.122 0.682 0.000 0.196
176500 0.122 0.682 0.000 0.196
177000 0.122 0.682 0.000 0.196
177500 0.122 0.682 0.000 0.196
178000 0.122 0.682 0.000 0.196
178500 0.122 0.682 0.000 0.196
179000 0.122 0.682 0.000 0.196
179500 0.122 0.682 0.000 0.196
180000 0.122 0.682 0.000 0.196
180500 0.122 0.682 0.000 0.196
181000 0.122 0.682 0.000 0.196
181500 0.122 0.682 0.000 0.196
182000 0.122 0.682 0.000 0.196
182500 0.122 0.682 0.000 0.196
183000 0.122 0.682 0.000 0.196
183500 0.122 0.682 0.000 0.196
184000 0.122 0.682 0.000 0.196
184500 0.122 0.682 0.000 0.196
185000 0.122 0.682 0.000 0.196
185500 0.122 0.682 0.000 0.196
186000 0.122 0.682 0.000 0.196
186500 0.122 0.682 0.000 0.196
187000 0.122 0.682 0.000 0.196
187500 0.122 0.682 0.000 0.196
188000 0.122 0.682 0.000 0.196
188500 0.122 0.682 0.000 0.196
189000 0.122 0.682 0.000 0.196
189500 0.122 0.682 0.000 0.196
190000 0.122 0.682 0.000 0.196
190500 0.122 0.682 0.000 0.196
191000 0.122 0.682 0.000 0.196
191500 0.122 0.682 0.000 0.196
192000 0.122 0.682 0.000 0.196
192500 0.122 0.682 0.000 0.196
193000 0.122 0.682 0.000 0.196
193500 0.122 0.682 0.000 0.196
194000 0.122 0.682 0.000 0.196
194500 0.122 0.682 0.000 0.196
195000 0.122 0.682 0.000 0.196
195500 0.122 0.682 0.000 0.196
196000 0.122 0.682 0.000 0.196
196500 0.122 0.682 0.000 0.196
197000 0.122 0.682 0.000 0.196
197500 0.122 0.682 0.000 0.196
198000 0.122 0.682 0.000 0.196
198500 0.122 0.682 0.000 0.196
199000 0.122 0.682 0.000 0.196
199500 0.122 0.682 0.000 0.196
200000 0.122 0.682 0.000 0.196
200500 0.122 0.682 0.000 0.196
201000 0.122 0.682 0.000 0.196
201500 0.122 0.682 0.000 0.196
202000 0.122 0.682 0.000 0.196
202500 0.122 0.682 0.000 0.196
203000 0.122 0.682 0.000 0.196
203500 0.122 0.682 0.000 0.196
204000 0.122 0.682 0.000 0.196
204500 0.122 0.682 0.000 0.196
205000 0.122 0.682 0.000 0.196
205500 0.122 0.682 0.000 0.196
206000 0.122 0.682 0.000 0.196
206500 0.122 0.682 0.000 0.196
207000 0.122 0.682 0.000 0.196
207500 0.122 0.682 0.000 0.196
208000 0.122 0.682 0.000 0.196
208500 0.122 0.682 0.000 0.196
209000 0.122 0.682 0.000 0.196
209500 0.122 0.682 0.000 0.196
210000 0.122 0.682 0.000 0.196
210500 0.122 0.682 0.000 0.196
211000 0.122 0.682 0.000 0.196
211500 0.122 0.682 0.000 0.196
212000 0.122 0.682 0.000 0.196
212500 0.122 0.682 0.000 0.196
213000 0.122 0.682 0.000 0.196
213500 0.122 0.682 0.000 0.196
214000 0.122 0.682 0.000 0.196
214500 0.122 0.682 0.000 0.196
215000 0.122 0.682 0.000 0.196
215500 0.122 0.682 0.000 0.196
216000 0.122 0.682 0.000 0.196
216500 0.122 0.682 0.000 0.196
217000 0.122 0.682 0.000 0.196
217500 0.122 0.682 0.000 0.196
218000 0.122 0.682 0.000 0.196
218500 0.122 0.682 0.000 0.196
219000 0.122 0.682 0.000 0.196
219500 0.122 0.682 0.000 0.196
220000 0.122 0.682 0.000 0.196
220500 0.122 0.682 0.000 0.196
221000 0.122 0.682 0.000 0.196
221500 0.122 0.682 0.000 0.196
222000 0.122 0.682 0.000 0.196
222500 0.122 0.682 0.000 0.196
223000 0.122 0.682 0.000 0.196
223500 0.122 0.682 0.000 0.196
224000 0.122 0.682 0.000 0.196
224500 0.122 0.682 0.000 0.196
225000 0.122 0.682 0.000 0.196
225500 0.122 0.682 0.000 0.196
226000 0.122 0.682 0.000 0.196
226500 0.122 0.682 0.000 0.196
227000 0.122 0.682 0.000 0.196
227500 0.122 0.682 0.000 0.196
228000 0.122 0.682 0.000 0.196
228500 0.122 0.682 0.000 0.196
229000 0.122 0.682 0.000 0.196
229500 0.122 0.682 0.000 0.196
230000 0.122 0.682 0.000 0.196
230500 0.122 0.682 0.000 0.196
231000 0.122 0.682 0.000 0.196
231500 0.122 0.682 0.000 0.196
232000 0.122 0.682 0.000 0.196
232500 0.122 0.682 0.000 0.196
233000 0.122 0.682 0.000 0.196
233500 0.122 0.682 0.000 0.196
234000 0.122 0.682 0.000 0.196
234500 0.122 0.682 0.000 0.196
235000 0.122 0.682 0.000 0.196
235500 0.122 0.682 0.000 0.196
236000 0.122 0.682 0.000 0.196
236500 0.122 0.682 0.000 0.196
237000 0.122 0.682 0.000 0.196
237500 0.122 0.682 0.000 0.196
238000 0.122 0.682 0.000 0.196
238500 0.122 0.682 0.000 0.196
239000 0.122 0.682 0.000 0.196
239500 0.122 0.682 0.000 0.196
240000 0.122 0.682 0.000 0.196
240500 0.122 0.682 0.000 0.196
241000 0.122 0.682 0.000 0.196
241500 0.122 0.682 0.000 0.196
242000 0.122 0.682 0.000 0.196
242500 0.122 0.682 0.000 0.196
243000 0.122 0.682 0.000 0.196
243500 0.122 0.682 0.000 0.196
244000 0.122 0.682 0.000 0.196
244500 0.122 0.682 0.000 0.196
245000 0.122 0.682 0.000 0.196
245500 0.122 0.682 0.000 0.196
246000 0.122 0.682 0.000 0.196
246500 0.122 0.682 0.000 0.196
247000 0.122 0.682 0.000 0.196
247500 0.122 0.682 0.000 0.196
248000 0.122 0.682 0.000 0.196
248500 0.122 0.682 0.000 0.196
249000 0.122 0.682 0.000 0.196
249500 0.122 0.682 0.000 0.196
250000 0.122 0.682 0.000 0.196
250500 0.122 0.682 0.000 0.196
251000 0.122 0.682 0.000 0.196
251500 0.122 0.682 0.000 0.196
252000 0.122 0.682 0.000 0.196
252500 0.122 0.682 0.000 0.196
253000 0.122 0.682 0.000 0.196
253500 0.122 0.682 0.000 0.196
254000 0.122 0.682 0.000 0.196
254500 0.122 0.682 0.000 0.196
255000 0.122 0.682 0.000 0.196
255500 0.122 0.682 0.000 0.196
256000 0.122 0.682 0.000 0.196
256500 0.122 0.682 0.000 0.196
257000 0.122 0.682 0.000 0.196
257500 0.122 0.682 0.000 0.196
258000 0.122 0.682 0.000 0.196
258500 0.122 0.682 0.000 0.196
259000 0.122 0.682 0.000 0.196
259500 0.122 0.682 0.000 0.196
260000 0.122 0.682 0.000 0.196
260500 0.122 0.682 0.000 0.196
261000 0.122 0.682 0.000 0.196
261500 0.122 0.682 0.000 0.196
262000 0.122 0.682 0.000 0.196
262500 0.122 0.682 0.000 0.196
263000 0.122 0.682 0.000 0.196
263500 0.122 0.682 0.000 0.196
264000 0.122 0.682 0.000 0.196
264500 0.122 0.682 0.000 0.196
265000 0.122 0.682 0.000 0.196
265500 0.122 0.682 0.000 0.196
266000 0.122 0.682 0.000 0.196
266500 0.122 0.682 0.000 0.196
267000 0.122 0.682 0.000 0.196
267500 0.122 0.682 0.000 0.196
268000 0.122 0.682 0.000 0.196
268500 0.122 0.682 0.000 0.196
269000 0.122 0.682 0.000 0.196
269500 0.122 0.682 0.000 0.196
270000 0.122 0.682 0.000 0.196
270500 0.122 0.682 0.000 0.196
271000 0.122 0.682 0.000 0.196
271500 0.122 0.682 0.000 0.196
272000 0.122 0.682 0.000 0.196
272500 0.122 0.682 0.000 0.196
273000 0.122 0.682 0.000 0.196
273500 0.122 0.682 0.000 0.196
274000 0.122 0.682 0.000 0.196
274500 0.122 0.682 0.000 0.196
275000 0.122 0.682 0.000 0.196
275500 0.122 0.682 0.000 0.196
276000 0.122 0.682 0.000 0.196
276500 0.122 0.682 0.000 0.196
277000 0.122 0.682 0.000 0.196
277500 0.122 0.682 0.000 0.196
278000 0.122 0.682 0.000 0.196
278500 0.122 0.682 0.000 0.196
279000 0.122 0.682 0.000 0.196
279500 0.122 0.682 0.000 0.196
280000 0.122 0.682 0.000 0.196
280500 0.122 0.682 0.000 0.196
281000 0.122 0.682 0.000 0.196
281500 0.122 0.682 0.000 0.196
282000 0.122 0.682 0.000 0.196
282500 0.122 0.682 0.000 0.196
283000 0.122 0.682 0.000 0.196
283500 0.122 0.682 0.000 0.196
284000 0.122 0.682 0.000 0.196
284500 0.122 0.682 0.000 0.196
285000 0.122 0.682 0.000 0.196
285500 0.122 0.682 0.000 0.196
286000 0.122 0.682 0.000 0.196
286500 0.122 0.682 0.000 0.196
287000 0.122 0.682 0.000 0.196
287500 0.122 0.682 0.000 0.196
288000 0.122 0.682 0.000 0.196
288500 0.122 0.682 0.000 0.196
289000 0.122 0.682 0.000 0.196
289500 0.122 0.682 0.000 0.196
290000 0.122 0.682 0.000 0.196
290500 0.122 0.682 0.000 0.196
291000 0.122 0.682 0.000 0.196
291500 0.122 0.682 0.000 0.196
292000 0.122 0.682 0.000 0.196
292500 0.122 0.682 0.000 0.196
293000 0.122 0.682 0.000 0.196
293500 0.122 0.682 0.000 0.196
294000 0.122 0.682 0.000 0.196
294500 0.122 0.682 0.000 0.196
295000 0.122 0.682 0.000 0.196
295500 0.122 0.682 0.000 0.196
296000 0.122 0.682 0.000 0.196
296500 0.122 0.682 0.000 0.196
297000 0.122 0.682 0.000 0.196
297500 0.122 0.682 0.000 0.196
298000 0.122 0.682 0.000 0.196
298500 0.122 0.682 0.000 0.196
299000 0.122 0.682 0.000 0.196
299500 0.122 0.682 0.000 0.196
300000 0.122 0.682 0.000 0.196
300500 0.122 0.682 0.000 0.196
301000 0.122 0.682 0.000 0.196
301500 0.122 0.682 0.000 0.196
302000 0.122 0.682 0.000 0.196
302500 0.122 0.682 0.000 0.196
303000 0.122 0.682 0.000 0.196
303500 0.122 0.682 0.000 0.196
304000 0.122 0.682 0.000 0.196
304500 0.122 0.682 0.000 0.196
305000 0.122 0.682 0.000 0.196
305500 0.122 0.682 0.000 0.196
306000 0.122 0.682 0.000 0.196
306500 0.122 0.682 0.000 0.196
307000 0.122 0.682 0.000 0.196
307500 0.122 0.682 0.000 0.196
308000 0.122 0.682 0.000 0.196
308500 0.122 0.682 0.000 0.196
309000 0.122 0.682 0.000 0.196
309500 0.122 0.682 0.000 0.196
310000 0.122 0.682 0.000 0.196
310500 0.122 0.682 0.000 0.196
311000 0.122 0.682 0.000 0.196
311500 0.122 0.682 0.000 0.196
312000 0.122 0.682 0.000 0.196
312500 0.122 0.682 0.000 0.196
313000 0.122 0.682 0.000 0.196
313500 0.122 0.682 0.000 0.196
314000 0.122 0.682 0.000 0.196
314500 0.122 0.682 0.000 0.196
315000 0.122 0.682 0.000 0.196
315500 0.122 0.682 0.000 0.196
316000 0.122 0.682 0.000 0.196
316500 0.122 0.682 0.000 0.196
317000 0.122 0.682 0.000 0.196
317500 0.122 0.682 0.000 0.196
318000 0.122 0.682 0.000 0.196
318500 0.122 0.682 0.000 0.196
319000 0.122 0.682 0.000 0.196
319500 0.122 0.682 0.000 0.196
320000 0.122 0.682 0.000 0.196
320500 0.122 0.682 0.000 0.196
321000 0.122 0.682 0.000 0.196
321500 0.122 0.682 0.000 0.196
322000 0.122 0.682 0.000 0.196
322500 0.122 0.682 0.000 0.196
323000 0.122 0.682 0.000 0.196
323500 0.122 0.682 0.000 0.196
324000 0.122 0.682 0.000 0.196
324500 0.122 0.682 0.000 0.196
325000 0.122 0.682 0.000 0.196
325500 0.122 0.682 0.000 0.196
326000 0.122 0.682 0.000 0.196
326500 0.122 0.682 0.000 0.196
327000 0.122 0.682 0.000 0.196
327500 0.122 0.682 0.000 0.196
328000 0.122 0.682 0.000 0.196
328500 0.122 0.682 0.000 0.196
329000 0.122 0.682 0.000 0.196
329500 0.122 0.682 0.000 0.196
330000 0.122 0.682 0.000 0.196
330500 0.122 0.682 0.000 0.196
331000 0.122 0.682 0.000 0.196
331500 0.122 0.682 0.000 0.196
332000 0.122 0.682 0.000 0.196
332500 0.122 0.682 0.000 0.196
333000 0.122 0.682 0.000 0.196
333500 0.122 0.682 0.000 0.196
334000 0.122 0.682 0.000 0.196
334500 0.122 0.682 0.000 0.196
335000 0.122 0.682 0.000 0.196
335500 0.122 0.682 0.000 0.196
336000 0.122 0.682 0.000 0.196
336500 0.122 0.682 0.000 0.196
337000 0.122 0.682 0.000 0.196
337500 0.122 0.682 0.000 0.196
338000 0.122 0.682 0.000 0.196
338500 0.122 0.682 0.000 0.196
339000 0.122 0.682 0.000 0.196
339500 0.122 0.682 0.000 0.196
340000 0.122 0.682 0.000 0.196
340500 0.122 0.682 0.000 0.196
341000 0.122 0.682 0.000 0.196
341500 0.122 0.682 0.000 0.196
342000 0.122 0.682 0.000 0.196
342500 0.122 0.682 0.000 0.196
343000 0.122 0.682 0.000 0.196
343500 0.122 0.682 0.000 0.196
344000 0.122 0.682 0.000 0.196
344500 0.122 0.682 0.000 0.196
345000 0.122 0.682 0.000 0.196
345500 0.122 0.682 0.000 0.196
346000 0.122 0.682 0.000 0.196
346500 0.122 0.682 0.000 0.196
347000 0.122 0.682 0.000 0.196
347500 0.122 0.682 0.000 0.196
348000 0.122 0.682 0.000 0.196
348500 0.122 0.682 0.000 0.196
349000 0.122 0.682 0.000 0.196
349500 0.122 0.682 0.000 0.196
350000 0.122 0.682 0.000 0.196
350500 0.122 0.682 0.000 0.196
351000 0.122 0.682 0.000 0.196
351500 0.122 0.682 0.000 0.196
352000 0.122 0.682 0.000 0.196
352500 0.122 0.682 0.000 0.196
353000 0.122 0.682 0.000 0.196
353500 0.122 0.682 0.000 0.196
354000 0.122 0.682 0.000 0.196
354500 0.122 0.682 0.000 0.196
355000 0.122 0.682 0.000 0.196
355500 0.122 0.682 0.000 0.196
356000 0.122 0.682 0.000 0.196
356500 0.122 0.682 0.000 0.196
357000 0.122 0.682 0.000 0.196
357500 0.122 0.682 0.000 0.196
358000 0.122 0.682 0.000 0.196
358500 0.122 0.682 0.000 0.196
359000 0.122 0.682 0.000 0.196
359500 0.122 0.682 0.000 0.196
360000 0.122 0.682 0.000 0.196
360500 0.122 0.682 0.000 0.196
361000 0.122 0.682 0.000 0.196
361500 0.122 0.682 0.000 0.196
362000 0.122 0.682 0.000 0.196
362500 0.122 0.682 0.000 0.196
363000 0.122 0.682 0.000 0.196
363500 0.122 0.682 0.000 0.196
364000 0.122 0.682 0.000 0.196
364500 0.122 0.682 0.000 0.196
365000 0.122 0.682 0.000 0.196
365500 0.122 0.682 0.000 0.196
366000 0.122 0.682 0.000 0.196
366500 0.122 0.682 0.000 0.196
367000 0.122 0.682 0.000 0.196
367500 0.122 0.682 0.000 0.196
368000 0.122 0.682 0.000 0.196
368500 0.122 0.682 0.000 0.196
369000 0.122 0.682 0.000 0.196
369500 0.122 0.682 0.000 0.196
370000 0.122 0.682 0.000 0.196
370500 0.122 0.682 0.000 0.196
371000 0.122 0.682 0.000 0.196
371500 0.122 0.682 0.000 0.196
372000 0.122 0.682 0.000 0.196
372500 0.122 0.682 0.000 0.196
373000 0.122 0.682 0.000 0.196
373500 0.122 0.682 0.000 0.196
374000 0.122 0.682 0.000 0.196
374500 0.122 0.682 0.000 0.196
375000 0.122 0.682 0.000 0.196
375500 0.122 0.682 0.000 0.196
376000 0.122 0.682 0.000 0.196
376500 0.122 0.682 0.000 0.196
377000 0.122 0.682 0.000 0.196
377500 0.122 0.682 0.000 0.196
378000 0.122 0.682 0.000 0.196
378500 0.122 0.682 0.000 0.196
379000 0.122 0.682 0.000 0.196
379500 0.122 0.682 0.000 0.196
380000 0.122 0.682 0.000 0.196
380500 0.122 0.682 0.000 0.196
381000 0.122 0.682 0.000 0.196
381500 0.122 0.682 0.000 0.196
382000 0.122 0.682 0.000 0.196
382500 0.122 0.682 0.000 0.196
383000 0.122 0.682 0.000 0.196
383500 0.122 0.682 0.000 0.196
384000 0.122 0.682 0.000 0.196
384500 0.122 0.682 0.000 0.196
385000 0.122 0.682 0.000 0.196
385500 0.122 0.682 0.000 0.196
386000 0.122 0.682 0.000 0.196
386500 0.122 0.682 0.000 0.196
387000 0.122 0.682 0.000 0.196
387500 0.122 0.682 0.000 0.196
388000 0.122 0.682 0.000 0.196
388500 0.122 0.682 0.000 0.196
389000 0.122 0.682 0.000 0.196
389500 0.122 0.682 0.000 0.196
390000 0.122 0.682 0.000 0.196
390500 0.122 0.682 0.000 0.196
391000 0.122 0.682 0.000 0.196
391500 0.122 0.682 0.000 0.196
392000 0.122 0.682 0.000 0.196
392500 0.122 0.682 0.000 0.196
393000 0.122 0.682 0.000 0.196
393500 0.122 0.682 0.000 0.196
394000 0.122 0.682 0.000 0.196
394500 0.122 0.682 0.000 0.196
395000 0.122 0.682 0.000 0.196
395500 0.122 0.682 0.000 0.196
396000 0.122 0.682 0.000 0.196
396500 0.122 0.682 0.000 0.196
397000 0.122 0.682 0.000 0.196
397500 0.122 0.682 0.000 0.196
398000 0.122 0.682 0.000 0.196
398500 0.122 0.682 0.000 0.196
399000 0.122 0.682 0.000 0.196
399500 0.122 0.682 0.000 0.196
400000 0.122 0.682 0.000 0.196
400500 0.122 0.682 0.000 0.196
401000 0.122 0.682 0.000 0.196
401500 0.122 0.682 0.000 0.196
402000 0.122 0.682 0.000 0.196
402500 0.122 0.682 0.000 0.196
403000 0.122 0.682 0.000 0.196
403500 0.122 0.682 0.000 0.196
404000 0.122 0.682 0.000 0.196
404500 0.122 0.682 0.000 0.196
405000 0.122 0.682 0.000 0.196
405500 0.122 0.682 0.000 0.196
406000 0.122 0.682 0.000 0.196
406500 0.122 0.682 0.000 0.196
407000 0.122 0.682 0.000 0.196
407500 0.122 0.682 0.000 0.196
408000 0.122 0.682 0.000 0.196
408500 0.122 0.682 0.000 0.196
409000 0.122 0.682 0.000 0.196
409500 0.122 0.682 0.000 0.196
410000 0.122 0.682 0.000 0.196
410500 0.122 0.682 0.000 0.196
411000 0.122 0.682 0.000 0.196
411500 0.122 0.682 0.000 0.196
412000 0.122 0.682 0.000 0.196
412500 0.122 0.682 0.000 0.196
413000 0.122 0.682 0.000 0.196
413500 0.122 0.682 0.000 0.196
414000 0.122 0.682 0.000 0.196
414500 0.122 0.682 0.000 0.196
415000 0.122 0.682 0.000 0.196
415500 0.122 0.682 0.000 0.196
416000 0.122 0.682 0.000 0.196
416500 0.122 0.682 0.000 0.196
417000 0.122 0.682 0.000 0.196
417500 0.122 0.682 0.000 0.196
418000 0.122 0.682 0.000 0.196
418500 0.122 0.682 0.000 0.196
419000 0.122 0.682 0.000 0.196
419500 0.122 0.682 0.000 0.196
420000 0.122 0.682 0.000 0.196
420500 0.122 0.682 0.000 0.196
421000 0.122 0.682 0.000 0.196
421500 0.122 0.682 0.000 0.196
422000 0.122 0.682 0.000 0.196
422500 0.122 0.682 0.000 0.196
423000 0.122 0.682 0.000 0.196
423500 0.122 0.682 0.000 0.196
424000 0.122 0.682 0.000 0.196
424500 0.122 0.682 0.000 0.196
425000 0.122 0.682 0.000 0.196
425500 0.122 0.682 0.000 0.196
426000 0.122 0.682 0.000 0.196
426500 0.122 0.682 0.000 0.196
427000 0.122 0.682 0.000 0.196
427500 0.122 0.682 0.000 0.196
428000 0.122 0.682 0.000 0.196
428500 0.122 0.682 0.000 0.196
429000 0.122 0.682 0.000 0.196
429500 0.122 0.682 0.000 0.196
430000 0.122 0.682 0.000 0.196
430500 0.122 0.682 0.000 0.196
431000 0.122 0.682 0.000 0.196
431500 0.122 0.682 0.000 0.196
432000 0.122 0.682 0.000 0.196
432500 0.122 0.682 0.000 0.196
433000 0.122 0.682 0.000 0.196
433500 0.122 0.682 0.000 0.196
434000 0.122 0.682 0.000 0.196
434500 0.122 0.682 0.000 0.196
435000 0.122 0.682 0.000 0.196
435500 0.122 0.682 0.000 0.196
436000 0.122 0.682 0.000 0.196
436500 0.122 0.682 0.000 0.196
437000 0.122 0.682 0.000 0.196
437500 0.122 0.682 0.000 0.196
438000 0.122 0.682 0.000 0.196
438500 0.122 0.682 0.000 0.196
439000 0.122 0.682 0.000 0.196
439500 0.122 0.682 0.000 0.196
440000 0.122 0.682 0.000 0.196
440500 0.122 0.682 0.000 0.196
441000 0.122 0.682 0.000 0.196
441500 0.122 0.682 0.000 0.196
442000 0.122 0.682 0.000 0.196
442500 0.122 0.682 0.000 0.196
443000 0.122 0.682 0.000 0.196
443500 0.122 0.682 0.000 0.196
444000 0.122 0.682 0.000 0.196
444500 0.122 0.682 0.000 0.196
445000 0.122 0.682 0.000 0.196
445500 0.122 0.682 0.000 0.196
446000 0.122 0.682 0.000 0.196
446500 0.122 0.682 0.000 0.196
447000 0.122 0.682 0.000 0.196
447500 0.122 0.682 0.000 0.196
448000 0.122 0.682 0.000 0.196
448500 0.122 0.682 0.000 0.196
449000 0.122 0.682 0.000 0.196
449500 0.122 0.682 0.000 0.196
450000 0.122 0.682 0.000 0.196
450500 0.122 0.682 0.000 0.196
451000 0.122 0.682 0.000 0.196
451500 0.122 0.682 0.000 0.196
452000 0.122 0.682 0.000 0.196
452500 0.122 0.682 0.000 0.196
453000 0.122 0.682 0.000 0.196
453500 0.122 0.682 0.000 0.196
454000 0.122 0.682 0.000 0.196
454500 0.122 0.682 0.000 0.196
455000 0.122 0.682 0.000 0.196
455500 0.122 0.682 0.000 0.196
456000 0.122 0.682 0.000 0.196
456500 0.122 0.682 0.000 0.196
457000 0.122 0.682 0.000 0.196
457500 0.122 0.682 0.000 0.196
458000 0.122 0.682 0.000 0.196
458500 0.122 0.682 0.000 0.196
459000 0.122 0.682 0.000 0.196
459500 0.122 0.682 0.000 0.196
460000 0.122 0.682 0.000 0.196
460500 0.122 0.682 0.000 0.196
461000 0.122 0.682 0.000 0.196
461500 0.122 0.682 0.000 0.196
462000 0.122 0.682 0.000 0.196
462500 0.122 0.682 0.000 0.196
463000 0.122 0.682 0.000 0.196
463500 0.122 0.682 0.000 0.196
464000 0.122 0.682 0.000 0.196
464500 0.122 0.682 0.000 0.196
465000 0.122 0.682 0.000 0.196
465500 0.122 0.682 0.000 0.196
466000 0.122 0.682 0.000 0.196
466500 0.122 0.682 0.000 0.196
467000 0.122 0.682 0.000 0.196
467500 0.122 0.682 0.000 0.196
468000 0.122 0.682 0.000 0.196
468500 0.122 0.682 0.000 0.196
469000 0.122 0.682 0.000 0.196
469500 0.122 0.682 0.000 0.196
470000 0.122 0.682 0.000 0.196
470500 0.122 0.682 0.000 0.196
471000 0.122 0.682 0.000 0.196
471500 0.122 0.682 0.000 0.196
472000 0.122 0.682 0.000 0.196
472500 0.122 0.682 0.000 0.196
473000 0.122 0.682 0.000 0.196
473500 0.122 0.682 0.000 0.196
474000 0.122 0.682 0.000 0.196
474500 0.122 0.682 0.000 0.196
475000 0.122 0.682 0.000 0.196
475500 0.122 0.682 0.000 0.196
476000 0.122 0.682 0.000 0.196
476500 0.122 0.682 0.000 0.196
477000 0.122 0.682 0.000 0.196
477500 0.122 0.682 0.000 0.196
478000 0.122 0.682 0.000 0.196
478500 0.122 0.682 0.000 0.196
479000 0.122 0.682 0.000 0.196
479500 0.122 0.682 0.000 0.196
480000 0.122 0.682 0.000 0.196
480500 0.122 0.682 0.000 0.196
481000 0.122 0.682 0.000 0.196
481500 0.122 0.682 0.000 0.196
482000 0.122 0.682 0.000 0.196
482500 0.122 0.682 0.000 0.196
483000 0.122 0.682 0.000 0.196
483500 0.122 0.682 0.000 0.196
484000 0.122 0.682 0.000 0.196
484500 0.122 0.682 0.000 0.196
485000 0.122 0.682 0.000 0.196
485500 0.122 0.682 0.000 0.196
486000 0.122 0.682 0.000 0.196
486500 0.122 0.682 0.000 0.196
487000 0.122 0.682 0.000 0.196
487500 0.122 0.682 0.000 0.196
488000 0.122 0.682 0.000 0.196
488500 0.122 0.682 0.000 0.196
489000 0.122 0.682 0.000 0.196
489500 0.122 0.682 0.000 0.196
490000 0.122 0.682 0.000 0.196
490500 0.122 0.682 0.000 0.196
491000 0.122 0.682 0.000 0.196
491500 0.122 0.682 0.000 0.196
492000 0.122 0.682 0.000 0.196
492500 0.122 0.682 0.000 0.196
493000 0.122 0.682 0.000 0.196
493500 0.122 0.682 0.000 0.196
494000 0.122 0.682 0.000 0.196
494500 0.122 0.682 0.000 0.196
495000 0.122 0.682 0.000 0.196
495500 0.122 0.682 0.000 0.196
496000 0.122 0.682 0.000 0.196
496500 0.122 0.682 0.000 0.196
497000 0.122 0.682 0.000 0.196
497500 0.122 0.682 0.000 0.196
498000 0.122 0.682 0.000 0.196
498500 0.122 0.682 0.000 0.196
499000 0.122 0.682 0.000 0.196
499500 0.122 0.682 0.000 0.196
500000 0.122 0.682 0.000 0.196
