000000 0.250 0.250 0.250 0.250
000500 0.178 0.416 0.000 0.406
001000 0.178 0.417 0.000 0.405
001500 0.178 0.417 0.000 0.405
002000 0.178 0.417 0.000 0.405
002500 0.178 0.417 0.000 0.405
003000 0.178 0.417 0.000 0.405
003500 0.178 0.417 0.000 0.405
004000 0.178 0.417 0.000 0.405
004500 0.178 0.417 0.000 0.405
005000 0.178 0.417 0.000 0.405
005500 0.178 0.417 0.000 0.405
006000 0.178 0.417 0.000 0.405
006500 0.178 0.417 0.000 0.405
007000 0.178 0.417 0.000 0.405
007500 0.178 0.417 0.000 0.405
008000 0.178 0.417 0.000 0.405
008500 0.178 0.417 0.000 0.405
009000 0.178 0.417 0.000 0.405
009500 0.178 0.417 0.000 0.405
010000 0.178 0.417 0.000 0.405
010500 0.178 0.417 0.000 0.405
011000 0.178 0.417 0.000 0.405
011500 0.178 0.417 0.000 0.405
012000 0.178 0.417 0.000 0.405
012500 0.178 0.417 0.000 0.405
013000 0.178 0.417 0.000 0.405
013500 0.178 0.417 0.000 0.405
014000 0.178 0.417 0.000 0.405
014500 0.178 0.417 0.000 0.405
015000 0.178 0.417 0.000 0.405
015500 0.178 0.417 0.000 0.405
016000 0.178 0.417 0.000 0.405
016500 0.178 0.417 0.000 0.405
017000 0.178 0.417 0.000 0.405
017500 0.178 0.417 0.000 0.405
018000 0.178 0.417 0.000 0.405
018500 0.178 0.417 0.000 0.405
019000 0.178 0.417 0.000 0.405
019500 0.178 0.417 0.000 0.405
020000 0.178 0.417 0.000 0.405
020500 0.178 0.417 0.000 0.405
021000 0.178 0.417 0.000 0.405
021500 0.178 0.417 0.000 0.405
022000 0.178 0.417 0.000 0.405
022500 0.178 0.417 0.000 0.405
023000 0.178 0.417 0.000 0.405
023500 0.178 0.417 0.000 0.405
024000 0.178 0.417 0.000 0.405
024500 0.178 0.417 0.000 0.405
025000 0.178 0.417 0.000 0.405
025500 0.178 0.417 0.000 0.405
026000 0.178 0.417 0.000 0.405
026500 0.178 0.417 0.000 0.405
027000 0.178 0.417 0.000 0.405
027500 0.178 0.417 0.000 0.405
028000 0.178 0.417 0.000 0.405
028500 0.178 0.417 0.000 0.405
029000 0.178 0.417 0.000 0.405
029500 0.178 0.417 0.000 0.405
030000 0.178 0.417 0.000 0.405
030500 0.178 0.417 0.000 0.405
031000 0.178 0.417 0.000 0.405
031500 0.178 0.417 0.000 0.405
032000 0.178 0.417 0.000 0.405
032500 0.178 0.417 0.000 0.405
033000 0.178 0.417 0.000 0.405
033500 0.178 0.417 0.000 0.405
034000 0.178 0.417 0.000 0.405
034500 0.178 0.417 0.000 0.405
035000 0.178 0.417 0.000 0.405
035500 0.178 0.417 0.000 0.405
036000 0.178 0.417 0.000 0.405
036500 0.178 0.417 0.000 0.405
037000 0.178 0.417 0.000 0.405
037500 0.178 0.417 0.000 0.405
038000 0.178 0.417 0.000 0.405
038500 0.178 0.417 0.000 0.405
039000 0.178 0.417 0.000 0.405
039500 0.178 0.417 0.000 0.405
040000 0.178 0.417 0.000 0.405
040500 0.178 0.417 0.000 0.405
041000 0.178 0.417 0.000 0.405
041500 0.178 0.417 0.000 0.405
042000 0.178 0.417 0.000 0.405
042500 0.178 0.417 0.000 0.405
043000 0.178 0.417 0.000 0.405
043500 0.178 0.417 0.000 0.405
044000 0.178 0.417 0.000 0.405
044500 0.178 0.417 0.000 0.405
045000 0.178 0.417 0.000 0.405
045500 0.178 0.417 0.000 0.405
046000 0.178 0.417 0.000 0.405
046500 0.178 0.417 0.000 0.405
047000 0.178 0.417 0.000 0.405
047500 0.178 0.417 0.000 0.405
048000 0.178 0.417 0.000 0.405
048500 0.178 0.417 0.000 0.405
049000 0.178 0.417 0.000 0.405
049500 0.178 0.417 0.000 0.405
050000 0.178 0.417 0.000 0.405
050500 0.178 0.417 0.000 0.405
051000 0.178 0.417 0.000 0.405
051500 0.178 0.417 0.000 0.405
052000 0.178 0.417 0.000 0.405
052500 0.178 0.417 0.000 0.405
053000 0.178 0.417 0.000 0.405
053500 0.178 0.417 0.000 0.405
054000 0.178 0.417 0.000 0.405
054500 0.178 0.417 0.000 0.405
055000 0.178 0.417 0.000 0.405
055500 0.178 0.417 0.000 0.405
056000 0.178 0.417 0.000 0.405
056500 0.178 0.417 0.000 0.405
057000 0.178 0.417 0.000 0.405
057500 0.178 0.417 0.000 0.405
058000 0.178 0.417 0.000 0.405
058500 0.178 0.417 0.000 0.405
059000 0.178 0.417 0.000 0.405
059500 0.178 0.417 0.000 0.405
060000 0.178 0.417 0.000 0.405
060500 0.178 0.417 0.000 0.405
061000 0.178 0.417 0.000 0.405
061500 0.178 0.417 0.000 0.405
062000 0.178 0.417 0.000 0.405
062500 0.178 0.417 0.000 0.405
063000 0.178 0.417 0.000 0.405
063500 0.178 0.417 0.000 0.405
064000 0.178 0.417 0.000 0.405
064500 0.178 0.417 0.000 0.405
065000 0.178 0.417 0.000 0.405
065500 0.178 0.417 0.000 0.405
066000 0.178 0.417 0.000 0.405
066500 0.178 0.417 0.000 0.405
067000 0.178 0.417 0.000 0.405
067500 0.178 0.417 0.000 0.405
068000 0.178 0.417 0.000 0.405
068500 0.178 0.417 0.000 0.405
069000 0.178 0.417 0.000 0.405
069500 0.178 0.417 0.000 0.405
070000 0.178 0.417 0.000 0.405
070500 0.178 0.417 0.000 0.405
071000 0.178 0.417 0.000 0.405
071500 0.178 0.417 0.000 0.405
072000 0.178 0.417 0.000 0.405
072500 0.178 0.417 0.000 0.405
073000 0.178 0.417 0.000 0.405
073500 0.178 0.417 0.000 0.405
074000 0.178 0.417 0.000 0.405
074500 0.178 0.417 0.000 0.405
075000 0.178 0.417 0.000 0.405
075500 0.178 0.417 0.000 0.405
076000 0.178 0.417 0.000 0.405
076500 0.178 0.417 0.000 0.405
077000 0.178 0.417 0.000 0.405
077500 0.178 0.417 0.000 0.405
078000 0.178 0.417 0.000 0.405
078500 0.178 0.417 0.000 0.405
079000 0.178 0.417 0.000 0.405
079500 0.178 0.417 0.000 0.405
080000 0.178 0.417 0.000 0.405
080500 0.178 0.417 0.000 0.405
081000 0.178 0.417 0.000 0.405
081500 0.178 0.417 0.000 0.405
082000 0.178 0.417 0.000 0.405
082500 0.178 0.417 0.000 0.405
083000 0.178 0.417 0.000 0.405
083500 0.178 0.417 0.000 0.405
084000 0.178 0.417 0.000 0.405
084500 0.178 0.417 0.000 0.405
085000 0.178 0.417 0.000 0.405
085500 0.178 0.417 0.000 0.405
086000 0.178 0.417 0.000 0.405
086500 0.178 0.417 0.000 0.405
087000 0.178 0.417 0.000 0.405
087500 0.178 0.417 0.000 0.405
088000 0.178 0.417 0.000 0.405
088500 0.178 0.417 0.000 0.405
089000 0.178 0.417 0.000 0.405
089500 0.178 0.417 0.000 0.405
090000 0.178 0.417 0.000 0.405
090500 0.178 0.417 0.000 0.405
091000 0.178 0.417 0.000 0.405
091500 0.178 0.417 0.000 0.405
092000 0.178 0.417 0.000 0.405
092500 0.178 0.417 0.000 0.405
093000 0.178 0.417 0.000 0.405
093500 0.178 0.417 0.000 0.405
094000 0.178 0.417 0.000 0.405
094500 0.178 0.417 0.000 0.405
095000 0.178 0.417 0.000 0.405
095500 0.178 0.417 0.000 0.405
096000 0.178 0.417 0.000 0.405
096500 0.178 0.417 0.000 0.405
097000 0.178 0.417 0.000 0.405
097500 0.178 0.417 0.000 0.405
098000 0.178 0.417 0.000 0.405
098500 0.178 0.417 0.000 0.405
099000 0.178 0.417 0.000 0.405
099500 0.178 0.417 0.000 0.405
100000 0.178 0.417 0.000 0.405
100500 0.178 0.417 0.000 0.405
101000 0.178 0.417 0.000 0.405
101500 0.178 0.417 0.000 0.405
102000 0.178 0.417 0.000 0.405
102500 0.178 0.417 0.000 0.405
103000 0.178 0.417 0.000 0.405
103500 0.178 0.417 0.000 0.405
104000 0.178 0.417 0.000 0.405
104500 0.178 0.417 0.000 0.405
105000 0.178 0.417 0.000 0.405
105500 0.178 0.417 0.000 0.405
106000 0.178 0.417 0.000 0.405
106500 0.178 0.417 0.000 0.405
107000 0.178 0.417 0.000 0.405
107500 0.178 0.417 0.000 0.405
108000 0.178 0.417 0.000 0.405
108500 0.178 0.417 0.000 0.405
109000 0.178 0.417 0.000 0.405
109500 0.178 0.417 0.000 0.405
110000 0.178 0.417 0.000 0.405
110500 0.178 0.417 0.000 0.405
111000 0.178 0.417 0.000 0.405
111500 0.178 0.417 0.000 0.405
112000 0.178 0.417 0.000 0.405
112500 0.178 0.417 0.000 0.405
113000 0.178 0.417 0.000 0.405
113500 0.178 0.417 0.000 0.405
114000 0.178 0.417 0.000 0.405
114500 0.178 0.417 0.000 0.405
115000 0.178 0.417 0.000 0.405
115500 0.178 0.417 0.000 0.405
116000 0.178 0.417 0.000 0.405
116500 0.178 0.417 0.000 0.405
117000 0.178 0.417 0.000 0.405
117500 0.178 0.417 0.000 0.405
118000 0.178 0.417 0.000 0.405
118500 0.178 0.417 0.000 0.405
119000 0.178 0.417 0.000 0.405
119500 0.178 0.417 0.000 0.405
120000 0.178 0.417 0.000 0.405
120500 0.178 0.417 0.000 0.405
121000 0.178 0.417 0.000 0.405
121500 0.178 0.417 0.000 0.405
122000 0.178 0.417 0.000 0.405
122500 0.178 0.417 0.000 0.405
123000 0.178 0.417 0.000 0.405
123500 0.178 0.417 0.000 0.405
124000 0.178 0.417 0.000 0.405
124500 0.178 0.417 0.000 0.405
125000 0.178 0.417 0.000 0.405
125500 0.178 0.417 0.000 0.405
126000 0.178 0.417 0.000 0.405
126500 0.178 0.417 0.000 0.405
127000 0.178 0.417 0.000 0.405
127500 0.178 0.417 0.000 0.405
128000 0.178 0.417 0.000 0.405
128500 0.178 0.417 0.000 0.405
129000 0.178 0.417 0.000 0.405
129500 0.178 0.417 0.000 0.405
130000 0.178 0.417 0.000 0.405
130500 0.178 0.417 0.000 0.405
131000 0.178 0.417 0.000 0.405
131500 0.178 0.417 0.000 0.405
132000 0.178 0.417 0.000 0.405
132500 0.178 0.417 0.000 0.405
133000 0.178 0.417 0.000 0.405
133500 0.178 0.417 0.000 0.405
134000 0.178 0.417 0.000 0.405
134500 0.178 0.417 0.000 0.405
135000 0.178 0.417 0.000 0.405
135500 0.178 0.417 0.000 0.405
136000 0.178 0.417 0.000 0.405
136500 0.178 0.417 0.000 0.405
137000 0.178 0.417 0.000 0.405
137500 0.178 0.417 0.000 0.405
138000 0.178 0.417 0.000 0.405
138500 0.178 0.417 0.000 0.405
139000 0.178 0.417 0.000 0.405
139500 0.178 0.417 0.000 0.405
140000 0.178 0.417 0.000 0.405
140500 0.178 0.417 0.000 0.405
141000 0.178 0.417 0.000 0.405
141500 0.178 0.417 0.000 0.405
142000 0.178 0.417 0.000 0.405
142500 0.178 0.417 0.000 0.405
143000 0.178 0.417 0.000 0.405
143500 0.178 0.417 0.000 0.405
144000 0.178 0.417 0.000 0.405
144500 0.178 0.417 0.000 0.405
145000 0.178 0.417 0.000 0.405
145500 0.178 0.417 0.000 0.405
146000 0.178 0.417 0.000 0.405
146500 0.178 0.417 0.000 0.405
147000 0.178 0.417 0.000 0.405
147500 0.178 0.417 0.000 0.405
148000 0.178 0.417 0.000 0.405
148500 0.178 0.417 0.000 0.405
149000 0.178 0.417 0.000 0.405
149500 0.178 0.417 0.000 0.405
150000 0.178 0.417 0.000 0.405
150500 0.178 0.417 0.000 0.405
151000 0.178 0.417 0.000 0.405
151500 0.178 0.417 0.000 0.405
152000 0.178 0.417 0.000 0.405
152500 0.178 0.417 0.000 0.405
153000 0.178 0.417 0.000 0.405
153500 0.178 0.417 0.000 0.405
154000 0.178 0.417 0.000 0.405
154500 0.178 0.417 0.000 0.405
155000 0.178 0.417 0.000 0.405
155500 0.178 0.417 0.000 0.405
156000 0.178 0.417 0.000 0.405
156500 0.178 0.417 0.000 0.405
157000 0.178 0.417 0.000 0.405
157500 0.178 0.417 0.000 0.405
158000 0.178 0.417 0.000 0.405
158500 0.178 0.417 0.000 0.405
159000 0.178 0.417 0.000 0.405
159500 0.178 0.417 0.000 0.405
160000 0.178 0.417 0.000 0.405
160500 0.178 0.417 0.000 0.405
161000 0.178 0.417 0.000 0.405
161500 0.178 0.417 0.000 0.405
162000 0.178 0.417 0.000 0.405
162500 0.178 0.417 0.000 0.405
163000 0.178 0.417 0.000 0.405
163500 0.178 0.417 0.000 0.405
164000 0.178 0.417 0.000 0.405
164500 0.178 0.417 0.000 0.405
165000 0.178 0.417 0.000 0.405
165500 0.178 0.417 0.000 0.405
166000 0.178 0.417 0.000 0.405
166500 0.178 0.417 0.000 0.405
167000 0.178 0.417 0.000 0.405
167500 0.178 0.417 0.000 0.405
168000 0.178 0.417 0.000 0.405
168500 0.178 0.417 0.000 0.405
169000 0.178 0.417 0.000 0.405
169500 0.178 0.417 0.000 0.405
170000 0.178 0.417 0.000 0.405
170500 0.178 0.417 0.000 0.405
171000 0.178 0.417 0.000 0.405
171500 0.178 0.417 0.000 0.405
172000 0.178 0.417 0.000 0.405
172500 0.178 0.417 0.000 0.405
173000 0.178 0.417 0.000 0.405
173500 0.178 0.417 0.000 0.405
174000 0.178 0.417 0.000 0.405
174500 0.178 0.417 0.000 0.405
175000 0.178 0.417 0.000 0.405
175500 0.178 0.417 0.000 0.405
176000 0.178 0.417 0.000 0.405
176500 0.178 0.417 0.000 0.405
177000 0.178 0.417 0.000 0.405
177500 0.178 0.417 0.000 0.405
178000 0.178 0.417 0.000 0.405
178500 0.178 0.417 0.000 0.405
179000 0.178 0.417 0.000 0.405
179500 0.178 0.417 0.000 0.405
180000 0.178 0.417 0.000 0.405
180500 0.178 0.417 0.000 0.405
181000 0.178 0.417 0.000 0.405
181500 0.178 0.417 0.000 0.405
182000 0.178 0.417 0.000 0.405
182500 0.178 0.417 0.000 0.405
183000 0.178 0.417 0.000 0.405
183500 0.178 0.417 0.000 0.405
184000 0.178 0.417 0.000 0.405
184500 0.178 0.417 0.000 0.405
185000 0.178 0.417 0.000 0.405
185500 0.178 0.417 0.000 0.405
186000 0.178 0.417 0.000 0.405
186500 0.178 0.417 0.000 0.405
187000 0.178 0.417 0.000 0.405
187500 0.178 0.417 0.000 0.405
188000 0.178 0.417 0.000 0.405
188500 0.178 0.417 0.000 0.405
189000 0.178 0.417 0.000 0.405
189500 0.178 0.417 0.000 0.405
190000 0.178 0.417 0.000 0.405
190500 0.178 0.417 0.000 0.405
191000 0.178 0.417 0.000 0.405
191500 0.178 0.417 0.000 0.405
192000 0.178 0.417 0.000 0.405
192500 0.178 0.417 0.000 0.405
193000 0.178 0.417 0.000 0.405
193500 0.178 0.417 0.000 0.405
194000 0.178 0.417 0.000 0.405
194500 0.178 0.417 0.000 0.405
195000 0.178 0.417 0.000 0.405
195500 0.178 0.417 0.000 0.405
196000 0.178 0.417 0.000 0.405
196500 0.178 0.417 0.000 0.405
197000 0.178 0.417 0.000 0.405
197500 0.178 0.417 0.000 0.405
198000 0.178 0.417 0.000 0.405
198500 0.178 0.417 0.000 0.405
199000 0.178 0.417 0.000 0.405
199500 0.178 0.417 0.000 0.405
200000 0.178 0.417 0.000 0.405
200500 0.178 0.417 0.000 0.405
201000 0.178 0.417 0.000 0.405
201500 0.178 0.417 0.000 0.405
202000 0.178 0.417 0.000 0.405
202500 0.178 0.417 0.000 0.405
203000 0.178 0.417 0.000 0.405
203500 0.178 0.417 0.000 0.405
204000 0.178 0.417 0.000 0.405
204500 0.178 0.417 0.000 0.405
205000 0.178 0.417 0.000 0.405
205500 0.178 0.417 0.000 0.405
206000 0.178 0.417 0.000 0.405
206500 0.178 0.417 0.000 0.405
207000 0.178 0.417 0.000 0.405
207500 0.178 0.417 0.000 0.405
208000 0.178 0.417 0.000 0.405
208500 0.178 0.417 0.000 0.405
209000 0.178 0.417 0.000 0.405
209500 0.178 0.417 0.000 0.405
210000 0.178 0.417 0.000 0.405
210500 0.178 0.417 0.000 0.405
211000 0.178 0.417 0.000 0.405
211500 0.178 0.417 0.000 0.405
212000 0.178 0.417 0.000 0.405
212500 0.178 0.417 0.000 0.405
213000 0.178 0.417 0.000 0.405
213500 0.178 0.417 0.000 0.405
214000 0.178 0.417 0.000 0.405
214500 0.178 0.417 0.000 0.405
215000 0.178 0.417 0.000 0.405
215500 0.178 0.417 0.000 0.405
216000 0.178 0.417 0.000 0.405
216500 0.178 0.417 0.000 0.405
217000 0.178 0.417 0.000 0.405
217500 0.178 0.417 0.000 0.405
218000 0.178 0.417 0.000 0.405
218500 0.178 0.417 0.000 0.405
219000 0.178 0.417 0.000 0.405
219500 0.178 0.417 0.000 0.405
220000 0.178 0.417 0.000 0.405
220500 0.178 0.417 0.000 0.405
221000 0.178 0.417 0.000 0.405
221500 0.178 0.417 0.000 0.405
222000 0.178 0.417 0.000 0.405
222500 0.178 0.417 0.000 0.405
223000 0.178 0.417 0.000 0.405
223500 0.178 0.417 0.000 0.405
224000 0.178 0.417 0.000 0.405
224500 0.178 0.417 0.000 0.405
225000 0.178 0.417 0.000 0.405
225500 0.178 0.417 0.000 0.405
226000 0.178 0.417 0.000 0.405
226500 0.178 0.417 0.000 0.405
227000 0.178 0.417 0.000 0.405
227500 0.178 0.417 0.000 0.405
228000 0.178 0.417 0.000 0.405
228500 0.178 0.417 0.000 0.405
229000 0.178 0.417 0.000 0.405
229500 0.178 0.417 0.000 0.405
230000 0.178 0.417 0.000 0.405
230500 0.178 0.417 0.000 0.405
231000 0.178 0.417 0.000 0.405
231500 0.178 0.417 0.000 0.405
232000 0.178 0.417 0.000 0.405
232500 0.178 0.417 0.000 0.405
233000 0.178 0.417 0.000 0.405
233500 0.178 0.417 0.000 0.405
234000 0.178 0.417 0.000 0.405
234500 0.178 0.417 0.000 0.405
235000 0.178 0.417 0.000 0.405
235500 0.178 0.417 0.000 0.405
236000 0.178 0.417 0.000 0.405
236500 0.178 0.417 0.000 0.405
237000 0.178 0.417 0.000 0.405
237500 0.178 0.417 0.000 0.405
238000 0.178 0.417 0.000 0.405
238500 0.178 0.417 0.000 0.405
239000 0.178 0.417 0.000 0.405
239500 0.178 0.417 0.000 0.405
240000 0.178 0.417 0.000 0.405
240500 0.178 0.417 0.000 0.405
241000 0.178 0.417 0.000 0.405
241500 0.178 0.417 0.000 0.405
242000 0.178 0.417 0.000 0.405
242500 0.178 0.417 0.000 0.405
243000 0.178 0.417 0.000 0.405
243500 0.178 0.417 0.000 0.405
244000 0.178 0.417 0.000 0.405
244500 0.178 0.417 0.000 0.405
245000 0.178 0.417 0.000 0.405
245500 0.178 0.417 0.000 0.405
246000 0.178 0.417 0.000 0.405
246500 0.178 0.417 0.000 0.405
247000 0.178 0.417 0.000 0.405
247500 0.178 0.417 0.000 0.405
248000 0.178 0.417 0.000 0.405
248500 0.178 0.417 0.000 0.405
249000 0.178 0.417 0.000 0.405
249500 0.178 0.417 0.000 0.405
250000 0.178 0.417 0.000 0.405
250500 0.178 0.417 0.000 0.405
251000 0.178 0.417 0.000 0.405
251500 0.178 0.417 0.000 0.405
252000 0.178 0.417 0.000 0.405
252500 0.178 0.417 0.000 0.405
253000 0.178 0.417 0.000 0.405
253500 0.178 0.417 0.000 0.405
254000 0.178 0.417 0.000 0.405
254500 0.178 0.417 0.000 0.405
255000 0.178 0.417 0.000 0.405
255500 0.178 0.417 0.000 0.405
256000 0.178 0.417 0.000 0.405
256500 0.178 0.417 0.000 0.405
257000 0.178 0.417 0.000 0.405
257500 0.178 0.417 0.000 0.405
258000 0.178 0.417 0.000 0.405
258500 0.178 0.417 0.000 0.405
259000 0.178 0.417 0.000 0.405
259500 0.178 0.417 0.000 0.405
260000 0.178 0.417 0.000 0.405
260500 0.178 0.417 0.000 0.405
261000 0.178 0.417 0.000 0.405
261500 0.178 0.417 0.000 0.405
262000 0.178 0.417 0.000 0.405
262500 0.178 0.417 0.000 0.405
263000 0.178 0.417 0.000 0.405
263500 0.178 0.417 0.000 0.405
264000 0.178 0.417 0.000 0.405
264500 0.178 0.417 0.000 0.405
265000 0.178 0.417 0.000 0.405
265500 0.178 0.417 0.000 0.405
266000 0.178 0.417 0.000 0.405
266500 0.178 0.417 0.000 0.405
267000 0.178 0.417 0.000 0.405
267500 0.178 0.417 0.000 0.405
268000 0.178 0.417 0.000 0.405
268500 0.178 0.417 0.000 0.405
269000 0.178 0.417 0.000 0.405
269500 0.178 0.417 0.000 0.405
270000 0.178 0.417 0.000 0.405
270500 0.178 0.417 0.000 0.405
271000 0.178 0.417 0.000 0.405
271500 0.178 0.417 0.000 0.405
272000 0.178 0.417 0.000 0.405
272500 0.178 0.417 0.000 0.405
273000 0.178 0.417 0.000 0.405
273500 0.178 0.417 0.000 0.405
274000 0.178 0.417 0.000 0.405
274500 0.178 0.417 0.000 0.405
275000 0.178 0.417 0.000 0.405
275500 0.178 0.417 0.000 0.405
276000 0.178 0.417 0.000 0.405
276500 0.178 0.417 0.000 0.405
277000 0.178 0.417 0.000 0.405
277500 0.178 0.417 0.000 0.405
278000 0.178 0.417 0.000 0.405
278500 0.178 0.417 0.000 0.405
279000 0.178 0.417 0.000 0.405
279500 0.178 0.417 0.000 0.405
280000 0.178 0.417 0.000 0.405
280500 0.178 0.417 0.000 0.405
281000 0.178 0.417 0.000 0.405
281500 0.178 0.417 0.000 0.405
282000 0.178 0.417 0.000 0.405
282500 0.178 0.417 0.000 0.405
283000 0.178 0.417 0.000 0.405
283500 0.178 0.417 0.000 0.405
284000 0.178 0.417 0.000 0.405
284500 0.178 0.417 0.000 0.405
285000 0.178 0.417 0.000 0.405
285500 0.178 0.417 0.000 0.405
286000 0.178 0.417 0.000 0.405
286500 0.178 0.417 0.000 0.405
287000 0.178 0.417 0.000 0.405
287500 0.178 0.417 0.000 0.405
288000 0.178 0.417 0.000 0.405
288500 0.178 0.417 0.000 0.405
289000 0.178 0.417 0.000 0.405
289500 0.178 0.417 0.000 0.405
290000 0.178 0.417 0.000 0.405
290500 0.178 0.417 0.000 0.405
291000 0.178 0.417 0.000 0.405
291500 0.178 0.417 0.000 0.405
292000 0.178 0.417 0.000 0.405
292500 0.178 0.417 0.000 0.405
293000 0.178 0.417 0.000 0.405
293500 0.178 0.417 0.000 0.405
294000 0.178 0.417 0.000 0.405
294500 0.178 0.417 0.000 0.405
295000 0.178 0.417 0.000 0.405
295500 0.178 0.417 0.000 0.405
296000 0.178 0.417 0.000 0.405
296500 0.178 0.417 0.000 0.405
297000 0.178 0.417 0.000 0.405
297500 0.178 0.417 0.000 0.405
298000 0.178 0.417 0.000 0.405
298500 0.178 0.417 0.000 0.405
299000 0.178 0.417 0.000 0.405
299500 0.178 0.417 0.000 0.405
300000 0.178 0.417 0.000 0.405
300500 0.178 0.417 0.000 0.405
301000 0.178 0.417 0.000 0.405
301500 0.178 0.417 0.000 0.405
302000 0.178 0.417 0.000 0.405
302500 0.178 0.417 0.000 0.405
303000 0.178 0.417 0.000 0.405
303500 0.178 0.417 0.000 0.405
304000 0.178 0.417 0.000 0.405
304500 0.178 0.417 0.000 0.405
305000 0.178 0.417 0.000 0.405
305500 0.178 0.417 0.000 0.405
306000 0.178 0.417 0.000 0.405
306500 0.178 0.417 0.000 0.405
307000 0.178 0.417 0.000 0.405
307500 0.178 0.417 0.000 0.405
308000 0.178 0.417 0.000 0.405
308500 0.178 0.417 0.000 0.405
309000 0.178 0.417 0.000 0.405
309500 0.178 0.417 0.000 0.405
310000 0.178 0.417 0.000 0.405
310500 0.178 0.417 0.000 0.405
311000 0.178 0.417 0.000 0.405
311500 0.178 0.417 0.000 0.405
312000 0.178 0.417 0.000 0.405
312500 0.178 0.417 0.000 0.405
313000 0.178 0.417 0.000 0.405
313500 0.178 0.417 0.000 0.405
314000 0.178 0.417 0.000 0.405
314500 0.178 0.417 0.000 0.405
315000 0.178 0.417 0.000 0.405
315500 0.178 0.417 0.000 0.405
316000 0.178 0.417 0.000 0.405
316500 0.178 0.417 0.000 0.405
317000 0.178 0.417 0.000 0.405
317500 0.178 0.417 0.000 0.405
318000 0.178 0.417 0.000 0.405
318500 0.178 0.417 0.000 0.405
319000 0.178 0.417 0.000 0.405
319500 0.178 0.417 0.000 0.405
320000 0.178 0.417 0.000 0.405
320500 0.178 0.417 0.000 0.405
321000 0.178 0.417 0.000 0.405
321500 0.178 0.417 0.000 0.405
322000 0.178 0.417 0.000 0.405
322500 0.178 0.417 0.000 0.405
323000 0.178 0.417 0.000 0.405
323500 0.178 0.417 0.000 0.405
324000 0.178 0.417 0.000 0.405
324500 0.178 0.417 0.000 0.405
325000 0.178 0.417 0.000 0.405
325500 0.178 0.417 0.000 0.405
326000 0.178 0.417 0.000 0.405
326500 0.178 0.417 0.000 0.405
327000 0.178 0.417 0.000 0.405
327500 0.178 0.417 0.000 0.405
328000 0.178 0.417 0.000 0.405
328500 0.178 0.417 0.000 0.405
329000 0.178 0.417 0.000 0.405
329500 0.178 0.417 0.000 0.405
330000 0.178 0.417 0.000 0.405
330500 0.178 0.417 0.000 0.405
331000 0.178 0.417 0.000 0.405
331500 0.178 0.417 0.000 0.405
332000 0.178 0.417 0.000 0.405
332500 0.178 0.417 0.000 0.405
333000 0.178 0.417 0.000 0.405
333500 0.178 0.417 0.000 0.405
334000 0.178 0.417 0.000 0.405
334500 0.178 0.417 0.000 0.405
335000 0.178 0.417 0.000 0.405
335500 0.178 0.417 0.000 0.405
336000 0.178 0.417 0.000 0.405
336500 0.178 0.417 0.000 0.405
337000 0.178 0.417 0.000 0.405
337500 0.178 0.417 0.000 0.405
338000 0.178 0.417 0.000 0.405
338500 0.178 0.417 0.000 0.405
339000 0.178 0.417 0.000 0.405
339500 0.178 0.417 0.000 0.405
340000 0.178 0.417 0.000 0.405
340500 0.178 0.417 0.000 0.405
341000 0.178 0.417 0.000 0.405
341500 0.178 0.417 0.000 0.405
342000 0.178 0.417 0.000 0.405
342500 0.178 0.417 0.000 0.405
343000 0.178 0.417 0.000 0.405
343500 0.178 0.417 0.000 0.405
344000 0.178 0.417 0.000 0.405
344500 0.178 0.417 0.000 0.405
345000 0.178 0.417 0.000 0.405
345500 0.178 0.417 0.000 0.405
346000 0.178 0.417 0.000 0.405
346500 0.178 0.417 0.000 0.405
347000 0.178 0.417 0.000 0.405
347500 0.178 0.417 0.000 0.405
348000 0.178 0.417 0.000 0.405
348500 0.178 0.417 0.000 0.405
349000 0.178 0.417 0.000 0.405
349500 0.178 0.417 0.000 0.405
350000 0.178 0.417 0.000 0.405
350500 0.178 0.417 0.000 0.405
351000 0.178 0.417 0.000 0.405
351500 0.178 0.417 0.000 0.405
352000 0.178 0.417 0.000 0.405
352500 0.178 0.417 0.000 0.405
353000 0.178 0.417 0.000 0.405
353500 0.178 0.417 0.000 0.405
354000 0.178 0.417 0.000 0.405
354500 0.178 0.417 0.000 0.405
355000 0.178 0.417 0.000 0.405
355500 0.178 0.417 0.000 0.405
356000 0.178 0.417 0.000 0.405
356500 0.178 0.417 0.000 0.405
357000 0.178 0.417 0.000 0.405
357500 0.178 0.417 0.000 0.405
358000 0.178 0.417 0.000 0.405
358500 0.178 0.417 0.000 0.405
359000 0.178 0.417 0.000 0.405
359500 0.178 0.417 0.000 0.405
360000 0.178 0.417 0.000 0.405
360500 0.178 0.417 0.000 0.405
361000 0.178 0.417 0.000 0.405
361500 0.178 0.417 0.000 0.405
362000 0.178 0.417 0.000 0.405
362500 0.178 0.417 0.000 0.405
363000 0.178 0.417 0.000 0.405
363500 0.178 0.417 0.000 0.405
364000 0.178 0.417 0.000 0.405
364500 0.178 0.417 0.000 0.405
365000 0.178 0.417 0.000 0.405
365500 0.178 0.417 0.000 0.405
366000 0.178 0.417 0.000 0.405
366500 0.178 0.417 0.000 0.405
367000 0.178 0.417 0.000 0.405
367500 0.178 0.417 0.000 0.405
368000 0.178 0.417 0.000 0.405
368500 0.178 0.417 0.000 0.405
369000 0.178 0.417 0.000 0.405
369500 0.178 0.417 0.000 0.405
370000 0.178 0.417 0.000 0.405
370500 0.178 0.417 0.000 0.405
371000 0.178 0.417 0.000 0.405
371500 0.178 0.417 0.000 0.405
372000 0.178 0.417 0.000 0.405
372500 0.178 0.417 0.000 0.405
373000 0.178 0.417 0.000 0.405
373500 0.178 0.417 0.000 0.405
374000 0.178 0.417 0.000 0.405
374500 0.178 0.417 0.000 0.405
375000 0.178 0.417 0.000 0.405
375500 0.178 0.417 0.000 0.405
376000 0.178 0.417 0.000 0.405
376500 0.178 0.417 0.000 0.405
377000 0.178 0.417 0.000 0.405
377500 0.178 0.417 0.000 0.405
378000 0.178 0.417 0.000 0.405
378500 0.178 0.417 0.000 0.405
379000 0.178 0.417 0.000 0.405
379500 0.178 0.417 0.000 0.405
380000 0.178 0.417 0.000 0.405
380500 0.178 0.417 0.000 0.405
381000 0.178 0.417 0.000 0.405
381500 0.178 0.417 0.000 0.405
382000 0.178 0.417 0.000 0.405
382500 0.178 0.417 0.000 0.405
383000 0.178 0.417 0.000 0.405
383500 0.178 0.417 0.000 0.405
384000 0.178 0.417 0.000 0.405
384500 0.178 0.417 0.000 0.405
385000 0.178 0.417 0.000 0.405
385500 0.178 0.417 0.000 0.405
386000 0.178 0.417 0.000 0.405
386500 0.178 0.417 0.000 0.405
387000 0.178 0.417 0.000 0.405
387500 0.178 0.417 0.000 0.405
388000 0.178 0.417 0.000 0.405
388500 0.178 0.417 0.000 0.405
389000 0.178 0.417 0.000 0.405
389500 0.178 0.417 0.000 0.405
390000 0.178 0.417 0.000 0.405
390500 0.178 0.417 0.000 0.405
391000 0.178 0.417 0.000 0.405
391500 0.178 0.417 0.000 0.405
392000 0.178 0.417 0.000 0.405
392500 0.178 0.417 0.000 0.405
393000 0.178 0.417 0.000 0.405
393500 0.178 0.417 0.000 0.405
394000 0.178 0.417 0.000 0.405
394500 0.178 0.417 0.000 0.405
395000 0.178 0.417 0.000 0.405
395500 0.178 0.417 0.000 0.405
396000 0.178 0.417 0.000 0.405
396500 0.178 0.417 0.000 0.405
397000 0.178 0.417 0.000 0.405
397500 0.178 0.417 0.000 0.405
398000 0.178 0.417 0.000 0.405
398500 0.178 0.417 0.000 0.405
399000 0.178 0.417 0.000 0.405
399500 0.178 0.417 0.000 0.405
400000 0.178 0.417 0.000 0.405
400500 0.178 0.417 0.000 0.405
401000 0.178 0.417 0.000 0.405
401500 0.178 0.417 0.000 0.405
402000 0.178 0.417 0.000 0.405
402500 0.178 0.417 0.000 0.405
403000 0.178 0.417 0.000 0.405
403500 0.178 0.417 0.000 0.405
404000 0.178 0.417 0.000 0.405
404500 0.178 0.417 0.000 0.405
405000 0.178 0.417 0.000 0.405
405500 0.178 0.417 0.000 0.405
406000 0.178 0.417 0.000 0.405
406500 0.178 0.417 0.000 0.405
407000 0.178 0.417 0.000 0.405
407500 0.178 0.417 0.000 0.405
408000 0.178 0.417 0.000 0.405
408500 0.178 0.417 0.000 0.405
409000 0.178 0.417 0.000 0.405
409500 0.178 0.417 0.000 0.405
410000 0.178 0.417 0.000 0.405
410500 0.178 0.417 0.000 0.405
411000 0.178 0.417 0.000 0.405
411500 0.178 0.417 0.000 0.405
412000 0.178 0.417 0.000 0.405
412500 0.178 0.417 0.000 0.405
413000 0.178 0.417 0.000 0.405
413500 0.178 0.417 0.000 0.405
414000 0.178 0.417 0.000 0.405
414500 0.178 0.417 0.000 0.405
415000 0.178 0.417 0.000 0.405
415500 0.178 0.417 0.000 0.405
416000 0.178 0.417 0.000 0.405
416500 0.178 0.417 0.000 0.405
417000 0.178 0.417 0.000 0.405
417500 0.178 0.417 0.000 0.405
418000 0.178 0.417 0.000 0.405
418500 0.178 0.417 0.000 0.405
419000 0.178 0.417 0.000 0.405
419500 0.178 0.417 0.000 0.405
420000 0.178 0.417 0.000 0.405
420500 0.178 0.417 0.000 0.405
421000 0.178 0.417 0.000 0.405
421500 0.178 0.417 0.000 0.405
422000 0.178 0.417 0.000 0.405
422500 0.178 0.417 0.000 0.405
423000 0.178 0.417 0.000 0.405
423500 0.178 0.417 0.000 0.405
424000 0.178 0.417 0.000 0.405
424500 0.178 0.417 0.000 0.405
425000 0.178 0.417 0.000 0.405
425500 0.178 0.417 0.000 0.405
426000 0.178 0.417 0.000 0.405
426500 0.178 0.417 0.000 0.405
427000 0.178 0.417 0.000 0.405
427500 0.178 0.417 0.000 0.405
428000 0.178 0.417 0.000 0.405
428500 0.178 0.417 0.000 0.405
429000 0.178 0.417 0.000 0.405
429500 0.178 0.417 0.000 0.405
430000 0.178 0.417 0.000 0.405
430500 0.178 0.417 0.000 0.405
431000 0.178 0.417 0.000 0.405
431500 0.178 0.417 0.000 0.405
432000 0.178 0.417 0.000 0.405
432500 0.178 0.417 0.000 0.405
433000 0.178 0.417 0.000 0.405
433500 0.178 0.417 0.000 0.405
434000 0.178 0.417 0.000 0.405
434500 0.178 0.417 0.000 0.405
435000 0.178 0.417 0.000 0.405
435500 0.178 0.417 0.000 0.405
436000 0.178 0.417 0.000 0.405
436500 0.178 0.417 0.000 0.405
437000 0.178 0.417 0.000 0.405
437500 0.178 0.417 0.000 0.405
438000 0.178 0.417 0.000 0.405
438500 0.178 0.417 0.000 0.405
439000 0.178 0.417 0.000 0.405
439500 0.178 0.417 0.000 0.405
440000 0.178 0.417 0.000 0.405
440500 0.178 0.417 0.000 0.405
441000 0.178 0.417 0.000 0.405
441500 0.178 0.417 0.000 0.405
442000 0.178 0.417 0.000 0.405
442500 0.178 0.417 0.000 0.405
443000 0.178 0.417 0.000 0.405
443500 0.178 0.417 0.000 0.405
444000 0.178 0.417 0.000 0.405
444500 0.178 0.417 0.000 0.405
445000 0.178 0.417 0.000 0.405
445500 0.178 0.417 0.000 0.405
446000 0.178 0.417 0.000 0.405
446500 0.178 0.417 0.000 0.405
447000 0.178 0.417 0.000 0.405
447500 0.178 0.417 0.000 0.405
448000 0.178 0.417 0.000 0.405
448500 0.178 0.417 0.000 0.405
449000 0.178 0.417 0.000 0.405
449500 0.178 0.417 0.000 0.405
450000 0.178 0.417 0.000 0.405
450500 0.178 0.417 0.000 0.405
451000 0.178 0.417 0.000 0.405
451500 0.178 0.417 0.000 0.405
452000 0.178 0.417 0.000 0.405
452500 0.178 0.417 0.000 0.405
453000 0.178 0.417 0.000 0.405
453500 0.178 0.417 0.000 0.405
454000 0.178 0.417 0.000 0.405
454500 0.178 0.417 0.000 0.405
455000 0.178 0.417 0.000 0.405
455500 0.178 0.417 0.000 0.405
456000 0.178 0.417 0.000 0.405
456500 0.178 0.417 0.000 0.405
457000 0.178 0.417 0.000 0.405
457500 0.178 0.417 0.000 0.405
458000 0.178 0.417 0.000 0.405
458500 0.178 0.417 0.000 0.405
459000 0.178 0.417 0.000 0.405
459500 0.178 0.417 0.000 0.405
460000 0.178 0.417 0.000 0.405
460500 0.178 0.417 0.000 0.405
461000 0.178 0.417 0.000 0.405
461500 0.178 0.417 0.000 0.405
462000 0.178 0.417 0.000 0.405
462500 0.178 0.417 0.000 0.405
463000 0.178 0.417 0.000 0.405
463500 0.178 0.417 0.000 0.405
464000 0.178 0.417 0.000 0.405
464500 0.178 0.417 0.000 0.405
465000 0.178 0.417 0.000 0.405
465500 0.178 0.417 0.000 0.405
466000 0.178 0.417 0.000 0.405
466500 0.178 0.417 0.000 0.405
467000 0.178 0.417 0.000 0.405
467500 0.178 0.417 0.000 0.405
468000 0.178 0.417 0.000 0.405
468500 0.178 0.417 0.000 0.405
469000 0.178 0.417 0.000 0.405
469500 0.178 0.417 0.000 0.405
470000 0.178 0.417 0.000 0.405
470500 0.178 0.417 0.000 0.405
471000 0.178 0.417 0.000 0.405
471500 0.178 0.417 0.000 0.405
472000 0.178 0.417 0.000 0.405
472500 0.178 0.417 0.000 0.405
473000 0.178 0.417 0.000 0.405
473500 0.178 0.417 0.000 0.405
474000 0.178 0.417 0.000 0.405
474500 0.178 0.417 0.000 0.405
475000 0.178 0.417 0.000 0.405
475500 0.178 0.417 0.000 0.405
476000 0.178 0.417 0.000 0.405
476500 0.178 0.417 0.000 0.405
477000 0.178 0.417 0.000 0.405
477500 0.178 0.417 0.000 0.405
478000 0.178 0.417 0.000 0.405
478500 0.178 0.417 0.000 0.405
479000 0.178 0.417 0.000 0.405
479500 0.178 0.417 0.000 0.405
480000 0.178 0.417 0.000 0.405
480500 0.178 0.417 0.000 0.405
481000 0.178 0.417 0.000 0.405
481500 0.178 0.417 0.000 0.405
482000 0.178 0.417 0.000 0.405
482500 0.178 0.417 0.000 0.405
483000 0.178 0.417 0.000 0.405
483500 0.178 0.417 0.000 0.405
484000 0.178 0.417 0.000 0.405
484500 0.178 0.417 0.000 0.405
485000 0.178 0.417 0.000 0.405
485500 0.178 0.417 0.000 0.405
486000 0.178 0.417 0.000 0.405
486500 0.178 0.417 0.000 0.405
487000 0.178 0.417 0.000 0.405
487500 0.178 0.417 0.000 0.405
488000 0.178 0.417 0.000 0.405
488500 0.178 0.417 0.000 0.405
489000 0.178 0.417 0.000 0.405
489500 0.178 0.417 0.000 0.405
490000 0.178 0.417 0.000 0.405
490500 0.178 0.417 0.000 0.405
491000 0.178 0.417 0.000 0.405
491500 0.178 0.417 0.000 0.405
492000 0.178 0.417 0.000 0.405
492500 0.178 0.417 0.000 0.405
493000 0.178 0.417 0.000 0.405
493500 0.178 0.417 0.000 0.405
494000 0.178 0.417 0.000 0.405
494500 0.178 0.417 0.000 0.405
495000 0.178 0.417 0.000 0.405
495500 0.178 0.417 0.000 0.405
496000 0.178 0.417 0.000 0.405
496500 0.178 0.417 0.000 0.405
497000 0.178 0.417 0.000 0.405
497500 0.178 0.417 0.000 0.405
498000 0.178 0.417 0.000 0.405
498500 0.178 0.417 0.000 0.405
499000 0.178 0.417 0.000 0.405
499500 0.178 0.417 0.000 0.405
500000 0.178 0.417 0.000 0.405
