000000 0.250 0.250 0.250 0.250
000500 0.018 0.707 0.000 0.275
001000 0.017 0.720 0.000 0.263
001500 0.017 0.727 0.000 0.256
002000 0.017 0.732 0.000 0.251
002500 0.017 0.738 0.000 0.245
003000 0.017 0.742 0.000 0.241
003500 0.017 0.745 0.000 0.237
004000 0.017 0.750 0.000 0.233
004500 0.017 0.752 0.000 0.231
005000 0.017 0.757 0.000 0.226
005500 0.017 0.762 0.000 0.221
006000 0.017 0.765 0.000 0.217
006500 0.017 0.768 0.000 0.215
007000 0.017 0.771 0.000 0.212
007500 0.017 0.774 0.000 0.209
008000 0.017 0.777 0.000 0.206
008500 0.017 0.780 0.000 0.203
009000 0.017 0.782 0.000 0.201
009500 0.017 0.784 0.000 0.199
010000 0.017 0.788 0.000 0.194
010500 0.017 0.792 0.000 0.191
011000 0.017 0.794 0.000 0.189
011500 0.017 0.796 0.000 0.187
012000 0.017 0.798 0.000 0.184
012500 0.017 0.800 0.000 0.182
013000 0.017 0.804 0.000 0.179
013500 0.017 0.806 0.000 0.177
014000 0.017 0.808 0.000 0.175
014500 0.017 0.810 0.000 0.173
015000 0.017 0.811 0.000 0.172
015500 0.017 0.811 0.000 0.172
016000 0.017 0.813 0.000 0.169
016500 0.017 0.815 0.000 0.168
017000 0.017 0.816 0.000 0.167
017500 0.017 0.816 0.000 0.166
018000 0.017 0.819 0.000 0.164
018500 0.017 0.821 0.000 0.162
019000 0.017 0.822 0.000 0.161
019500 0.017 0.823 0.000 0.160
020000 0.017 0.824 0.000 0.159
020500 0.017 0.826 0.000 0.157
021000 0.017 0.827 0.000 0.156
021500 0.017 0.829 0.000 0.154
022000 0.017 0.830 0.000 0.153
022500 0.017 0.830 0.000 0.153
023000 0.017 0.832 0.000 0.151
023500 0.017 0.834 0.000 0.149
024000 0.017 0.834 0.000 0.148
024500 0.017 0.835 0.000 0.148
025000 0.017 0.837 0.000 0.146
025500 0.017 0.838 0.000 0.145
026000 0.017 0.839 0.000 0.144
026500 0.017 0.841 0.000 0.142
027000 0.017 0.841 0.000 0.142
027500 0.017 0.842 0.000 0.141
028000 0.017 0.843 0.000 0.139
028500 0.017 0.844 0.000 0.139
029000 0.017 0.843 0.000 0.139
029500 0.017 0.843 0.000 0.139
030000 0.017 0.843 0.000 0.139
030500 0.017 0.843 0.000 0.139
031000 0.017 0.843 0.000 0.139
031500 0.017 0.843 0.000 0.139
032000 0.017 0.843 0.000 0.139
032500 0.017 0.843 0.000 0.139
033000 0.017 0.843 0.000 0.139
033500 0.017 0.843 0.000 0.139
034000 0.017 0.843 0.000 0.139
034500 0.017 0.843 0.000 0.139
035000 0.017 0.843 0.000 0.139
035500 0.017 0.843 0.000 0.139
036000 0.017 0.843 0.000 0.139
036500 0.017 0.843 0.000 0.139
037000 0.017 0.843 0.000 0.139
037500 0.017 0.843 0.000 0.139
038000 0.017 0.843 0.000 0.139
038500 0.017 0.843 0.000 0.139
039000 0.017 0.843 0.000 0.139
039500 0.017 0.843 0.000 0.139
040000 0.017 0.843 0.000 0.139
040500 0.017 0.843 0.000 0.139
041000 0.017 0.843 0.000 0.139
041500 0.017 0.843 0.000 0.139
042000 0.017 0.843 0.000 0.139
042500 0.017 0.843 0.000 0.139
043000 0.017 0.843 0.000 0.139
043500 0.017 0.843 0.000 0.139
044000 0.017 0.843 0.000 0.139
044500 0.017 0.843 0.000 0.139
045000 0.017 0.843 0.000 0.139
045500 0.017 0.843 0.000 0.139
046000 0.017 0.843 0.000 0.139
046500 0.017 0.843 0.000 0.139
047000 0.017 0.843 0.000 0.139
047500 0.017 0.843 0.000 0.139
048000 0.017 0.843 0.000 0.139
048500 0.017 0.843 0.000 0.139
049000 0.017 0.843 0.000 0.139
049500 0.017 0.843 0.000 0.139
050000 0.017 0.843 0.000 0.139
050500 0.017 0.843 0.000 0.139
051000 0.017 0.843 0.000 0.139
051500 0.017 0.843 0.000 0.139
052000 0.017 0.843 0.000 0.139
052500 0.017 0.843 0.000 0.139
053000 0.017 0.843 0.000 0.139
053500 0.017 0.843 0.000 0.139
054000 0.017 0.843 0.000 0.139
054500 0.017 0.843 0.000 0.139
055000 0.017 0.843 0.000 0.139
055500 0.017 0.843 0.000 0.139
056000 0.017 0.843 0.000 0.139
056500 0.017 0.843 0.000 0.139
057000 0.017 0.843 0.000 0.139
057500 0.017 0.843 0.000 0.139
058000 0.017 0.843 0.000 0.139
058500 0.017 0.843 0.000 0.139
059000 0.017 0.843 0.000 0.139
059500 0.017 0.843 0.000 0.139
060000 0.017 0.843 0.000 0.139
060500 0.017 0.843 0.000 0.139
061000 0.017 0.843 0.000 0.139
061500 0.017 0.843 0.000 0.139
062000 0.017 0.843 0.000 0.139
062500 0.017 0.843 0.000 0.139
063000 0.017 0.843 0.000 0.139
063500 0.017 0.843 0.000 0.139
064000 0.017 0.843 0.000 0.139
064500 0.017 0.843 0.000 0.139
065000 0.017 0.843 0.000 0.139
065500 0.017 0.843 0.000 0.139
066000 0.017 0.843 0.000 0.139
066500 0.017 0.843 0.000 0.139
067000 0.017 0.843 0.000 0.139
067500 0.017 0.843 0.000 0.139
068000 0.017 0.843 0.000 0.139
068500 0.017 0.843 0.000 0.139
069000 0.017 0.843 0.000 0.139
069500 0.017 0.843 0.000 0.139
070000 0.017 0.843 0.000 0.139
070500 0.017 0.843 0.000 0.139
071000 0.017 0.843 0.000 0.139
071500 0.017 0.843 0.000 0.139
072000 0.017 0.843 0.000 0.139
072500 0.017 0.843 0.000 0.139
073000 0.017 0.843 0.000 0.139
073500 0.017 0.843 0.000 0.139
074000 0.017 0.843 0.000 0.139
074500 0.017 0.843 0.000 0.139
075000 0.017 0.843 0.000 0.139
075500 0.017 0.843 0.000 0.139
076000 0.017 0.843 0.000 0.139
076500 0.017 0.843 0.000 0.139
077000 0.017 0.843 0.000 0.139
077500 0.017 0.843 0.000 0.139
078000 0.017 0.843 0.000 0.139
078500 0.017 0.843 0.000 0.139
079000 0.017 0.843 0.000 0.139
079500 0.017 0.843 0.000 0.139
080000 0.017 0.843 0.000 0.139
080500 0.017 0.843 0.000 0.139
081000 0.017 0.843 0.000 0.139
081500 0.017 0.843 0.000 0.139
082000 0.017 0.843 0.000 0.139
082500 0.017 0.843 0.000 0.139
083000 0.017 0.843 0.000 0.139
083500 0.017 0.843 0.000 0.139
084000 0.017 0.843 0.000 0.139
084500 0.017 0.843 0.000 0.139
085000 0.017 0.843 0.000 0.139
085500 0.017 0.843 0.000 0.139
086000 0.017 0.843 0.000 0.139
086500 0.017 0.843 0.000 0.139
087000 0.017 0.843 0.000 0.139
087500 0.017 0.843 0.000 0.139
088000 0.017 0.843 0.000 0.139
088500 0.017 0.843 0.000 0.139
089000 0.017 0.843 0.000 0.139
089500 0.017 0.843 0.000 0.139
090000 0.017 0.843 0.000 0.139
090500 0.017 0.843 0.000 0.139
091000 0.017 0.843 0.000 0.139
091500 0.017 0.843 0.000 0.139
092000 0.017 0.843 0.000 0.139
092500 0.017 0.843 0.000 0.139
093000 0.017 0.843 0.000 0.139
093500 0.017 0.843 0.000 0.139
094000 0.017 0.843 0.000 0.139
094500 0.017 0.843 0.000 0.139
095000 0.017 0.843 0.000 0.139
095500 0.017 0.843 0.000 0.139
096000 0.017 0.843 0.000 0.139
096500 0.017 0.843 0.000 0.139
097000 0.017 0.843 0.000 0.139
097500 0.017 0.843 0.000 0.139
098000 0.017 0.843 0.000 0.139
098500 0.017 0.843 0.000 0.139
099000 0.017 0.843 0.000 0.139
099500 0.017 0.843 0.000 0.139
100000 0.017 0.843 0.000 0.139
100500 0.017 0.843 0.000 0.139
101000 0.017 0.843 0.000 0.139
101500 0.017 0.843 0.000 0.139
102000 0.017 0.843 0.000 0.139
102500 0.017 0.843 0.000 0.139
103000 0.017 0.843 0.000 0.139
103500 0.017 0.843 0.000 0.139
104000 0.017 0.843 0.000 0.139
104500 0.017 0.843 0.000 0.139
105000 0.017 0.843 0.000 0.139
105500 0.017 0.843 0.000 0.139
106000 0.017 0.843 0.000 0.139
106500 0.017 0.843 0.000 0.139
107000 0.017 0.843 0.000 0.139
107500 0.017 0.843 0.000 0.139
108000 0.017 0.843 0.000 0.139
108500 0.017 0.843 0.000 0.139
109000 0.017 0.843 0.000 0.139
109500 0.017 0.843 0.000 0.139
110000 0.017 0.843 0.000 0.139
110500 0.017 0.843 0.000 0.139
111000 0.017 0.843 0.000 0.139
111500 0.017 0.843 0.000 0.139
112000 0.017 0.843 0.000 0.139
112500 0.017 0.843 0.000 0.139
113000 0.017 0.843 0.000 0.139
113500 0.017 0.843 0.000 0.139
114000 0.017 0.843 0.000 0.139
114500 0.017 0.843 0.000 0.139
115000 0.017 0.843 0.000 0.139
115500 0.017 0.843 0.000 0.139
116000 0.017 0.843 0.000 0.139
116500 0.017 0.843 0.000 0.139
117000 0.017 0.843 0.000 0.139
117500 0.017 0.843 0.000 0.139
118000 0.017 0.843 0.000 0.139
118500 0.017 0.843 0.000 0.139
119000 0.017 0.843 0.000 0.139
119500 0.017 0.843 0.000 0.139
120000 0.017 0.843 0.000 0.139
120500 0.017 0.843 0.000 0.139
121000 0.017 0.843 0.000 0.139
121500 0.017 0.843 0.000 0.139
122000 0.017 0.843 0.000 0.139
122500 0.017 0.843 0.000 0.139
123000 0.017 0.843 0.000 0.139
123500 0.017 0.843 0.000 0.139
124000 0.017 0.843 0.000 0.139
124500 0.017 0.843 0.000 0.139
125000 0.017 0.843 0.000 0.139
125500 0.017 0.843 0.000 0.139
126000 0.017 0.843 0.000 0.139
126500 0.017 0.843 0.000 0.139
127000 0.017 0.843 0.000 0.139
127500 0.017 0.843 0.000 0.139
128000 0.017 0.843 0.000 0.139
128500 0.017 0.843 0.000 0.139
129000 0.017 0.843 0.000 0.139
129500 0.017 0.843 0.000 0.139
130000 0.017 0.843 0.000 0.139
130500 0.017 0.843 0.000 0.139
131000 0.017 0.843 0.000 0.139
131500 0.017 0.843 0.000 0.139
132000 0.017 0.843 0.000 0.139
132500 0.017 0.843 0.000 0.139
133000 0.017 0.843 0.000 0.139
133500 0.017 0.843 0.000 0.139
134000 0.017 0.843 0.000 0.139
134500 0.017 0.843 0.000 0.139
135000 0.017 0.843 0.000 0.139
135500 0.017 0.843 0.000 0.139
136000 0.017 0.843 0.000 0.139
136500 0.017 0.843 0.000 0.139
137000 0.017 0.843 0.000 0.139
137500 0.017 0.843 0.000 0.139
138000 0.017 0.843 0.000 0.139
138500 0.017 0.843 0.000 0.139
139000 0.017 0.843 0.000 0.139
139500 0.017 0.843 0.000 0.139
140000 0.017 0.843 0.000 0.139
140500 0.017 0.843 0.000 0.139
141000 0.017 0.843 0.000 0.139
141500 0.017 0.843 0.000 0.139
142000 0.017 0.843 0.000 0.139
142500 0.017 0.843 0.000 0.139
143000 0.017 0.843 0.000 0.139
143500 0.017 0.843 0.000 0.139
144000 0.017 0.843 0.000 0.139
144500 0.017 0.843 0.000 0.139
145000 0.017 0.843 0.000 0.139
145500 0.017 0.843 0.000 0.139
146000 0.017 0.843 0.000 0.139
146500 0.017 0.843 0.000 0.139
147000 0.017 0.843 0.000 0.139
147500 0.017 0.843 0.000 0.139
148000 0.017 0.843 0.000 0.139
148500 0.017 0.843 0.000 0.139
149000 0.017 0.843 0.000 0.139
149500 0.017 0.843 0.000 0.139
150000 0.017 0.843 0.000 0.139
150500 0.017 0.843 0.000 0.139
151000 0.017 0.843 0.000 0.139
151500 0.017 0.843 0.000 0.139
152000 0.017 0.843 0.000 0.139
152500 0.017 0.843 0.000 0.139
153000 0.017 0.843 0.000 0.139
153500 0.017 0.843 0.000 0.139
154000 0.017 0.843 0.000 0.139
154500 0.017 0.843 0.000 0.139
155000 0.017 0.843 0.000 0.139
155500 0.017 0.843 0.000 0.139
156000 0.017 0.843 0.000 0.139
156500 0.017 0.843 0.000 0.139
157000 0.017 0.843 0.000 0.139
157500 0.017 0.843 0.000 0.139
158000 0.017 0.843 0.000 0.139
158500 0.017 0.843 0.000 0.139
159000 0.017 0.843 0.000 0.139
159500 0.017 0.843 0.000 0.139
160000 0.017 0.843 0.000 0.139
160500 0.017 0.843 0.000 0.139
161000 0.017 0.843 0.000 0.139
161500 0.017 0.843 0.000 0.139
162000 0.017 0.843 0.000 0.139
162500 0.017 0.843 0.000 0.139
163000 0.017 0.843 0.000 0.139
163500 0.017 0.843 0.000 0.139
164000 0.017 0.843 0.000 0.139
164500 0.017 0.843 0.000 0.139
165000 0.017 0.843 0.000 0.139
165500 0.017 0.843 0.000 0.139
166000 0.017 0.843 0.000 0.139
166500 0.017 0.843 0.000 0.139
167000 0.017 0.843 0.000 0.139
167500 0.017 0.843 0.000 0.139
168000 0.017 0.843 0.000 0.139
168500 0.017 0.843 0.000 0.139
169000 0.017 0.843 0.000 0.139
169500 0.017 0.843 0.000 0.139
170000 0.017 0.843 0.000 0.139
170500 0.017 0.843 0.000 0.139
171000 0.017 0.843 0.000 0.139
171500 0.017 0.843 0.000 0.139
172000 0.017 0.843 0.000 0.139
172500 0.017 0.843 0.000 0.139
173000 0.017 0.843 0.000 0.139
173500 0.017 0.843 0.000 0.139
174000 0.017 0.843 0.000 0.139
174500 0.017 0.843 0.000 0.139
175000 0.017 0.843 0.000 0.139
175500 0.017 0.843 0.000 0.139
176000 0.017 0.843 0.000 0.139
176500 0.017 0.843 0.000 0.139
177000 0.017 0.843 0.000 0.139
177500 0.017 0.843 0.000 0.139
178000 0.017 0.843 0.000 0.139
178500 0.017 0.843 0.000 0.139
179000 0.017 0.843 0.000 0.139
179500 0.017 0.843 0.000 0.139
180000 0.017 0.843 0.000 0.139
180500 0.017 0.843 0.000 0.139
181000 0.017 0.843 0.000 0.139
181500 0.017 0.843 0.000 0.139
182000 0.017 0.843 0.000 0.139
182500 0.017 0.843 0.000 0.139
183000 0.017 0.843 0.000 0.139
183500 0.017 0.843 0.000 0.139
184000 0.017 0.843 0.000 0.139
184500 0.017 0.843 0.000 0.139
185000 0.017 0.843 0.000 0.139
185500 0.017 0.843 0.000 0.139
186000 0.017 0.843 0.000 0.139
186500 0.017 0.843 0.000 0.139
187000 0.017 0.843 0.000 0.139
187500 0.017 0.843 0.000 0.139
188000 0.017 0.843 0.000 0.139
188500 0.017 0.843 0.000 0.139
189000 0.017 0.843 0.000 0.139
189500 0.017 0.843 0.000 0.139
190000 0.017 0.843 0.000 0.139
190500 0.017 0.843 0.000 0.139
191000 0.017 0.843 0.000 0.139
191500 0.017 0.843 0.000 0.139
192000 0.017 0.843 0.000 0.139
192500 0.017 0.843 0.000 0.139
193000 0.017 0.843 0.000 0.139
193500 0.017 0.843 0.000 0.139
194000 0.017 0.843 0.000 0.139
194500 0.017 0.843 0.000 0.139
195000 0.017 0.843 0.000 0.139
195500 0.017 0.843 0.000 0.139
196000 0.017 0.843 0.000 0.139
196500 0.017 0.843 0.000 0.139
197000 0.017 0.843 0.000 0.139
197500 0.017 0.843 0.000 0.139
198000 0.017 0.843 0.000 0.139
198500 0.017 0.843 0.000 0.139
199000 0.017 0.843 0.000 0.139
199500 0.017 0.843 0.000 0.139
200000 0.017 0.843 0.000 0.139
200500 0.017 0.843 0.000 0.139
201000 0.017 0.843 0.000 0.139
201500 0.017 0.843 0.000 0.139
202000 0.017 0.843 0.000 0.139
202500 0.017 0.843 0.000 0.139
203000 0.017 0.843 0.000 0.139
203500 0.017 0.843 0.000 0.139
204000 0.017 0.843 0.000 0.139
204500 0.017 0.843 0.000 0.139
205000 0.017 0.843 0.000 0.139
205500 0.017 0.843 0.000 0.139
206000 0.017 0.843 0.000 0.139
206500 0.017 0.843 0.000 0.139
207000 0.017 0.843 0.000 0.139
207500 0.017 0.843 0.000 0.139
208000 0.017 0.843 0.000 0.139
208500 0.017 0.843 0.000 0.139
209000 0.017 0.843 0.000 0.139
209500 0.017 0.843 0.000 0.139
210000 0.017 0.843 0.000 0.139
210500 0.017 0.843 0.000 0.139
211000 0.017 0.843 0.000 0.139
211500 0.017 0.843 0.000 0.139
212000 0.017 0.843 0.000 0.139
212500 0.017 0.843 0.000 0.139
213000 0.017 0.843 0.000 0.139
213500 0.017 0.843 0.000 0.139
214000 0.017 0.843 0.000 0.139
214500 0.017 0.843 0.000 0.139
215000 0.017 0.843 0.000 0.139
215500 0.017 0.843 0.000 0.139
216000 0.017 0.843 0.000 0.139
216500 0.017 0.843 0.000 0.139
217000 0.017 0.843 0.000 0.139
217500 0.017 0.843 0.000 0.139
218000 0.017 0.843 0.000 0.139
218500 0.017 0.843 0.000 0.139
219000 0.017 0.843 0.000 0.139
219500 0.017 0.843 0.000 0.139
220000 0.017 0.843 0.000 0.139
220500 0.017 0.843 0.000 0.139
221000 0.017 0.843 0.000 0.139
221500 0.017 0.843 0.000 0.139
222000 0.017 0.843 0.000 0.139
222500 0.017 0.843 0.000 0.139
223000 0.017 0.843 0.000 0.139
223500 0.017 0.843 0.000 0.139
224000 0.017 0.843 0.000 0.139
224500 0.017 0.843 0.000 0.139
225000 0.017 0.843 0.000 0.139
225500 0.017 0.843 0.000 0.139
226000 0.017 0.843 0.000 0.139
226500 0.017 0.843 0.000 0.139
227000 0.017 0.843 0.000 0.139
227500 0.017 0.843 0.000 0.139
228000 0.017 0.843 0.000 0.139
228500 0.017 0.843 0.000 0.139
229000 0.017 0.843 0.000 0.139
229500 0.017 0.843 0.000 0.139
230000 0.017 0.843 0.000 0.139
230500 0.017 0.843 0.000 0.139
231000 0.017 0.843 0.000 0.139
231500 0.017 0.843 0.000 0.139
232000 0.017 0.843 0.000 0.139
232500 0.017 0.843 0.000 0.139
233000 0.017 0.843 0.000 0.139
233500 0.017 0.843 0.000 0.139
234000 0.017 0.843 0.000 0.139
234500 0.017 0.843 0.000 0.139
235000 0.017 0.843 0.000 0.139
235500 0.017 0.843 0.000 0.139
236000 0.017 0.843 0.000 0.139
236500 0.017 0.843 0.000 0.139
237000 0.017 0.843 0.000 0.139
237500 0.017 0.843 0.000 0.139
238000 0.017 0.843 0.000 0.139
238500 0.017 0.843 0.000 0.139
239000 0.017 0.843 0.000 0.139
239500 0.017 0.843 0.000 0.139
240000 0.017 0.843 0.000 0.139
240500 0.017 0.843 0.000 0.139
241000 0.017 0.843 0.000 0.139
241500 0.017 0.843 0.000 0.139
242000 0.017 0.843 0.000 0.139
242500 0.017 0.843 0.000 0.139
243000 0.017 0.843 0.000 0.139
243500 0.017 0.843 0.000 0.139
244000 0.017 0.843 0.000 0.139
244500 0.017 0.843 0.000 0.139
245000 0.017 0.843 0.000 0.139
245500 0.017 0.843 0.000 0.139
246000 0.017 0.843 0.000 0.139
246500 0.017 0.843 0.000 0.139
247000 0.017 0.843 0.000 0.139
247500 0.017 0.843 0.000 0.139
248000 0.017 0.843 0.000 0.139
248500 0.017 0.843 0.000 0.139
249000 0.017 0.843 0.000 0.139
249500 0.017 0.843 0.000 0.139
250000 0.017 0.843 0.000 0.139
250500 0.017 0.843 0.000 0.139
251000 0.017 0.843 0.000 0.139
251500 0.017 0.843 0.000 0.139
252000 0.017 0.843 0.000 0.139
252500 0.017 0.843 0.000 0.139
253000 0.017 0.843 0.000 0.139
253500 0.017 0.843 0.000 0.139
254000 0.017 0.843 0.000 0.139
254500 0.017 0.843 0.000 0.139
255000 0.017 0.843 0.000 0.139
255500 0.017 0.843 0.000 0.139
256000 0.017 0.843 0.000 0.139
256500 0.017 0.843 0.000 0.139
257000 0.017 0.843 0.000 0.139
257500 0.017 0.843 0.000 0.139
258000 0.017 0.843 0.000 0.139
258500 0.017 0.843 0.000 0.139
259000 0.017 0.843 0.000 0.139
259500 0.017 0.843 0.000 0.139
260000 0.017 0.843 0.000 0.139
260500 0.017 0.843 0.000 0.139
261000 0.017 0.843 0.000 0.139
261500 0.017 0.843 0.000 0.139
262000 0.017 0.843 0.000 0.139
262500 0.017 0.843 0.000 0.139
263000 0.017 0.843 0.000 0.139
263500 0.017 0.843 0.000 0.139
264000 0.017 0.843 0.000 0.139
264500 0.017 0.843 0.000 0.139
265000 0.017 0.843 0.000 0.139
265500 0.017 0.843 0.000 0.139
266000 0.017 0.843 0.000 0.139
266500 0.017 0.843 0.000 0.139
267000 0.017 0.843 0.000 0.139
267500 0.017 0.843 0.000 0.139
268000 0.017 0.843 0.000 0.139
268500 0.017 0.843 0.000 0.139
269000 0.017 0.843 0.000 0.139
269500 0.017 0.843 0.000 0.139
270000 0.017 0.843 0.000 0.139
270500 0.017 0.843 0.000 0.139
271000 0.017 0.843 0.000 0.139
271500 0.017 0.843 0.000 0.139
272000 0.017 0.843 0.000 0.139
272500 0.017 0.843 0.000 0.139
273000 0.017 0.843 0.000 0.139
273500 0.017 0.843 0.000 0.139
274000 0.017 0.843 0.000 0.139
274500 0.017 0.843 0.000 0.139
275000 0.017 0.843 0.000 0.139
275500 0.017 0.843 0.000 0.139
276000 0.017 0.843 0.000 0.139
276500 0.017 0.843 0.000 0.139
277000 0.017 0.843 0.000 0.139
277500 0.017 0.843 0.000 0.139
278000 0.017 0.843 0.000 0.139
278500 0.017 0.843 0.000 0.139
279000 0.017 0.843 0.000 0.139
279500 0.017 0.843 0.000 0.139
280000 0.017 0.843 0.000 0.139
280500 0.017 0.843 0.000 0.139
281000 0.017 0.843 0.000 0.139
281500 0.017 0.843 0.000 0.139
282000 0.017 0.843 0.000 0.139
282500 0.017 0.843 0.000 0.139
283000 0.017 0.843 0.000 0.139
283500 0.017 0.843 0.000 0.139
284000 0.017 0.843 0.000 0.139
284500 0.017 0.843 0.000 0.139
285000 0.017 0.843 0.000 0.139
285500 0.017 0.843 0.000 0.139
286000 0.017 0.843 0.000 0.139
286500 0.017 0.843 0.000 0.139
287000 0.017 0.843 0.000 0.139
287500 0.017 0.843 0.000 0.139
288000 0.017 0.843 0.000 0.139
288500 0.017 0.843 0.000 0.139
289000 0.017 0.843 0.000 0.139
289500 0.017 0.843 0.000 0.139
290000 0.017 0.843 0.000 0.139
290500 0.017 0.843 0.000 0.139
291000 0.017 0.843 0.000 0.139
291500 0.017 0.843 0.000 0.139
292000 0.017 0.843 0.000 0.139
292500 0.017 0.843 0.000 0.139
293000 0.017 0.843 0.000 0.139
293500 0.017 0.843 0.000 0.139
294000 0.017 0.843 0.000 0.139
294500 0.017 0.843 0.000 0.139
295000 0.017 0.843 0.000 0.139
295500 0.017 0.843 0.000 0.139
296000 0.017 0.843 0.000 0.139
296500 0.017 0.843 0.000 0.139
297000 0.017 0.843 0.000 0.139
297500 0.017 0.843 0.000 0.139
298000 0.017 0.843 0.000 0.139
298500 0.017 0.843 0.000 0.139
299000 0.017 0.843 0.000 0.139
299500 0.017 0.843 0.000 0.139
300000 0.017 0.843 0.000 0.139
300500 0.017 0.843 0.000 0.139
301000 0.017 0.843 0.000 0.139
301500 0.017 0.843 0.000 0.139
302000 0.017 0.843 0.000 0.139
302500 0.017 0.843 0.000 0.139
303000 0.017 0.843 0.000 0.139
303500 0.017 0.843 0.000 0.139
304000 0.017 0.843 0.000 0.139
304500 0.017 0.843 0.000 0.139
305000 0.017 0.843 0.000 0.139
305500 0.017 0.843 0.000 0.139
306000 0.017 0.843 0.000 0.139
306500 0.017 0.843 0.000 0.139
307000 0.017 0.843 0.000 0.139
307500 0.017 0.843 0.000 0.139
308000 0.017 0.843 0.000 0.139
308500 0.017 0.843 0.000 0.139
309000 0.017 0.843 0.000 0.139
309500 0.017 0.843 0.000 0.139
310000 0.017 0.843 0.000 0.139
310500 0.017 0.843 0.000 0.139
311000 0.017 0.843 0.000 0.139
311500 0.017 0.843 0.000 0.139
312000 0.017 0.843 0.000 0.139
312500 0.017 0.843 0.000 0.139
313000 0.017 0.843 0.000 0.139
313500 0.017 0.843 0.000 0.139
314000 0.017 0.843 0.000 0.139
314500 0.017 0.843 0.000 0.139
315000 0.017 0.843 0.000 0.139
315500 0.017 0.843 0.000 0.139
316000 0.017 0.843 0.000 0.139
316500 0.017 0.843 0.000 0.139
317000 0.017 0.843 0.000 0.139
317500 0.017 0.843 0.000 0.139
318000 0.017 0.843 0.000 0.139
318500 0.017 0.843 0.000 0.139
319000 0.017 0.843 0.000 0.139
319500 0.017 0.843 0.000 0.139
320000 0.017 0.843 0.000 0.139
320500 0.017 0.843 0.000 0.139
321000 0.017 0.843 0.000 0.139
321500 0.017 0.843 0.000 0.139
322000 0.017 0.843 0.000 0.139
322500 0.017 0.843 0.000 0.139
323000 0.017 0.843 0.000 0.139
323500 0.017 0.843 0.000 0.139
324000 0.017 0.843 0.000 0.139
324500 0.017 0.843 0.000 0.139
325000 0.017 0.843 0.000 0.139
325500 0.017 0.843 0.000 0.139
326000 0.017 0.843 0.000 0.139
326500 0.017 0.843 0.000 0.139
327000 0.017 0.843 0.000 0.139
327500 0.017 0.843 0.000 0.139
328000 0.017 0.843 0.000 0.139
328500 0.017 0.843 0.000 0.139
329000 0.017 0.843 0.000 0.139
329500 0.017 0.843 0.000 0.139
330000 0.017 0.843 0.000 0.139
330500 0.017 0.843 0.000 0.139
331000 0.017 0.843 0.000 0.139
331500 0.017 0.843 0.000 0.139
332000 0.017 0.843 0.000 0.139
332500 0.017 0.843 0.000 0.139
333000 0.017 0.843 0.000 0.139
333500 0.017 0.843 0.000 0.139
334000 0.017 0.843 0.000 0.139
334500 0.017 0.843 0.000 0.139
335000 0.017 0.843 0.000 0.139
335500 0.017 0.843 0.000 0.139
336000 0.017 0.843 0.000 0.139
336500 0.017 0.843 0.000 0.139
337000 0.017 0.843 0.000 0.139
337500 0.017 0.843 0.000 0.139
338000 0.017 0.843 0.000 0.139
338500 0.017 0.843 0.000 0.139
339000 0.017 0.843 0.000 0.139
339500 0.017 0.843 0.000 0.139
340000 0.017 0.843 0.000 0.139
340500 0.017 0.843 0.000 0.139
341000 0.017 0.843 0.000 0.139
341500 0.017 0.843 0.000 0.139
342000 0.017 0.843 0.000 0.139
342500 0.017 0.843 0.000 0.139
343000 0.017 0.843 0.000 0.139
343500 0.017 0.843 0.000 0.139
344000 0.017 0.843 0.000 0.139
344500 0.017 0.843 0.000 0.139
345000 0.017 0.843 0.000 0.139
345500 0.017 0.843 0.000 0.139
346000 0.017 0.843 0.000 0.139
346500 0.017 0.843 0.000 0.139
347000 0.017 0.843 0.000 0.139
347500 0.017 0.843 0.000 0.139
348000 0.017 0.843 0.000 0.139
348500 0.017 0.843 0.000 0.139
349000 0.017 0.843 0.000 0.139
349500 0.017 0.843 0.000 0.139
350000 0.017 0.843 0.000 0.139
350500 0.017 0.843 0.000 0.139
351000 0.017 0.843 0.000 0.139
351500 0.017 0.843 0.000 0.139
352000 0.017 0.843 0.000 0.139
352500 0.017 0.843 0.000 0.139
353000 0.017 0.843 0.000 0.139
353500 0.017 0.843 0.000 0.139
354000 0.017 0.843 0.000 0.139
354500 0.017 0.843 0.000 0.139
355000 0.017 0.843 0.000 0.139
355500 0.017 0.843 0.000 0.139
356000 0.017 0.843 0.000 0.139
356500 0.017 0.843 0.000 0.139
357000 0.017 0.843 0.000 0.139
357500 0.017 0.843 0.000 0.139
358000 0.017 0.843 0.000 0.139
358500 0.017 0.843 0.000 0.139
359000 0.017 0.843 0.000 0.139
359500 0.017 0.843 0.000 0.139
360000 0.017 0.843 0.000 0.139
360500 0.017 0.843 0.000 0.139
361000 0.017 0.843 0.000 0.139
361500 0.017 0.843 0.000 0.139
362000 0.017 0.843 0.000 0.139
362500 0.017 0.843 0.000 0.139
363000 0.017 0.843 0.000 0.139
363500 0.017 0.843 0.000 0.139
364000 0.017 0.843 0.000 0.139
364500 0.017 0.843 0.000 0.139
365000 0.017 0.843 0.000 0.139
365500 0.017 0.843 0.000 0.139
366000 0.017 0.843 0.000 0.139
366500 0.017 0.843 0.000 0.139
367000 0.017 0.843 0.000 0.139
367500 0.017 0.843 0.000 0.139
368000 0.017 0.843 0.000 0.139
368500 0.017 0.843 0.000 0.139
369000 0.017 0.843 0.000 0.139
369500 0.017 0.843 0.000 0.139
370000 0.017 0.843 0.000 0.139
370500 0.017 0.843 0.000 0.139
371000 0.017 0.843 0.000 0.139
371500 0.017 0.843 0.000 0.139
372000 0.017 0.843 0.000 0.139
372500 0.017 0.843 0.000 0.139
373000 0.017 0.843 0.000 0.139
373500 0.017 0.843 0.000 0.139
374000 0.017 0.843 0.000 0.139
374500 0.017 0.843 0.000 0.139
375000 0.017 0.843 0.000 0.139
375500 0.017 0.843 0.000 0.139
376000 0.017 0.843 0.000 0.139
376500 0.017 0.843 0.000 0.139
377000 0.017 0.843 0.000 0.139
377500 0.017 0.843 0.000 0.139
378000 0.017 0.843 0.000 0.139
378500 0.017 0.843 0.000 0.139
379000 0.017 0.843 0.000 0.139
379500 0.017 0.843 0.000 0.139
380000 0.017 0.843 0.000 0.139
380500 0.017 0.843 0.000 0.139
381000 0.017 0.843 0.000 0.139
381500 0.017 0.843 0.000 0.139
382000 0.017 0.843 0.000 0.139
382500 0.017 0.843 0.000 0.139
383000 0.017 0.843 0.000 0.139
383500 0.017 0.843 0.000 0.139
384000 0.017 0.843 0.000 0.139
384500 0.017 0.843 0.000 0.139
385000 0.017 0.843 0.000 0.139
385500 0.017 0.843 0.000 0.139
386000 0.017 0.843 0.000 0.139
386500 0.017 0.843 0.000 0.139
387000 0.017 0.843 0.000 0.139
387500 0.017 0.843 0.000 0.139
388000 0.017 0.843 0.000 0.139
388500 0.017 0.843 0.000 0.139
389000 0.017 0.843 0.000 0.139
389500 0.017 0.843 0.000 0.139
390000 0.017 0.843 0.000 0.139
390500 0.017 0.843 0.000 0.139
391000 0.017 0.843 0.000 0.139
391500 0.017 0.843 0.000 0.139
392000 0.017 0.843 0.000 0.139
392500 0.017 0.843 0.000 0.139
393000 0.017 0.843 0.000 0.139
393500 0.017 0.843 0.000 0.139
394000 0.017 0.843 0.000 0.139
394500 0.017 0.843 0.000 0.139
395000 0.017 0.843 0.000 0.139
395500 0.017 0.843 0.000 0.139
396000 0.017 0.843 0.000 0.139
396500 0.017 0.843 0.000 0.139
397000 0.017 0.843 0.000 0.139
397500 0.017 0.843 0.000 0.139
398000 0.017 0.843 0.000 0.139
398500 0.017 0.843 0.000 0.139
399000 0.017 0.843 0.000 0.139
399500 0.017 0.843 0.000 0.139
400000 0.017 0.843 0.000 0.139
400500 0.017 0.843 0.000 0.139
401000 0.017 0.843 0.000 0.139
401500 0.017 0.843 0.000 0.139
402000 0.017 0.843 0.000 0.139
402500 0.017 0.843 0.000 0.139
403000 0.017 0.843 0.000 0.139
403500 0.017 0.843 0.000 0.139
404000 0.017 0.843 0.000 0.139
404500 0.017 0.843 0.000 0.139
405000 0.017 0.843 0.000 0.139
405500 0.017 0.843 0.000 0.139
406000 0.017 0.843 0.000 0.139
406500 0.017 0.843 0.000 0.139
407000 0.017 0.843 0.000 0.139
407500 0.017 0.843 0.000 0.139
408000 0.017 0.843 0.000 0.139
408500 0.017 0.843 0.000 0.139
409000 0.017 0.843 0.000 0.139
409500 0.017 0.843 0.000 0.139
410000 0.017 0.843 0.000 0.139
410500 0.017 0.843 0.000 0.139
411000 0.017 0.843 0.000 0.139
411500 0.017 0.843 0.000 0.139
412000 0.017 0.843 0.000 0.139
412500 0.017 0.843 0.000 0.139
413000 0.017 0.843 0.000 0.139
413500 0.017 0.843 0.000 0.139
414000 0.017 0.843 0.000 0.139
414500 0.017 0.843 0.000 0.139
415000 0.017 0.843 0.000 0.139
415500 0.017 0.843 0.000 0.139
416000 0.017 0.843 0.000 0.139
416500 0.017 0.843 0.000 0.139
417000 0.017 0.843 0.000 0.139
417500 0.017 0.843 0.000 0.139
418000 0.017 0.843 0.000 0.139
418500 0.017 0.843 0.000 0.139
419000 0.017 0.843 0.000 0.139
419500 0.017 0.843 0.000 0.139
420000 0.017 0.843 0.000 0.139
420500 0.017 0.843 0.000 0.139
421000 0.017 0.843 0.000 0.139
421500 0.017 0.843 0.000 0.139
422000 0.017 0.843 0.000 0.139
422500 0.017 0.843 0.000 0.139
423000 0.017 0.843 0.000 0.139
423500 0.017 0.843 0.000 0.139
424000 0.017 0.843 0.000 0.139
424500 0.017 0.843 0.000 0.139
425000 0.017 0.843 0.000 0.139
425500 0.017 0.843 0.000 0.139
426000 0.017 0.843 0.000 0.139
426500 0.017 0.843 0.000 0.139
427000 0.017 0.843 0.000 0.139
427500 0.017 0.843 0.000 0.139
428000 0.017 0.843 0.000 0.139
428500 0.017 0.843 0.000 0.139
429000 0.017 0.843 0.000 0.139
429500 0.017 0.843 0.000 0.139
430000 0.017 0.843 0.000 0.139
430500 0.017 0.843 0.000 0.139
431000 0.017 0.843 0.000 0.139
431500 0.017 0.843 0.000 0.139
432000 0.017 0.843 0.000 0.139
432500 0.017 0.843 0.000 0.139
433000 0.017 0.843 0.000 0.139
433500 0.017 0.843 0.000 0.139
434000 0.017 0.843 0.000 0.139
434500 0.017 0.843 0.000 0.139
435000 0.017 0.843 0.000 0.139
435500 0.017 0.843 0.000 0.139
436000 0.017 0.843 0.000 0.139
436500 0.017 0.843 0.000 0.139
437000 0.017 0.843 0.000 0.139
437500 0.017 0.843 0.000 0.139
438000 0.017 0.843 0.000 0.139
438500 0.017 0.843 0.000 0.139
439000 0.017 0.843 0.000 0.139
439500 0.017 0.843 0.000 0.139
440000 0.017 0.843 0.000 0.139
440500 0.017 0.843 0.000 0.139
441000 0.017 0.843 0.000 0.139
441500 0.017 0.843 0.000 0.139
442000 0.017 0.843 0.000 0.139
442500 0.017 0.843 0.000 0.139
443000 0.017 0.843 0.000 0.139
443500 0.017 0.843 0.000 0.139
444000 0.017 0.843 0.000 0.139
444500 0.017 0.843 0.000 0.139
445000 0.017 0.843 0.000 0.139
445500 0.017 0.843 0.000 0.139
446000 0.017 0.843 0.000 0.139
446500 0.017 0.843 0.000 0.139
447000 0.017 0.843 0.000 0.139
447500 0.017 0.843 0.000 0.139
448000 0.017 0.843 0.000 0.139
448500 0.017 0.843 0.000 0.139
449000 0.017 0.843 0.000 0.139
449500 0.017 0.843 0.000 0.139
450000 0.017 0.843 0.000 0.139
450500 0.017 0.843 0.000 0.139
451000 0.017 0.843 0.000 0.139
451500 0.017 0.843 0.000 0.139
452000 0.017 0.843 0.000 0.139
452500 0.017 0.843 0.000 0.139
453000 0.017 0.843 0.000 0.139
453500 0.017 0.843 0.000 0.139
454000 0.017 0.843 0.000 0.139
454500 0.017 0.843 0.000 0.139
455000 0.017 0.843 0.000 0.139
455500 0.017 0.843 0.000 0.139
456000 0.017 0.843 0.000 0.139
456500 0.017 0.843 0.000 0.139
457000 0.017 0.843 0.000 0.139
457500 0.017 0.843 0.000 0.139
458000 0.017 0.843 0.000 0.139
458500 0.017 0.843 0.000 0.139
459000 0.017 0.843 0.000 0.139
459500 0.017 0.843 0.000 0.139
460000 0.017 0.843 0.000 0.139
460500 0.017 0.843 0.000 0.139
461000 0.017 0.843 0.000 0.139
461500 0.017 0.843 0.000 0.139
462000 0.017 0.843 0.000 0.139
462500 0.017 0.843 0.000 0.139
463000 0.017 0.843 0.000 0.139
463500 0.017 0.843 0.000 0.139
464000 0.017 0.843 0.000 0.139
464500 0.017 0.843 0.000 0.139
465000 0.017 0.843 0.000 0.139
465500 0.017 0.843 0.000 0.139
466000 0.017 0.843 0.000 0.139
466500 0.017 0.843 0.000 0.139
467000 0.017 0.843 0.000 0.139
467500 0.017 0.843 0.000 0.139
468000 0.017 0.843 0.000 0.139
468500 0.017 0.843 0.000 0.139
469000 0.017 0.843 0.000 0.139
469500 0.017 0.843 0.000 0.139
470000 0.017 0.843 0.000 0.139
470500 0.017 0.843 0.000 0.139
471000 0.017 0.843 0.000 0.139
471500 0.017 0.843 0.000 0.139
472000 0.017 0.843 0.000 0.139
472500 0.017 0.843 0.000 0.139
473000 0.017 0.843 0.000 0.139
473500 0.017 0.843 0.000 0.139
474000 0.017 0.843 0.000 0.139
474500 0.017 0.843 0.000 0.139
475000 0.017 0.843 0.000 0.139
475500 0.017 0.843 0.000 0.139
476000 0.017 0.843 0.000 0.139
476500 0.017 0.843 0.000 0.139
477000 0.017 0.843 0.000 0.139
477500 0.017 0.843 0.000 0.139
478000 0.017 0.843 0.000 0.139
478500 0.017 0.843 0.000 0.139
479000 0.017 0.843 0.000 0.139
479500 0.017 0.843 0.000 0.139
480000 0.017 0.843 0.000 0.139
480500 0.017 0.843 0.000 0.139
481000 0.017 0.843 0.000 0.139
481500 0.017 0.843 0.000 0.139
482000 0.017 0.843 0.000 0.139
482500 0.017 0.843 0.000 0.139
483000 0.017 0.843 0.000 0.139
483500 0.017 0.843 0.000 0.139
484000 0.017 0.843 0.000 0.139
484500 0.017 0.843 0.000 0.139
485000 0.017 0.843 0.000 0.139
485500 0.017 0.843 0.000 0.139
486000 0.017 0.843 0.000 0.139
486500 0.017 0.843 0.000 0.139
487000 0.017 0.843 0.000 0.139
487500 0.017 0.843 0.000 0.139
488000 0.017 0.843 0.000 0.139
488500 0.017 0.843 0.000 0.139
489000 0.017 0.843 0.000 0.139
489500 0.017 0.843 0.000 0.139
490000 0.017 0.843 0.000 0.139
490500 0.017 0.843 0.000 0.139
491000 0.017 0.843 0.000 0.139
491500 0.017 0.843 0.000 0.139
492000 0.017 0.843 0.000 0.139
492500 0.017 0.843 0.000 0.139
493000 0.017 0.843 0.000 0.139
493500 0.017 0.843 0.000 0.139
494000 0.017 0.843 0.000 0.139
494500 0.017 0.843 0.000 0.139
495000 0.017 0.843 0.000 0.139
495500 0.017 0.843 0.000 0.139
496000 0.017 0.843 0.000 0.139
496500 0.017 0.843 0.000 0.139
497000 0.017 0.843 0.000 0.139
497500 0.017 0.843 0.000 0.139
498000 0.017 0.843 0.000 0.139
498500 0.017 0.843 0.000 0.139
499000 0.017 0.843 0.000 0.139
499500 0.017 0.843 0.000 0.139
500000 0.017 0.843 0.000 0.139
