000000 0.250 0.250 0.250 0.250
000500 0.404 0.289 0.000 0.307
001000 0.398 0.297 0.000 0.305
001500 0.396 0.300 0.000 0.304
002000 0.392 0.305 0.000 0.303
002500 0.392 0.307 0.000 0.302
003000 0.392 0.308 0.000 0.300
003500 0.393 0.307 0.000 0.300
004000 0.392 0.308 0.000 0.300
004500 0.392 0.307 0.000 0.300
005000 0.392 0.308 0.000 0.301
005500 0.389 0.311 0.000 0.300
006000 0.389 0.310 0.000 0.300
006500 0.387 0.313 0.000 0.300
007000 0.388 0.313 0.000 0.300
007500 0.388 0.312 0.000 0.300
008000 0.387 0.312 0.000 0.300
008500 0.387 0.313 0.000 0.300
009000 0.387 0.314 0.000 0.299
009500 0.385 0.316 0.000 0.299
010000 0.384 0.317 0.000 0.299
010500 0.383 0.318 0.000 0.300
011000 0.384 0.316 0.000 0.300
011500 0.384 0.316 0.000 0.300
012000 0.382 0.318 0.000 0.300
012500 0.382 0.318 0.000 0.300
013000 0.381 0.320 0.000 0.299
013500 0.382 0.321 0.000 0.298
014000 0.381 0.322 0.000 0.297
014500 0.382 0.321 0.000 0.297
015000 0.381 0.322 0.000 0.297
015500 0.382 0.322 0.000 0.297
016000 0.381 0.322 0.000 0.296
016500 0.380 0.325 0.000 0.295
017000 0.381 0.325 0.000 0.295
017500 0.380 0.325 0.000 0.295
018000 0.380 0.325 0.000 0.295
018500 0.380 0.325 0.000 0.295
019000 0.380 0.325 0.000 0.295
019500 0.380 0.325 0.000 0.295
020000 0.380 0.325 0.000 0.295
020500 0.380 0.325 0.000 0.295
021000 0.380 0.325 0.000 0.295
021500 0.380 0.325 0.000 0.295
022000 0.380 0.325 0.000 0.295
022500 0.380 0.325 0.000 0.295
023000 0.380 0.325 0.000 0.295
023500 0.380 0.325 0.000 0.295
024000 0.380 0.325 0.000 0.295
024500 0.380 0.325 0.000 0.295
025000 0.380 0.325 0.000 0.295
025500 0.380 0.325 0.000 0.295
026000 0.380 0.325 0.000 0.295
026500 0.380 0.325 0.000 0.295
027000 0.380 0.325 0.000 0.295
027500 0.380 0.325 0.000 0.295
028000 0.380 0.325 0.000 0.295
028500 0.380 0.325 0.000 0.295
029000 0.380 0.325 0.000 0.295
029500 0.380 0.325 0.000 0.295
030000 0.380 0.325 0.000 0.295
030500 0.380 0.325 0.000 0.295
031000 0.380 0.325 0.000 0.295
031500 0.380 0.325 0.000 0.295
032000 0.380 0.325 0.000 0.295
032500 0.380 0.325 0.000 0.295
033000 0.380 0.325 0.000 0.295
033500 0.380 0.325 0.000 0.295
034000 0.380 0.325 0.000 0.295
034500 0.380 0.325 0.000 0.295
035000 0.380 0.325 0.000 0.295
035500 0.380 0.325 0.000 0.295
036000 0.380 0.325 0.000 0.295
036500 0.380 0.325 0.000 0.295
037000 0.380 0.325 0.000 0.295
037500 0.380 0.325 0.000 0.295
038000 0.380 0.325 0.000 0.295
038500 0.380 0.325 0.000 0.295
039000 0.380 0.325 0.000 0.295
039500 0.380 0.325 0.000 0.295
040000 0.380 0.325 0.000 0.295
040500 0.380 0.325 0.000 0.295
041000 0.380 0.325 0.000 0.295
041500 0.380 0.325 0.000 0.295
042000 0.380 0.325 0.000 0.295
042500 0.380 0.325 0.000 0.295
043000 0.380 0.325 0.000 0.295
043500 0.380 0.325 0.000 0.295
044000 0.380 0.325 0.000 0.295
044500 0.380 0.325 0.000 0.295
045000 0.380 0.325 0.000 0.295
045500 0.380 0.325 0.000 0.295
046000 0.380 0.325 0.000 0.295
046500 0.380 0.325 0.000 0.295
047000 0.380 0.325 0.000 0.295
047500 0.380 0.325 0.000 0.295
048000 0.380 0.325 0.000 0.295
048500 0.380 0.325 0.000 0.295
049000 0.380 0.325 0.000 0.295
049500 0.380 0.325 0.000 0.295
050000 0.380 0.325 0.000 0.295
050500 0.380 0.325 0.000 0.295
051000 0.380 0.325 0.000 0.295
051500 0.380 0.325 0.000 0.295
052000 0.380 0.325 0.000 0.295
052500 0.380 0.325 0.000 0.295
053000 0.380 0.325 0.000 0.295
053500 0.380 0.325 0.000 0.295
054000 0.380 0.325 0.000 0.295
054500 0.380 0.325 0.000 0.295
055000 0.380 0.325 0.000 0.295
055500 0.380 0.325 0.000 0.295
056000 0.380 0.325 0.000 0.295
056500 0.380 0.325 0.000 0.295
057000 0.380 0.325 0.000 0.295
057500 0.380 0.325 0.000 0.295
058000 0.380 0.325 0.000 0.295
058500 0.380 0.325 0.000 0.295
059000 0.380 0.325 0.000 0.295
059500 0.380 0.325 0.000 0.295
060000 0.380 0.325 0.000 0.295
060500 0.380 0.325 0.000 0.295
061000 0.380 0.325 0.000 0.295
061500 0.380 0.325 0.000 0.295
062000 0.380 0.325 0.000 0.295
062500 0.380 0.325 0.000 0.295
063000 0.380 0.325 0.000 0.295
063500 0.380 0.325 0.000 0.295
064000 0.380 0.325 0.000 0.295
064500 0.380 0.325 0.000 0.295
065000 0.380 0.325 0.000 0.295
065500 0.380 0.325 0.000 0.295
066000 0.380 0.325 0.000 0.295
066500 0.380 0.325 0.000 0.295
067000 0.380 0.325 0.000 0.295
067500 0.380 0.325 0.000 0.295
068000 0.380 0.325 0.000 0.295
068500 0.380 0.325 0.000 0.295
069000 0.380 0.325 0.000 0.295
069500 0.380 0.325 0.000 0.295
070000 0.380 0.325 0.000 0.295
070500 0.380 0.325 0.000 0.295
071000 0.380 0.325 0.000 0.295
071500 0.380 0.325 0.000 0.295
072000 0.380 0.325 0.000 0.295
072500 0.380 0.325 0.000 0.295
073000 0.380 0.325 0.000 0.295
073500 0.380 0.325 0.000 0.295
074000 0.380 0.325 0.000 0.295
074500 0.380 0.325 0.000 0.295
075000 0.380 0.325 0.000 0.295
075500 0.380 0.325 0.000 0.295
076000 0.380 0.325 0.000 0.295
076500 0.380 0.325 0.000 0.295
077000 0.380 0.325 0.000 0.295
077500 0.380 0.325 0.000 0.295
078000 0.380 0.325 0.000 0.295
078500 0.380 0.325 0.000 0.295
079000 0.380 0.325 0.000 0.295
079500 0.380 0.325 0.000 0.295
080000 0.380 0.325 0.000 0.295
080500 0.380 0.325 0.000 0.295
081000 0.380 0.325 0.000 0.295
081500 0.380 0.325 0.000 0.295
082000 0.380 0.325 0.000 0.295
082500 0.380 0.325 0.000 0.295
083000 0.380 0.325 0.000 0.295
083500 0.380 0.325 0.000 0.295
084000 0.380 0.325 0.000 0.295
084500 0.380 0.325 0.000 0.295
085000 0.380 0.325 0.000 0.295
085500 0.380 0.325 0.000 0.295
086000 0.380 0.325 0.000 0.295
086500 0.380 0.325 0.000 0.295
087000 0.380 0.325 0.000 0.295
087500 0.380 0.325 0.000 0.295
088000 0.380 0.325 0.000 0.295
088500 0.380 0.325 0.000 0.295
089000 0.380 0.325 0.000 0.295
089500 0.380 0.325 0.000 0.295
090000 0.380 0.325 0.000 0.295
090500 0.380 0.325 0.000 0.295
091000 0.380 0.325 0.000 0.295
091500 0.380 0.325 0.000 0.295
092000 0.380 0.325 0.000 0.295
092500 0.380 0.325 0.000 0.295
093000 0.380 0.325 0.000 0.295
093500 0.380 0.325 0.000 0.295
094000 0.380 0.325 0.000 0.295
094500 0.380 0.325 0.000 0.295
095000 0.380 0.325 0.000 0.295
095500 0.380 0.325 0.000 0.295
096000 0.380 0.325 0.000 0.295
096500 0.380 0.325 0.000 0.295
097000 0.380 0.325 0.000 0.295
097500 0.380 0.325 0.000 0.295
098000 0.380 0.325 0.000 0.295
098500 0.380 0.325 0.000 0.295
099000 0.380 0.325 0.000 0.295
099500 0.380 0.325 0.000 0.295
100000 0.380 0.325 0.000 0.295
100500 0.380 0.325 0.000 0.295
101000 0.380 0.325 0.000 0.295
101500 0.380 0.325 0.000 0.295
102000 0.380 0.325 0.000 0.295
102500 0.380 0.325 0.000 0.295
103000 0.380 0.325 0.000 0.295
103500 0.380 0.325 0.000 0.295
104000 0.380 0.325 0.000 0.295
104500 0.380 0.325 0.000 0.295
105000 0.380 0.325 0.000 0.295
105500 0.380 0.325 0.000 0.295
106000 0.380 0.325 0.000 0.295
106500 0.380 0.325 0.000 0.295
107000 0.380 0.325 0.000 0.295
107500 0.380 0.325 0.000 0.295
108000 0.380 0.325 0.000 0.295
108500 0.380 0.325 0.000 0.295
109000 0.380 0.325 0.000 0.295
109500 0.380 0.325 0.000 0.295
110000 0.380 0.325 0.000 0.295
110500 0.380 0.325 0.000 0.295
111000 0.380 0.325 0.000 0.295
111500 0.380 0.325 0.000 0.295
112000 0.380 0.325 0.000 0.295
112500 0.380 0.325 0.000 0.295
113000 0.380 0.325 0.000 0.295
113500 0.380 0.325 0.000 0.295
114000 0.380 0.325 0.000 0.295
114500 0.380 0.325 0.000 0.295
115000 0.380 0.325 0.000 0.295
115500 0.380 0.325 0.000 0.295
116000 0.380 0.325 0.000 0.295
116500 0.380 0.325 0.000 0.295
117000 0.380 0.325 0.000 0.295
117500 0.380 0.325 0.000 0.295
118000 0.380 0.325 0.000 0.295
118500 0.380 0.325 0.000 0.295
119000 0.380 0.325 0.000 0.295
119500 0.380 0.325 0.000 0.295
120000 0.380 0.325 0.000 0.295
120500 0.380 0.325 0.000 0.295
121000 0.380 0.325 0.000 0.295
121500 0.380 0.325 0.000 0.295
122000 0.380 0.325 0.000 0.295
122500 0.380 0.325 0.000 0.295
123000 0.380 0.325 0.000 0.295
123500 0.380 0.325 0.000 0.295
124000 0.380 0.325 0.000 0.295
124500 0.380 0.325 0.000 0.295
125000 0.380 0.325 0.000 0.295
125500 0.380 0.325 0.000 0.295
126000 0.380 0.325 0.000 0.295
126500 0.380 0.325 0.000 0.295
127000 0.380 0.325 0.000 0.295
127500 0.380 0.325 0.000 0.295
128000 0.380 0.325 0.000 0.295
128500 0.380 0.325 0.000 0.295
129000 0.380 0.325 0.000 0.295
129500 0.380 0.325 0.000 0.295
130000 0.380 0.325 0.000 0.295
130500 0.380 0.325 0.000 0.295
131000 0.380 0.325 0.000 0.295
131500 0.380 0.325 0.000 0.295
132000 0.380 0.325 0.000 0.295
132500 0.380 0.325 0.000 0.295
133000 0.380 0.325 0.000 0.295
133500 0.380 0.325 0.000 0.295
134000 0.380 0.325 0.000 0.295
134500 0.380 0.325 0.000 0.295
135000 0.380 0.325 0.000 0.295
135500 0.380 0.325 0.000 0.295
136000 0.380 0.325 0.000 0.295
136500 0.380 0.325 0.000 0.295
137000 0.380 0.325 0.000 0.295
137500 0.380 0.325 0.000 0.295
138000 0.380 0.325 0.000 0.295
138500 0.380 0.325 0.000 0.295
139000 0.380 0.325 0.000 0.295
139500 0.380 0.325 0.000 0.295
140000 0.380 0.325 0.000 0.295
140500 0.380 0.325 0.000 0.295
141000 0.380 0.325 0.000 0.295
141500 0.380 0.325 0.000 0.295
142000 0.380 0.325 0.000 0.295
142500 0.380 0.325 0.000 0.295
143000 0.380 0.325 0.000 0.295
143500 0.380 0.325 0.000 0.295
144000 0.380 0.325 0.000 0.295
144500 0.380 0.325 0.000 0.295
145000 0.380 0.325 0.000 0.295
145500 0.380 0.325 0.000 0.295
146000 0.380 0.325 0.000 0.295
146500 0.380 0.325 0.000 0.295
147000 0.380 0.325 0.000 0.295
147500 0.380 0.325 0.000 0.295
148000 0.380 0.325 0.000 0.295
148500 0.380 0.325 0.000 0.295
149000 0.380 0.325 0.000 0.295
149500 0.380 0.325 0.000 0.295
150000 0.380 0.325 0.000 0.295
150500 0.380 0.325 0.000 0.295
151000 0.380 0.325 0.000 0.295
151500 0.380 0.325 0.000 0.295
152000 0.380 0.325 0.000 0.295
152500 0.380 0.325 0.000 0.295
153000 0.380 0.325 0.000 0.295
153500 0.380 0.325 0.000 0.295
154000 0.380 0.325 0.000 0.295
154500 0.380 0.325 0.000 0.295
155000 0.380 0.325 0.000 0.295
155500 0.380 0.325 0.000 0.295
156000 0.380 0.325 0.000 0.295
156500 0.380 0.325 0.000 0.295
157000 0.380 0.325 0.000 0.295
157500 0.380 0.325 0.000 0.295
158000 0.380 0.325 0.000 0.295
158500 0.380 0.325 0.000 0.295
159000 0.380 0.325 0.000 0.295
159500 0.380 0.325 0.000 0.295
160000 0.380 0.325 0.000 0.295
160500 0.380 0.325 0.000 0.295
161000 0.380 0.325 0.000 0.295
161500 0.380 0.325 0.000 0.295
162000 0.380 0.325 0.000 0.295
162500 0.380 0.325 0.000 0.295
163000 0.380 0.325 0.000 0.295
163500 0.380 0.325 0.000 0.295
164000 0.380 0.325 0.000 0.295
164500 0.380 0.325 0.000 0.295
165000 0.380 0.325 0.000 0.295
165500 0.380 0.325 0.000 0.295
166000 0.380 0.325 0.000 0.295
166500 0.380 0.325 0.000 0.295
167000 0.380 0.325 0.000 0.295
167500 0.380 0.325 0.000 0.295
168000 0.380 0.325 0.000 0.295
168500 0.380 0.325 0.000 0.295
169000 0.380 0.325 0.000 0.295
169500 0.380 0.325 0.000 0.295
170000 0.380 0.325 0.000 0.295
170500 0.380 0.325 0.000 0.295
171000 0.380 0.325 0.000 0.295
171500 0.380 0.325 0.000 0.295
172000 0.380 0.325 0.000 0.295
172500 0.380 0.325 0.000 0.295
173000 0.380 0.325 0.000 0.295
173500 0.380 0.325 0.000 0.295
174000 0.380 0.325 0.000 0.295
174500 0.380 0.325 0.000 0.295
175000 0.380 0.325 0.000 0.295
175500 0.380 0.325 0.000 0.295
176000 0.380 0.325 0.000 0.295
176500 0.380 0.325 0.000 0.295
177000 0.380 0.325 0.000 0.295
177500 0.380 0.325 0.000 0.295
178000 0.380 0.325 0.000 0.295
178500 0.380 0.325 0.000 0.295
179000 0.380 0.325 0.000 0.295
179500 0.380 0.325 0.000 0.295
180000 0.380 0.325 0.000 0.295
180500 0.380 0.325 0.000 0.295
181000 0.380 0.325 0.000 0.295
181500 0.380 0.325 0.000 0.295
182000 0.380 0.325 0.000 0.295
182500 0.380 0.325 0.000 0.295
183000 0.380 0.325 0.000 0.295
183500 0.380 0.325 0.000 0.295
184000 0.380 0.325 0.000 0.295
184500 0.380 0.325 0.000 0.295
185000 0.380 0.325 0.000 0.295
185500 0.380 0.325 0.000 0.295
186000 0.380 0.325 0.000 0.295
186500 0.380 0.325 0.000 0.295
187000 0.380 0.325 0.000 0.295
187500 0.380 0.325 0.000 0.295
188000 0.380 0.325 0.000 0.295
188500 0.380 0.325 0.000 0.295
189000 0.380 0.325 0.000 0.295
189500 0.380 0.325 0.000 0.295
190000 0.380 0.325 0.000 0.295
190500 0.380 0.325 0.000 0.295
191000 0.380 0.325 0.000 0.295
191500 0.380 0.325 0.000 0.295
192000 0.380 0.325 0.000 0.295
192500 0.380 0.325 0.000 0.295
193000 0.380 0.325 0.000 0.295
193500 0.380 0.325 0.000 0.295
194000 0.380 0.325 0.000 0.295
194500 0.380 0.325 0.000 0.295
195000 0.380 0.325 0.000 0.295
195500 0.380 0.325 0.000 0.295
196000 0.380 0.325 0.000 0.295
196500 0.380 0.325 0.000 0.295
197000 0.380 0.325 0.000 0.295
197500 0.380 0.325 0.000 0.295
198000 0.380 0.325 0.000 0.295
198500 0.380 0.325 0.000 0.295
199000 0.380 0.325 0.000 0.295
199500 0.380 0.325 0.000 0.295
200000 0.380 0.325 0.000 0.295
200500 0.380 0.325 0.000 0.295
201000 0.380 0.325 0.000 0.295
201500 0.380 0.325 0.000 0.295
202000 0.380 0.325 0.000 0.295
202500 0.380 0.325 0.000 0.295
203000 0.380 0.325 0.000 0.295
203500 0.380 0.325 0.000 0.295
204000 0.380 0.325 0.000 0.295
204500 0.380 0.325 0.000 0.295
205000 0.380 0.325 0.000 0.295
205500 0.380 0.325 0.000 0.295
206000 0.380 0.325 0.000 0.295
206500 0.380 0.325 0.000 0.295
207000 0.380 0.325 0.000 0.295
207500 0.380 0.325 0.000 0.295
208000 0.380 0.325 0.000 0.295
208500 0.380 0.325 0.000 0.295
209000 0.380 0.325 0.000 0.295
209500 0.380 0.325 0.000 0.295
210000 0.380 0.325 0.000 0.295
210500 0.380 0.325 0.000 0.295
211000 0.380 0.325 0.000 0.295
211500 0.380 0.325 0.000 0.295
212000 0.380 0.325 0.000 0.295
212500 0.380 0.325 0.000 0.295
213000 0.380 0.325 0.000 0.295
213500 0.380 0.325 0.000 0.295
214000 0.380 0.325 0.000 0.295
214500 0.380 0.325 0.000 0.295
215000 0.380 0.325 0.000 0.295
215500 0.380 0.325 0.000 0.295
216000 0.380 0.325 0.000 0.295
216500 0.380 0.325 0.000 0.295
217000 0.380 0.325 0.000 0.295
217500 0.380 0.325 0.000 0.295
218000 0.380 0.325 0.000 0.295
218500 0.380 0.325 0.000 0.295
219000 0.380 0.325 0.000 0.295
219500 0.380 0.325 0.000 0.295
220000 0.380 0.325 0.000 0.295
220500 0.380 0.325 0.000 0.295
221000 0.380 0.325 0.000 0.295
221500 0.380 0.325 0.000 0.295
222000 0.380 0.325 0.000 0.295
222500 0.380 0.325 0.000 0.295
223000 0.380 0.325 0.000 0.295
223500 0.380 0.325 0.000 0.295
224000 0.380 0.325 0.000 0.295
224500 0.380 0.325 0.000 0.295
225000 0.380 0.325 0.000 0.295
225500 0.380 0.325 0.000 0.295
226000 0.380 0.325 0.000 0.295
226500 0.380 0.325 0.000 0.295
227000 0.380 0.325 0.000 0.295
227500 0.380 0.325 0.000 0.295
228000 0.380 0.325 0.000 0.295
228500 0.380 0.325 0.000 0.295
229000 0.380 0.325 0.000 0.295
229500 0.380 0.325 0.000 0.295
230000 0.380 0.325 0.000 0.295
230500 0.380 0.325 0.000 0.295
231000 0.380 0.325 0.000 0.295
231500 0.380 0.325 0.000 0.295
232000 0.380 0.325 0.000 0.295
232500 0.380 0.325 0.000 0.295
233000 0.380 0.325 0.000 0.295
233500 0.380 0.325 0.000 0.295
234000 0.380 0.325 0.000 0.295
234500 0.380 0.325 0.000 0.295
235000 0.380 0.325 0.000 0.295
235500 0.380 0.325 0.000 0.295
236000 0.380 0.325 0.000 0.295
236500 0.380 0.325 0.000 0.295
237000 0.380 0.325 0.000 0.295
237500 0.380 0.325 0.000 0.295
238000 0.380 0.325 0.000 0.295
238500 0.380 0.325 0.000 0.295
239000 0.380 0.325 0.000 0.295
239500 0.380 0.325 0.000 0.295
240000 0.380 0.325 0.000 0.295
240500 0.380 0.325 0.000 0.295
241000 0.380 0.325 0.000 0.295
241500 0.380 0.325 0.000 0.295
242000 0.380 0.325 0.000 0.295
242500 0.380 0.325 0.000 0.295
243000 0.380 0.325 0.000 0.295
243500 0.380 0.325 0.000 0.295
244000 0.380 0.325 0.000 0.295
244500 0.380 0.325 0.000 0.295
245000 0.380 0.325 0.000 0.295
245500 0.380 0.325 0.000 0.295
246000 0.380 0.325 0.000 0.295
246500 0.380 0.325 0.000 0.295
247000 0.380 0.325 0.000 0.295
247500 0.380 0.325 0.000 0.295
248000 0.380 0.325 0.000 0.295
248500 0.380 0.325 0.000 0.295
249000 0.380 0.325 0.000 0.295
249500 0.380 0.325 0.000 0.295
250000 0.380 0.325 0.000 0.295
250500 0.380 0.325 0.000 0.295
251000 0.380 0.325 0.000 0.295
251500 0.380 0.325 0.000 0.295
252000 0.380 0.325 0.000 0.295
252500 0.380 0.325 0.000 0.295
253000 0.380 0.325 0.000 0.295
253500 0.380 0.325 0.000 0.295
254000 0.380 0.325 0.000 0.295
254500 0.380 0.325 0.000 0.295
255000 0.380 0.325 0.000 0.295
255500 0.380 0.325 0.000 0.295
256000 0.380 0.325 0.000 0.295
256500 0.380 0.325 0.000 0.295
257000 0.380 0.325 0.000 0.295
257500 0.380 0.325 0.000 0.295
258000 0.380 0.325 0.000 0.295
258500 0.380 0.325 0.000 0.295
259000 0.380 0.325 0.000 0.295
259500 0.380 0.325 0.000 0.295
260000 0.380 0.325 0.000 0.295
260500 0.380 0.325 0.000 0.295
261000 0.380 0.325 0.000 0.295
261500 0.380 0.325 0.000 0.295
262000 0.380 0.325 0.000 0.295
262500 0.380 0.325 0.000 0.295
263000 0.380 0.325 0.000 0.295
263500 0.380 0.325 0.000 0.295
264000 0.380 0.325 0.000 0.295
264500 0.380 0.325 0.000 0.295
265000 0.380 0.325 0.000 0.295
265500 0.380 0.325 0.000 0.295
266000 0.380 0.325 0.000 0.295
266500 0.380 0.325 0.000 0.295
267000 0.380 0.325 0.000 0.295
267500 0.380 0.325 0.000 0.295
268000 0.380 0.325 0.000 0.295
268500 0.380 0.325 0.000 0.295
269000 0.380 0.325 0.000 0.295
269500 0.380 0.325 0.000 0.295
270000 0.380 0.325 0.000 0.295
270500 0.380 0.325 0.000 0.295
271000 0.380 0.325 0.000 0.295
271500 0.380 0.325 0.000 0.295
272000 0.380 0.325 0.000 0.295
272500 0.380 0.325 0.000 0.295
273000 0.380 0.325 0.000 0.295
273500 0.380 0.325 0.000 0.295
274000 0.380 0.325 0.000 0.295
274500 0.380 0.325 0.000 0.295
275000 0.380 0.325 0.000 0.295
275500 0.380 0.325 0.000 0.295
276000 0.380 0.325 0.000 0.295
276500 0.380 0.325 0.000 0.295
277000 0.380 0.325 0.000 0.295
277500 0.380 0.325 0.000 0.295
278000 0.380 0.325 0.000 0.295
278500 0.380 0.325 0.000 0.295
279000 0.380 0.325 0.000 0.295
279500 0.380 0.325 0.000 0.295
280000 0.380 0.325 0.000 0.295
280500 0.380 0.325 0.000 0.295
281000 0.380 0.325 0.000 0.295
281500 0.380 0.325 0.000 0.295
282000 0.380 0.325 0.000 0.295
282500 0.380 0.325 0.000 0.295
283000 0.380 0.325 0.000 0.295
283500 0.380 0.325 0.000 0.295
284000 0.380 0.325 0.000 0.295
284500 0.380 0.325 0.000 0.295
285000 0.380 0.325 0.000 0.295
285500 0.380 0.325 0.000 0.295
286000 0.380 0.325 0.000 0.295
286500 0.380 0.325 0.000 0.295
287000 0.380 0.325 0.000 0.295
287500 0.380 0.325 0.000 0.295
288000 0.380 0.325 0.000 0.295
288500 0.380 0.325 0.000 0.295
289000 0.380 0.325 0.000 0.295
289500 0.380 0.325 0.000 0.295
290000 0.380 0.325 0.000 0.295
290500 0.380 0.325 0.000 0.295
291000 0.380 0.325 0.000 0.295
291500 0.380 0.325 0.000 0.295
292000 0.380 0.325 0.000 0.295
292500 0.380 0.325 0.000 0.295
293000 0.380 0.325 0.000 0.295
293500 0.380 0.325 0.000 0.295
294000 0.380 0.325 0.000 0.295
294500 0.380 0.325 0.000 0.295
295000 0.380 0.325 0.000 0.295
295500 0.380 0.325 0.000 0.295
296000 0.380 0.325 0.000 0.295
296500 0.380 0.325 0.000 0.295
297000 0.380 0.325 0.000 0.295
297500 0.380 0.325 0.000 0.295
298000 0.380 0.325 0.000 0.295
298500 0.380 0.325 0.000 0.295
299000 0.380 0.325 0.000 0.295
299500 0.380 0.325 0.000 0.295
300000 0.380 0.325 0.000 0.295
300500 0.380 0.325 0.000 0.295
301000 0.380 0.325 0.000 0.295
301500 0.380 0.325 0.000 0.295
302000 0.380 0.325 0.000 0.295
302500 0.380 0.325 0.000 0.295
303000 0.380 0.325 0.000 0.295
303500 0.380 0.325 0.000 0.295
304000 0.380 0.325 0.000 0.295
304500 0.380 0.325 0.000 0.295
305000 0.380 0.325 0.000 0.295
305500 0.380 0.325 0.000 0.295
306000 0.380 0.325 0.000 0.295
306500 0.380 0.325 0.000 0.295
307000 0.380 0.325 0.000 0.295
307500 0.380 0.325 0.000 0.295
308000 0.380 0.325 0.000 0.295
308500 0.380 0.325 0.000 0.295
309000 0.380 0.325 0.000 0.295
309500 0.380 0.325 0.000 0.295
310000 0.380 0.325 0.000 0.295
310500 0.380 0.325 0.000 0.295
311000 0.380 0.325 0.000 0.295
311500 0.380 0.325 0.000 0.295
312000 0.380 0.325 0.000 0.295
312500 0.380 0.325 0.000 0.295
313000 0.380 0.325 0.000 0.295
313500 0.380 0.325 0.000 0.295
314000 0.380 0.325 0.000 0.295
314500 0.380 0.325 0.000 0.295
315000 0.380 0.325 0.000 0.295
315500 0.380 0.325 0.000 0.295
316000 0.380 0.325 0.000 0.295
316500 0.380 0.325 0.000 0.295
317000 0.380 0.325 0.000 0.295
317500 0.380 0.325 0.000 0.295
318000 0.380 0.325 0.000 0.295
318500 0.380 0.325 0.000 0.295
319000 0.380 0.325 0.000 0.295
319500 0.380 0.325 0.000 0.295
320000 0.380 0.325 0.000 0.295
320500 0.380 0.325 0.000 0.295
321000 0.380 0.325 0.000 0.295
321500 0.380 0.325 0.000 0.295
322000 0.380 0.325 0.000 0.295
322500 0.380 0.325 0.000 0.295
323000 0.380 0.325 0.000 0.295
323500 0.380 0.325 0.000 0.295
324000 0.380 0.325 0.000 0.295
324500 0.380 0.325 0.000 0.295
325000 0.380 0.325 0.000 0.295
325500 0.380 0.325 0.000 0.295
326000 0.380 0.325 0.000 0.295
326500 0.380 0.325 0.000 0.295
327000 0.380 0.325 0.000 0.295
327500 0.380 0.325 0.000 0.295
328000 0.380 0.325 0.000 0.295
328500 0.380 0.325 0.000 0.295
329000 0.380 0.325 0.000 0.295
329500 0.380 0.325 0.000 0.295
330000 0.380 0.325 0.000 0.295
330500 0.380 0.325 0.000 0.295
331000 0.380 0.325 0.000 0.295
331500 0.380 0.325 0.000 0.295
332000 0.380 0.325 0.000 0.295
332500 0.380 0.325 0.000 0.295
333000 0.380 0.325 0.000 0.295
333500 0.380 0.325 0.000 0.295
334000 0.380 0.325 0.000 0.295
334500 0.380 0.325 0.000 0.295
335000 0.380 0.325 0.000 0.295
335500 0.380 0.325 0.000 0.295
336000 0.380 0.325 0.000 0.295
336500 0.380 0.325 0.000 0.295
337000 0.380 0.325 0.000 0.295
337500 0.380 0.325 0.000 0.295
338000 0.380 0.325 0.000 0.295
338500 0.380 0.325 0.000 0.295
339000 0.380 0.325 0.000 0.295
339500 0.380 0.325 0.000 0.295
340000 0.380 0.325 0.000 0.295
340500 0.380 0.325 0.000 0.295
341000 0.380 0.325 0.000 0.295
341500 0.380 0.325 0.000 0.295
342000 0.380 0.325 0.000 0.295
342500 0.380 0.325 0.000 0.295
343000 0.380 0.325 0.000 0.295
343500 0.380 0.325 0.000 0.295
344000 0.380 0.325 0.000 0.295
344500 0.380 0.325 0.000 0.295
345000 0.380 0.325 0.000 0.295
345500 0.380 0.325 0.000 0.295
346000 0.380 0.325 0.000 0.295
346500 0.380 0.325 0.000 0.295
347000 0.380 0.325 0.000 0.295
347500 0.380 0.325 0.000 0.295
348000 0.380 0.325 0.000 0.295
348500 0.380 0.325 0.000 0.295
349000 0.380 0.325 0.000 0.295
349500 0.380 0.325 0.000 0.295
350000 0.380 0.325 0.000 0.295
350500 0.380 0.325 0.000 0.295
351000 0.380 0.325 0.000 0.295
351500 0.380 0.325 0.000 0.295
352000 0.380 0.325 0.000 0.295
352500 0.380 0.325 0.000 0.295
353000 0.380 0.325 0.000 0.295
353500 0.380 0.325 0.000 0.295
354000 0.380 0.325 0.000 0.295
354500 0.380 0.325 0.000 0.295
355000 0.380 0.325 0.000 0.295
355500 0.380 0.325 0.000 0.295
356000 0.380 0.325 0.000 0.295
356500 0.380 0.325 0.000 0.295
357000 0.380 0.325 0.000 0.295
357500 0.380 0.325 0.000 0.295
358000 0.380 0.325 0.000 0.295
358500 0.380 0.325 0.000 0.295
359000 0.380 0.325 0.000 0.295
359500 0.380 0.325 0.000 0.295
360000 0.380 0.325 0.000 0.295
360500 0.380 0.325 0.000 0.295
361000 0.380 0.325 0.000 0.295
361500 0.380 0.325 0.000 0.295
362000 0.380 0.325 0.000 0.295
362500 0.380 0.325 0.000 0.295
363000 0.380 0.325 0.000 0.295
363500 0.380 0.325 0.000 0.295
364000 0.380 0.325 0.000 0.295
364500 0.380 0.325 0.000 0.295
365000 0.380 0.325 0.000 0.295
365500 0.380 0.325 0.000 0.295
366000 0.380 0.325 0.000 0.295
366500 0.380 0.325 0.000 0.295
367000 0.380 0.325 0.000 0.295
367500 0.380 0.325 0.000 0.295
368000 0.380 0.325 0.000 0.295
368500 0.380 0.325 0.000 0.295
369000 0.380 0.325 0.000 0.295
369500 0.380 0.325 0.000 0.295
370000 0.380 0.325 0.000 0.295
370500 0.380 0.325 0.000 0.295
371000 0.380 0.325 0.000 0.295
371500 0.380 0.325 0.000 0.295
372000 0.380 0.325 0.000 0.295
372500 0.380 0.325 0.000 0.295
373000 0.380 0.325 0.000 0.295
373500 0.380 0.325 0.000 0.295
374000 0.380 0.325 0.000 0.295
374500 0.380 0.325 0.000 0.295
375000 0.380 0.325 0.000 0.295
375500 0.380 0.325 0.000 0.295
376000 0.380 0.325 0.000 0.295
376500 0.380 0.325 0.000 0.295
377000 0.380 0.325 0.000 0.295
377500 0.380 0.325 0.000 0.295
378000 0.380 0.325 0.000 0.295
378500 0.380 0.325 0.000 0.295
379000 0.380 0.325 0.000 0.295
379500 0.380 0.325 0.000 0.295
380000 0.380 0.325 0.000 0.295
380500 0.380 0.325 0.000 0.295
381000 0.380 0.325 0.000 0.295
381500 0.380 0.325 0.000 0.295
382000 0.380 0.325 0.000 0.295
382500 0.380 0.325 0.000 0.295
383000 0.380 0.325 0.000 0.295
383500 0.380 0.325 0.000 0.295
384000 0.380 0.325 0.000 0.295
384500 0.380 0.325 0.000 0.295
385000 0.380 0.325 0.000 0.295
385500 0.380 0.325 0.000 0.295
386000 0.380 0.325 0.000 0.295
386500 0.380 0.325 0.000 0.295
387000 0.380 0.325 0.000 0.295
387500 0.380 0.325 0.000 0.295
388000 0.380 0.325 0.000 0.295
388500 0.380 0.325 0.000 0.295
389000 0.380 0.325 0.000 0.295
389500 0.380 0.325 0.000 0.295
390000 0.380 0.325 0.000 0.295
390500 0.380 0.325 0.000 0.295
391000 0.380 0.325 0.000 0.295
391500 0.380 0.325 0.000 0.295
392000 0.380 0.325 0.000 0.295
392500 0.380 0.325 0.000 0.295
393000 0.380 0.325 0.000 0.295
393500 0.380 0.325 0.000 0.295
394000 0.380 0.325 0.000 0.295
394500 0.380 0.325 0.000 0.295
395000 0.380 0.325 0.000 0.295
395500 0.380 0.325 0.000 0.295
396000 0.380 0.325 0.000 0.295
396500 0.380 0.325 0.000 0.295
397000 0.380 0.325 0.000 0.295
397500 0.380 0.325 0.000 0.295
398000 0.380 0.325 0.000 0.295
398500 0.380 0.325 0.000 0.295
399000 0.380 0.325 0.000 0.295
399500 0.380 0.325 0.000 0.295
400000 0.380 0.325 0.000 0.295
400500 0.380 0.325 0.000 0.295
401000 0.380 0.325 0.000 0.295
401500 0.380 0.325 0.000 0.295
402000 0.380 0.325 0.000 0.295
402500 0.380 0.325 0.000 0.295
403000 0.380 0.325 0.000 0.295
403500 0.380 0.325 0.000 0.295
404000 0.380 0.325 0.000 0.295
404500 0.380 0.325 0.000 0.295
405000 0.380 0.325 0.000 0.295
405500 0.380 0.325 0.000 0.295
406000 0.380 0.325 0.000 0.295
406500 0.380 0.325 0.000 0.295
407000 0.380 0.325 0.000 0.295
407500 0.380 0.325 0.000 0.295
408000 0.380 0.325 0.000 0.295
408500 0.380 0.325 0.000 0.295
409000 0.380 0.325 0.000 0.295
409500 0.380 0.325 0.000 0.295
410000 0.380 0.325 0.000 0.295
410500 0.380 0.325 0.000 0.295
411000 0.380 0.325 0.000 0.295
411500 0.380 0.325 0.000 0.295
412000 0.380 0.325 0.000 0.295
412500 0.380 0.325 0.000 0.295
413000 0.380 0.325 0.000 0.295
413500 0.380 0.325 0.000 0.295
414000 0.380 0.325 0.000 0.295
414500 0.380 0.325 0.000 0.295
415000 0.380 0.325 0.000 0.295
415500 0.380 0.325 0.000 0.295
416000 0.380 0.325 0.000 0.295
416500 0.380 0.325 0.000 0.295
417000 0.380 0.325 0.000 0.295
417500 0.380 0.325 0.000 0.295
418000 0.380 0.325 0.000 0.295
418500 0.380 0.325 0.000 0.295
419000 0.380 0.325 0.000 0.295
419500 0.380 0.325 0.000 0.295
420000 0.380 0.325 0.000 0.295
420500 0.380 0.325 0.000 0.295
421000 0.380 0.325 0.000 0.295
421500 0.380 0.325 0.000 0.295
422000 0.380 0.325 0.000 0.295
422500 0.380 0.325 0.000 0.295
423000 0.380 0.325 0.000 0.295
423500 0.380 0.325 0.000 0.295
424000 0.380 0.325 0.000 0.295
424500 0.380 0.325 0.000 0.295
425000 0.380 0.325 0.000 0.295
425500 0.380 0.325 0.000 0.295
426000 0.380 0.325 0.000 0.295
426500 0.380 0.325 0.000 0.295
427000 0.380 0.325 0.000 0.295
427500 0.380 0.325 0.000 0.295
428000 0.380 0.325 0.000 0.295
428500 0.380 0.325 0.000 0.295
429000 0.380 0.325 0.000 0.295
429500 0.380 0.325 0.000 0.295
430000 0.380 0.325 0.000 0.295
430500 0.380 0.325 0.000 0.295
431000 0.380 0.325 0.000 0.295
431500 0.380 0.325 0.000 0.295
432000 0.380 0.325 0.000 0.295
432500 0.380 0.325 0.000 0.295
433000 0.380 0.325 0.000 0.295
433500 0.380 0.325 0.000 0.295
434000 0.380 0.325 0.000 0.295
434500 0.380 0.325 0.000 0.295
435000 0.380 0.325 0.000 0.295
435500 0.380 0.325 0.000 0.295
436000 0.380 0.325 0.000 0.295
436500 0.380 0.325 0.000 0.295
437000 0.380 0.325 0.000 0.295
437500 0.380 0.325 0.000 0.295
438000 0.380 0.325 0.000 0.295
438500 0.380 0.325 0.000 0.295
439000 0.380 0.325 0.000 0.295
439500 0.380 0.325 0.000 0.295
440000 0.380 0.325 0.000 0.295
440500 0.380 0.325 0.000 0.295
441000 0.380 0.325 0.000 0.295
441500 0.380 0.325 0.000 0.295
442000 0.380 0.325 0.000 0.295
442500 0.380 0.325 0.000 0.295
443000 0.380 0.325 0.000 0.295
443500 0.380 0.325 0.000 0.295
444000 0.380 0.325 0.000 0.295
444500 0.380 0.325 0.000 0.295
445000 0.380 0.325 0.000 0.295
445500 0.380 0.325 0.000 0.295
446000 0.380 0.325 0.000 0.295
446500 0.380 0.325 0.000 0.295
447000 0.380 0.325 0.000 0.295
447500 0.380 0.325 0.000 0.295
448000 0.380 0.325 0.000 0.295
448500 0.380 0.325 0.000 0.295
449000 0.380 0.325 0.000 0.295
449500 0.380 0.325 0.000 0.295
450000 0.380 0.325 0.000 0.295
450500 0.380 0.325 0.000 0.295
451000 0.380 0.325 0.000 0.295
451500 0.380 0.325 0.000 0.295
452000 0.380 0.325 0.000 0.295
452500 0.380 0.325 0.000 0.295
453000 0.380 0.325 0.000 0.295
453500 0.380 0.325 0.000 0.295
454000 0.380 0.325 0.000 0.295
454500 0.380 0.325 0.000 0.295
455000 0.380 0.325 0.000 0.295
455500 0.380 0.325 0.000 0.295
456000 0.380 0.325 0.000 0.295
456500 0.380 0.325 0.000 0.295
457000 0.380 0.325 0.000 0.295
457500 0.380 0.325 0.000 0.295
458000 0.380 0.325 0.000 0.295
458500 0.380 0.325 0.000 0.295
459000 0.380 0.325 0.000 0.295
459500 0.380 0.325 0.000 0.295
460000 0.380 0.325 0.000 0.295
460500 0.380 0.325 0.000 0.295
461000 0.380 0.325 0.000 0.295
461500 0.380 0.325 0.000 0.295
462000 0.380 0.325 0.000 0.295
462500 0.380 0.325 0.000 0.295
463000 0.380 0.325 0.000 0.295
463500 0.380 0.325 0.000 0.295
464000 0.380 0.325 0.000 0.295
464500 0.380 0.325 0.000 0.295
465000 0.380 0.325 0.000 0.295
465500 0.380 0.325 0.000 0.295
466000 0.380 0.325 0.000 0.295
466500 0.380 0.325 0.000 0.295
467000 0.380 0.325 0.000 0.295
467500 0.380 0.325 0.000 0.295
468000 0.380 0.325 0.000 0.295
468500 0.380 0.325 0.000 0.295
469000 0.380 0.325 0.000 0.295
469500 0.380 0.325 0.000 0.295
470000 0.380 0.325 0.000 0.295
470500 0.380 0.325 0.000 0.295
471000 0.380 0.325 0.000 0.295
471500 0.380 0.325 0.000 0.295
472000 0.380 0.325 0.000 0.295
472500 0.380 0.325 0.000 0.295
473000 0.380 0.325 0.000 0.295
473500 0.380 0.325 0.000 0.295
474000 0.380 0.325 0.000 0.295
474500 0.380 0.325 0.000 0.295
475000 0.380 0.325 0.000 0.295
475500 0.380 0.325 0.000 0.295
476000 0.380 0.325 0.000 0.295
476500 0.380 0.325 0.000 0.295
477000 0.380 0.325 0.000 0.295
477500 0.380 0.325 0.000 0.295
478000 0.380 0.325 0.000 0.295
478500 0.380 0.325 0.000 0.295
479000 0.380 0.325 0.000 0.295
479500 0.380 0.325 0.000 0.295
480000 0.380 0.325 0.000 0.295
480500 0.380 0.325 0.000 0.295
481000 0.380 0.325 0.000 0.295
481500 0.380 0.325 0.000 0.295
482000 0.380 0.325 0.000 0.295
482500 0.380 0.325 0.000 0.295
483000 0.380 0.325 0.000 0.295
483500 0.380 0.325 0.000 0.295
484000 0.380 0.325 0.000 0.295
484500 0.380 0.325 0.000 0.295
485000 0.380 0.325 0.000 0.295
485500 0.380 0.325 0.000 0.295
486000 0.380 0.325 0.000 0.295
486500 0.380 0.325 0.000 0.295
487000 0.380 0.325 0.000 0.295
487500 0.380 0.325 0.000 0.295
488000 0.380 0.325 0.000 0.295
488500 0.380 0.325 0.000 0.295
489000 0.380 0.325 0.000 0.295
489500 0.380 0.325 0.000 0.295
490000 0.380 0.325 0.000 0.295
490500 0.380 0.325 0.000 0.295
491000 0.380 0.325 0.000 0.295
491500 0.380 0.325 0.000 0.295
492000 0.380 0.325 0.000 0.295
492500 0.380 0.325 0.000 0.295
493000 0.380 0.325 0.000 0.295
493500 0.380 0.325 0.000 0.295
494000 0.380 0.325 0.000 0.295
494500 0.380 0.325 0.000 0.295
495000 0.380 0.325 0.000 0.295
495500 0.380 0.325 0.000 0.295
496000 0.380 0.325 0.000 0.295
496500 0.380 0.325 0.000 0.295
497000 0.380 0.325 0.000 0.295
497500 0.380 0.325 0.000 0.295
498000 0.380 0.325 0.000 0.295
498500 0.380 0.325 0.000 0.295
499000 0.380 0.325 0.000 0.295
499500 0.380 0.325 0.000 0.295
500000 0.380 0.325 0.000 0.295
