000000 0.250 0.250 0.250 0.250
000500 0.042 0.606 0.000 0.351
001000 0.042 0.616 0.000 0.341
001500 0.042 0.623 0.000 0.335
002000 0.042 0.633 0.000 0.325
002500 0.042 0.640 0.000 0.318
003000 0.042 0.643 0.000 0.315
003500 0.042 0.648 0.000 0.310
004000 0.042 0.653 0.000 0.305
004500 0.042 0.656 0.000 0.302
005000 0.042 0.659 0.000 0.299
005500 0.042 0.664 0.000 0.294
006000 0.042 0.667 0.000 0.291
006500 0.042 0.670 0.000 0.288
007000 0.042 0.674 0.000 0.284
007500 0.042 0.678 0.000 0.280
008000 0.042 0.680 0.000 0.278
008500 0.042 0.684 0.000 0.274
009000 0.042 0.686 0.000 0.272
009500 0.042 0.688 0.000 0.270
010000 0.042 0.691 0.000 0.267
010500 0.042 0.693 0.000 0.265
011000 0.042 0.695 0.000 0.263
011500 0.042 0.697 0.000 0.261
012000 0.042 0.699 0.000 0.259
012500 0.042 0.701 0.000 0.257
013000 0.042 0.702 0.000 0.256
013500 0.042 0.706 0.000 0.252
014000 0.042 0.708 0.000 0.250
014500 0.042 0.710 0.000 0.248
015000 0.042 0.711 0.000 0.247
015500 0.042 0.712 0.000 0.246
016000 0.042 0.712 0.000 0.246
016500 0.042 0.715 0.000 0.243
017000 0.042 0.718 0.000 0.240
017500 0.042 0.719 0.000 0.239
018000 0.042 0.720 0.000 0.238
018500 0.042 0.720 0.000 0.238
019000 0.042 0.720 0.000 0.238
019500 0.042 0.720 0.000 0.238
020000 0.042 0.720 0.000 0.238
020500 0.042 0.720 0.000 0.238
021000 0.042 0.720 0.000 0.238
021500 0.042 0.720 0.000 0.238
022000 0.042 0.720 0.000 0.238
022500 0.042 0.720 0.000 0.238
023000 0.042 0.720 0.000 0.238
023500 0.042 0.720 0.000 0.238
024000 0.042 0.720 0.000 0.238
024500 0.042 0.720 0.000 0.238
025000 0.042 0.720 0.000 0.238
025500 0.042 0.720 0.000 0.238
026000 0.042 0.720 0.000 0.238
026500 0.042 0.720 0.000 0.238
027000 0.042 0.720 0.000 0.238
027500 0.042 0.720 0.000 0.238
028000 0.042 0.720 0.000 0.238
028500 0.042 0.720 0.000 0.238
029000 0.042 0.720 0.000 0.238
029500 0.042 0.720 0.000 0.238
030000 0.042 0.720 0.000 0.238
030500 0.042 0.720 0.000 0.238
031000 0.042 0.720 0.000 0.238
031500 0.042 0.720 0.000 0.238
032000 0.042 0.720 0.000 0.238
032500 0.042 0.720 0.000 0.238
033000 0.042 0.720 0.000 0.238
033500 0.042 0.720 0.000 0.238
034000 0.042 0.720 0.000 0.238
034500 0.042 0.720 0.000 0.238
035000 0.042 0.720 0.000 0.238
035500 0.042 0.720 0.000 0.238
036000 0.042 0.720 0.000 0.238
036500 0.042 0.720 0.000 0.238
037000 0.042 0.720 0.000 0.238
037500 0.042 0.720 0.000 0.238
038000 0.042 0.720 0.000 0.238
038500 0.042 0.720 0.000 0.238
039000 0.042 0.720 0.000 0.238
039500 0.042 0.720 0.000 0.238
040000 0.042 0.720 0.000 0.238
040500 0.042 0.720 0.000 0.238
041000 0.042 0.720 0.000 0.238
041500 0.042 0.720 0.000 0.238
042000 0.042 0.720 0.000 0.238
042500 0.042 0.720 0.000 0.238
043000 0.042 0.720 0.000 0.238
043500 0.042 0.720 0.000 0.238
044000 0.042 0.720 0.000 0.238
044500 0.042 0.720 0.000 0.238
045000 0.042 0.720 0.000 0.238
045500 0.042 0.720 0.000 0.238
046000 0.042 0.720 0.000 0.238
046500 0.042 0.720 0.000 0.238
047000 0.042 0.720 0.000 0.238
047500 0.042 0.720 0.000 0.238
048000 0.042 0.720 0.000 0.238
048500 0.042 0.720 0.000 0.238
049000 0.042 0.720 0.000 0.238
049500 0.042 0.720 0.000 0.238
050000 0.042 0.720 0.000 0.238
050500 0.042 0.720 0.000 0.238
051000 0.042 0.720 0.000 0.238
051500 0.042 0.720 0.000 0.238
052000 0.042 0.720 0.000 0.238
052500 0.042 0.720 0.000 0.238
053000 0.042 0.720 0.000 0.238
053500 0.042 0.720 0.000 0.238
054000 0.042 0.720 0.000 0.238
054500 0.042 0.720 0.000 0.238
055000 0.042 0.720 0.000 0.238
055500 0.042 0.720 0.000 0.238
056000 0.042 0.720 0.000 0.238
056500 0.042 0.720 0.000 0.238
057000 0.042 0.720 0.000 0.238
057500 0.042 0.720 0.000 0.238
058000 0.042 0.720 0.000 0.238
058500 0.042 0.720 0.000 0.238
059000 0.042 0.720 0.000 0.238
059500 0.042 0.720 0.000 0.238
060000 0.042 0.720 0.000 0.238
060500 0.042 0.720 0.000 0.238
061000 0.042 0.720 0.000 0.238
061500 0.042 0.720 0.000 0.238
062000 0.042 0.720 0.000 0.238
062500 0.042 0.720 0.000 0.238
063000 0.042 0.720 0.000 0.238
063500 0.042 0.720 0.000 0.238
064000 0.042 0.720 0.000 0.238
064500 0.042 0.720 0.000 0.238
065000 0.042 0.720 0.000 0.238
065500 0.042 0.720 0.000 0.238
066000 0.042 0.720 0.000 0.238
066500 0.042 0.720 0.000 0.238
067000 0.042 0.720 0.000 0.238
067500 0.042 0.720 0.000 0.238
068000 0.042 0.720 0.000 0.238
068500 0.042 0.720 0.000 0.238
069000 0.042 0.720 0.000 0.238
069500 0.042 0.720 0.000 0.238
070000 0.042 0.720 0.000 0.238
070500 0.042 0.720 0.000 0.238
071000 0.042 0.720 0.000 0.238
071500 0.042 0.720 0.000 0.238
072000 0.042 0.720 0.000 0.238
072500 0.042 0.720 0.000 0.238
073000 0.042 0.720 0.000 0.238
073500 0.042 0.720 0.000 0.238
074000 0.042 0.720 0.000 0.238
074500 0.042 0.720 0.000 0.238
075000 0.042 0.720 0.000 0.238
075500 0.042 0.720 0.000 0.238
076000 0.042 0.720 0.000 0.238
076500 0.042 0.720 0.000 0.238
077000 0.042 0.720 0.000 0.238
077500 0.042 0.720 0.000 0.238
078000 0.042 0.720 0.000 0.238
078500 0.042 0.720 0.000 0.238
079000 0.042 0.720 0.000 0.238
079500 0.042 0.720 0.000 0.238
080000 0.042 0.720 0.000 0.238
080500 0.042 0.720 0.000 0.238
081000 0.042 0.720 0.000 0.238
081500 0.042 0.720 0.000 0.238
082000 0.042 0.720 0.000 0.238
082500 0.042 0.720 0.000 0.238
083000 0.042 0.720 0.000 0.238
083500 0.042 0.720 0.000 0.238
084000 0.042 0.720 0.000 0.238
084500 0.042 0.720 0.000 0.238
085000 0.042 0.720 0.000 0.238
085500 0.042 0.720 0.000 0.238
086000 0.042 0.720 0.000 0.238
086500 0.042 0.720 0.000 0.238
087000 0.042 0.720 0.000 0.238
087500 0.042 0.720 0.000 0.238
088000 0.042 0.720 0.000 0.238
088500 0.042 0.720 0.000 0.238
089000 0.042 0.720 0.000 0.238
089500 0.042 0.720 0.000 0.238
090000 0.042 0.720 0.000 0.238
090500 0.042 0.720 0.000 0.238
091000 0.042 0.720 0.000 0.238
091500 0.042 0.720 0.000 0.238
092000 0.042 0.720 0.000 0.238
092500 0.042 0.720 0.000 0.238
093000 0.042 0.720 0.000 0.238
093500 0.042 0.720 0.000 0.238
094000 0.042 0.720 0.000 0.238
094500 0.042 0.720 0.000 0.238
095000 0.042 0.720 0.000 0.238
095500 0.042 0.720 0.000 0.238
096000 0.042 0.720 0.000 0.238
096500 0.042 0.720 0.000 0.238
097000 0.042 0.720 0.000 0.238
097500 0.042 0.720 0.000 0.238
098000 0.042 0.720 0.000 0.238
098500 0.042 0.720 0.000 0.238
099000 0.042 0.720 0.000 0.238
099500 0.042 0.720 0.000 0.238
100000 0.042 0.720 0.000 0.238
100500 0.042 0.720 0.000 0.238
101000 0.042 0.720 0.000 0.238
101500 0.042 0.720 0.000 0.238
102000 0.042 0.720 0.000 0.238
102500 0.042 0.720 0.000 0.238
103000 0.042 0.720 0.000 0.238
103500 0.042 0.720 0.000 0.238
104000 0.042 0.720 0.000 0.238
104500 0.042 0.720 0.000 0.238
105000 0.042 0.720 0.000 0.238
105500 0.042 0.720 0.000 0.238
106000 0.042 0.720 0.000 0.238
106500 0.042 0.720 0.000 0.238
107000 0.042 0.720 0.000 0.238
107500 0.042 0.720 0.000 0.238
108000 0.042 0.720 0.000 0.238
108500 0.042 0.720 0.000 0.238
109000 0.042 0.720 0.000 0.238
109500 0.042 0.720 0.000 0.238
110000 0.042 0.720 0.000 0.238
110500 0.042 0.720 0.000 0.238
111000 0.042 0.720 0.000 0.238
111500 0.042 0.720 0.000 0.238
112000 0.042 0.720 0.000 0.238
112500 0.042 0.720 0.000 0.238
113000 0.042 0.720 0.000 0.238
113500 0.042 0.720 0.000 0.238
114000 0.042 0.720 0.000 0.238
114500 0.042 0.720 0.000 0.238
115000 0.042 0.720 0.000 0.238
115500 0.042 0.720 0.000 0.238
116000 0.042 0.720 0.000 0.238
116500 0.042 0.720 0.000 0.238
117000 0.042 0.720 0.000 0.238
117500 0.042 0.720 0.000 0.238
118000 0.042 0.720 0.000 0.238
118500 0.042 0.720 0.000 0.238
119000 0.042 0.720 0.000 0.238
119500 0.042 0.720 0.000 0.238
120000 0.042 0.720 0.000 0.238
120500 0.042 0.720 0.000 0.238
121000 0.042 0.720 0.000 0.238
121500 0.042 0.720 0.000 0.238
122000 0.042 0.720 0.000 0.238
122500 0.042 0.720 0.000 0.238
123000 0.042 0.720 0.000 0.238
123500 0.042 0.720 0.000 0.238
124000 0.042 0.720 0.000 0.238
124500 0.042 0.720 0.000 0.238
125000 0.042 0.720 0.000 0.238
125500 0.042 0.720 0.000 0.238
126000 0.042 0.720 0.000 0.238
126500 0.042 0.720 0.000 0.238
127000 0.042 0.720 0.000 0.238
127500 0.042 0.720 0.000 0.238
128000 0.042 0.720 0.000 0.238
128500 0.042 0.720 0.000 0.238
129000 0.042 0.720 0.000 0.238
129500 0.042 0.720 0.000 0.238
130000 0.042 0.720 0.000 0.238
130500 0.042 0.720 0.000 0.238
131000 0.042 0.720 0.000 0.238
131500 0.042 0.720 0.000 0.238
132000 0.042 0.720 0.000 0.238
132500 0.042 0.720 0.000 0.238
133000 0.042 0.720 0.000 0.238
133500 0.042 0.720 0.000 0.238
134000 0.042 0.720 0.000 0.238
134500 0.042 0.720 0.000 0.238
135000 0.042 0.720 0.000 0.238
135500 0.042 0.720 0.000 0.238
136000 0.042 0.720 0.000 0.238
136500 0.042 0.720 0.000 0.238
137000 0.042 0.720 0.000 0.238
137500 0.042 0.720 0.000 0.238
138000 0.042 0.720 0.000 0.238
138500 0.042 0.720 0.000 0.238
139000 0.042 0.720 0.000 0.238
139500 0.042 0.720 0.000 0.238
140000 0.042 0.720 0.000 0.238
140500 0.042 0.720 0.000 0.238
141000 0.042 0.720 0.000 0.238
141500 0.042 0.720 0.000 0.238
142000 0.042 0.720 0.000 0.238
142500 0.042 0.720 0.000 0.238
143000 0.042 0.720 0.000 0.238
143500 0.042 0.720 0.000 0.238
144000 0.042 0.720 0.000 0.238
144500 0.042 0.720 0.000 0.238
145000 0.042 0.720 0.000 0.238
145500 0.042 0.720 0.000 0.238
146000 0.042 0.720 0.000 0.238
146500 0.042 0.720 0.000 0.238
147000 0.042 0.720 0.000 0.238
147500 0.042 0.720 0.000 0.238
148000 0.042 0.720 0.000 0.238
148500 0.042 0.720 0.000 0.238
149000 0.042 0.720 0.000 0.238
149500 0.042 0.720 0.000 0.238
150000 0.042 0.720 0.000 0.238
150500 0.042 0.720 0.000 0.238
151000 0.042 0.720 0.000 0.238
151500 0.042 0.720 0.000 0.238
152000 0.042 0.720 0.000 0.238
152500 0.042 0.720 0.000 0.238
153000 0.042 0.720 0.000 0.238
153500 0.042 0.720 0.000 0.238
154000 0.042 0.720 0.000 0.238
154500 0.042 0.720 0.000 0.238
155000 0.042 0.720 0.000 0.238
155500 0.042 0.720 0.000 0.238
156000 0.042 0.720 0.000 0.238
156500 0.042 0.720 0.000 0.238
157000 0.042 0.720 0.000 0.238
157500 0.042 0.720 0.000 0.238
158000 0.042 0.720 0.000 0.238
158500 0.042 0.720 0.000 0.238
159000 0.042 0.720 0.000 0.238
159500 0.042 0.720 0.000 0.238
160000 0.042 0.720 0.000 0.238
160500 0.042 0.720 0.000 0.238
161000 0.042 0.720 0.000 0.238
161500 0.042 0.720 0.000 0.238
162000 0.042 0.720 0.000 0.238
162500 0.042 0.720 0.000 0.238
163000 0.042 0.720 0.000 0.238
163500 0.042 0.720 0.000 0.238
164000 0.042 0.720 0.000 0.238
164500 0.042 0.720 0.000 0.238
165000 0.042 0.720 0.000 0.238
165500 0.042 0.720 0.000 0.238
166000 0.042 0.720 0.000 0.238
166500 0.042 0.720 0.000 0.238
167000 0.042 0.720 0.000 0.238
167500 0.042 0.720 0.000 0.238
168000 0.042 0.720 0.000 0.238
168500 0.042 0.720 0.000 0.238
169000 0.042 0.720 0.000 0.238
169500 0.042 0.720 0.000 0.238
170000 0.042 0.720 0.000 0.238
170500 0.042 0.720 0.000 0.238
171000 0.042 0.720 0.000 0.238
171500 0.042 0.720 0.000 0.238
172000 0.042 0.720 0.000 0.238
172500 0.042 0.720 0.000 0.238
173000 0.042 0.720 0.000 0.238
173500 0.042 0.720 0.000 0.238
174000 0.042 0.720 0.000 0.238
174500 0.042 0.720 0.000 0.238
175000 0.042 0.720 0.000 0.238
175500 0.042 0.720 0.000 0.238
176000 0.042 0.720 0.000 0.238
176500 0.042 0.720 0.000 0.238
177000 0.042 0.720 0.000 0.238
177500 0.042 0.720 0.000 0.238
178000 0.042 0.720 0.000 0.238
178500 0.042 0.720 0.000 0.238
179000 0.042 0.720 0.000 0.238
179500 0.042 0.720 0.000 0.238
180000 0.042 0.720 0.000 0.238
180500 0.042 0.720 0.000 0.238
181000 0.042 0.720 0.000 0.238
181500 0.042 0.720 0.000 0.238
182000 0.042 0.720 0.000 0.238
182500 0.042 0.720 0.000 0.238
183000 0.042 0.720 0.000 0.238
183500 0.042 0.720 0.000 0.238
184000 0.042 0.720 0.000 0.238
184500 0.042 0.720 0.000 0.238
185000 0.042 0.720 0.000 0.238
185500 0.042 0.720 0.000 0.238
186000 0.042 0.720 0.000 0.238
186500 0.042 0.720 0.000 0.238
187000 0.042 0.720 0.000 0.238
187500 0.042 0.720 0.000 0.238
188000 0.042 0.720 0.000 0.238
188500 0.042 0.720 0.000 0.238
189000 0.042 0.720 0.000 0.238
189500 0.042 0.720 0.000 0.238
190000 0.042 0.720 0.000 0.238
190500 0.042 0.720 0.000 0.238
191000 0.042 0.720 0.000 0.238
191500 0.042 0.720 0.000 0.238
192000 0.042 0.720 0.000 0.238
192500 0.042 0.720 0.000 0.238
193000 0.042 0.720 0.000 0.238
193500 0.042 0.720 0.000 0.238
194000 0.042 0.720 0.000 0.238
194500 0.042 0.720 0.000 0.238
195000 0.042 0.720 0.000 0.238
195500 0.042 0.720 0.000 0.238
196000 0.042 0.720 0.000 0.238
196500 0.042 0.720 0.000 0.238
197000 0.042 0.720 0.000 0.238
197500 0.042 0.720 0.000 0.238
198000 0.042 0.720 0.000 0.238
198500 0.042 0.720 0.000 0.238
199000 0.042 0.720 0.000 0.238
199500 0.042 0.720 0.000 0.238
200000 0.042 0.720 0.000 0.238
200500 0.042 0.720 0.000 0.238
201000 0.042 0.720 0.000 0.238
201500 0.042 0.720 0.000 0.238
202000 0.042 0.720 0.000 0.238
202500 0.042 0.720 0.000 0.238
203000 0.042 0.720 0.000 0.238
203500 0.042 0.720 0.000 0.238
204000 0.042 0.720 0.000 0.238
204500 0.042 0.720 0.000 0.238
205000 0.042 0.720 0.000 0.238
205500 0.042 0.720 0.000 0.238
206000 0.042 0.720 0.000 0.238
206500 0.042 0.720 0.000 0.238
207000 0.042 0.720 0.000 0.238
207500 0.042 0.720 0.000 0.238
208000 0.042 0.720 0.000 0.238
208500 0.042 0.720 0.000 0.238
209000 0.042 0.720 0.000 0.238
209500 0.042 0.720 0.000 0.238
210000 0.042 0.720 0.000 0.238
210500 0.042 0.720 0.000 0.238
211000 0.042 0.720 0.000 0.238
211500 0.042 0.720 0.000 0.238
212000 0.042 0.720 0.000 0.238
212500 0.042 0.720 0.000 0.238
213000 0.042 0.720 0.000 0.238
213500 0.042 0.720 0.000 0.238
214000 0.042 0.720 0.000 0.238
214500 0.042 0.720 0.000 0.238
215000 0.042 0.720 0.000 0.238
215500 0.042 0.720 0.000 0.238
216000 0.042 0.720 0.000 0.238
216500 0.042 0.720 0.000 0.238
217000 0.042 0.720 0.000 0.238
217500 0.042 0.720 0.000 0.238
218000 0.042 0.720 0.000 0.238
218500 0.042 0.720 0.000 0.238
219000 0.042 0.720 0.000 0.238
219500 0.042 0.720 0.000 0.238
220000 0.042 0.720 0.000 0.238
220500 0.042 0.720 0.000 0.238
221000 0.042 0.720 0.000 0.238
221500 0.042 0.720 0.000 0.238
222000 0.042 0.720 0.000 0.238
222500 0.042 0.720 0.000 0.238
223000 0.042 0.720 0.000 0.238
223500 0.042 0.720 0.000 0.238
224000 0.042 0.720 0.000 0.238
224500 0.042 0.720 0.000 0.238
225000 0.042 0.720 0.000 0.238
225500 0.042 0.720 0.000 0.238
226000 0.042 0.720 0.000 0.238
226500 0.042 0.720 0.000 0.238
227000 0.042 0.720 0.000 0.238
227500 0.042 0.720 0.000 0.238
228000 0.042 0.720 0.000 0.238
228500 0.042 0.720 0.000 0.238
229000 0.042 0.720 0.000 0.238
229500 0.042 0.720 0.000 0.238
230000 0.042 0.720 0.000 0.238
230500 0.042 0.720 0.000 0.238
231000 0.042 0.720 0.000 0.238
231500 0.042 0.720 0.000 0.238
232000 0.042 0.720 0.000 0.238
232500 0.042 0.720 0.000 0.238
233000 0.042 0.720 0.000 0.238
233500 0.042 0.720 0.000 0.238
234000 0.042 0.720 0.000 0.238
234500 0.042 0.720 0.000 0.238
235000 0.042 0.720 0.000 0.238
235500 0.042 0.720 0.000 0.238
236000 0.042 0.720 0.000 0.238
236500 0.042 0.720 0.000 0.238
237000 0.042 0.720 0.000 0.238
237500 0.042 0.720 0.000 0.238
238000 0.042 0.720 0.000 0.238
238500 0.042 0.720 0.000 0.238
239000 0.042 0.720 0.000 0.238
239500 0.042 0.720 0.000 0.238
240000 0.042 0.720 0.000 0.238
240500 0.042 0.720 0.000 0.238
241000 0.042 0.720 0.000 0.238
241500 0.042 0.720 0.000 0.238
242000 0.042 0.720 0.000 0.238
242500 0.042 0.720 0.000 0.238
243000 0.042 0.720 0.000 0.238
243500 0.042 0.720 0.000 0.238
244000 0.042 0.720 0.000 0.238
244500 0.042 0.720 0.000 0.238
245000 0.042 0.720 0.000 0.238
245500 0.042 0.720 0.000 0.238
246000 0.042 0.720 0.000 0.238
246500 0.042 0.720 0.000 0.238
247000 0.042 0.720 0.000 0.238
247500 0.042 0.720 0.000 0.238
248000 0.042 0.720 0.000 0.238
248500 0.042 0.720 0.000 0.238
249000 0.042 0.720 0.000 0.238
249500 0.042 0.720 0.000 0.238
250000 0.042 0.720 0.000 0.238
250500 0.042 0.720 0.000 0.238
251000 0.042 0.720 0.000 0.238
251500 0.042 0.720 0.000 0.238
252000 0.042 0.720 0.000 0.238
252500 0.042 0.720 0.000 0.238
253000 0.042 0.720 0.000 0.238
253500 0.042 0.720 0.000 0.238
254000 0.042 0.720 0.000 0.238
254500 0.042 0.720 0.000 0.238
255000 0.042 0.720 0.000 0.238
255500 0.042 0.720 0.000 0.238
256000 0.042 0.720 0.000 0.238
256500 0.042 0.720 0.000 0.238
257000 0.042 0.720 0.000 0.238
257500 0.042 0.720 0.000 0.238
258000 0.042 0.720 0.000 0.238
258500 0.042 0.720 0.000 0.238
259000 0.042 0.720 0.000 0.238
259500 0.042 0.720 0.000 0.238
260000 0.042 0.720 0.000 0.238
260500 0.042 0.720 0.000 0.238
261000 0.042 0.720 0.000 0.238
261500 0.042 0.720 0.000 0.238
262000 0.042 0.720 0.000 0.238
262500 0.042 0.720 0.000 0.238
263000 0.042 0.720 0.000 0.238
263500 0.042 0.720 0.000 0.238
264000 0.042 0.720 0.000 0.238
264500 0.042 0.720 0.000 0.238
265000 0.042 0.720 0.000 0.238
265500 0.042 0.720 0.000 0.238
266000 0.042 0.720 0.000 0.238
266500 0.042 0.720 0.000 0.238
267000 0.042 0.720 0.000 0.238
267500 0.042 0.720 0.000 0.238
268000 0.042 0.720 0.000 0.238
268500 0.042 0.720 0.000 0.238
269000 0.042 0.720 0.000 0.238
269500 0.042 0.720 0.000 0.238
270000 0.042 0.720 0.000 0.238
270500 0.042 0.720 0.000 0.238
271000 0.042 0.720 0.000 0.238
271500 0.042 0.720 0.000 0.238
272000 0.042 0.720 0.000 0.238
272500 0.042 0.720 0.000 0.238
273000 0.042 0.720 0.000 0.238
273500 0.042 0.720 0.000 0.238
274000 0.042 0.720 0.000 0.238
274500 0.042 0.720 0.000 0.238
275000 0.042 0.720 0.000 0.238
275500 0.042 0.720 0.000 0.238
276000 0.042 0.720 0.000 0.238
276500 0.042 0.720 0.000 0.238
277000 0.042 0.720 0.000 0.238
277500 0.042 0.720 0.000 0.238
278000 0.042 0.720 0.000 0.238
278500 0.042 0.720 0.000 0.238
279000 0.042 0.720 0.000 0.238
279500 0.042 0.720 0.000 0.238
280000 0.042 0.720 0.000 0.238
280500 0.042 0.720 0.000 0.238
281000 0.042 0.720 0.000 0.238
281500 0.042 0.720 0.000 0.238
282000 0.042 0.720 0.000 0.238
282500 0.042 0.720 0.000 0.238
283000 0.042 0.720 0.000 0.238
283500 0.042 0.720 0.000 0.238
284000 0.042 0.720 0.000 0.238
284500 0.042 0.720 0.000 0.238
285000 0.042 0.720 0.000 0.238
285500 0.042 0.720 0.000 0.238
286000 0.042 0.720 0.000 0.238
286500 0.042 0.720 0.000 0.238
287000 0.042 0.720 0.000 0.238
287500 0.042 0.720 0.000 0.238
288000 0.042 0.720 0.000 0.238
288500 0.042 0.720 0.000 0.238
289000 0.042 0.720 0.000 0.238
289500 0.042 0.720 0.000 0.238
290000 0.042 0.720 0.000 0.238
290500 0.042 0.720 0.000 0.238
291000 0.042 0.720 0.000 0.238
291500 0.042 0.720 0.000 0.238
292000 0.042 0.720 0.000 0.238
292500 0.042 0.720 0.000 0.238
293000 0.042 0.720 0.000 0.238
293500 0.042 0.720 0.000 0.238
294000 0.042 0.720 0.000 0.238
294500 0.042 0.720 0.000 0.238
295000 0.042 0.720 0.000 0.238
295500 0.042 0.720 0.000 0.238
296000 0.042 0.720 0.000 0.238
296500 0.042 0.720 0.000 0.238
297000 0.042 0.720 0.000 0.238
297500 0.042 0.720 0.000 0.238
298000 0.042 0.720 0.000 0.238
298500 0.042 0.720 0.000 0.238
299000 0.042 0.720 0.000 0.238
299500 0.042 0.720 0.000 0.238
300000 0.042 0.720 0.000 0.238
300500 0.042 0.720 0.000 0.238
301000 0.042 0.720 0.000 0.238
301500 0.042 0.720 0.000 0.238
302000 0.042 0.720 0.000 0.238
302500 0.042 0.720 0.000 0.238
303000 0.042 0.720 0.000 0.238
303500 0.042 0.720 0.000 0.238
304000 0.042 0.720 0.000 0.238
304500 0.042 0.720 0.000 0.238
305000 0.042 0.720 0.000 0.238
305500 0.042 0.720 0.000 0.238
306000 0.042 0.720 0.000 0.238
306500 0.042 0.720 0.000 0.238
307000 0.042 0.720 0.000 0.238
307500 0.042 0.720 0.000 0.238
308000 0.042 0.720 0.000 0.238
308500 0.042 0.720 0.000 0.238
309000 0.042 0.720 0.000 0.238
309500 0.042 0.720 0.000 0.238
310000 0.042 0.720 0.000 0.238
310500 0.042 0.720 0.000 0.238
311000 0.042 0.720 0.000 0.238
311500 0.042 0.720 0.000 0.238
312000 0.042 0.720 0.000 0.238
312500 0.042 0.720 0.000 0.238
313000 0.042 0.720 0.000 0.238
313500 0.042 0.720 0.000 0.238
314000 0.042 0.720 0.000 0.238
314500 0.042 0.720 0.000 0.238
315000 0.042 0.720 0.000 0.238
315500 0.042 0.720 0.000 0.238
316000 0.042 0.720 0.000 0.238
316500 0.042 0.720 0.000 0.238
317000 0.042 0.720 0.000 0.238
317500 0.042 0.720 0.000 0.238
318000 0.042 0.720 0.000 0.238
318500 0.042 0.720 0.000 0.238
319000 0.042 0.720 0.000 0.238
319500 0.042 0.720 0.000 0.238
320000 0.042 0.720 0.000 0.238
320500 0.042 0.720 0.000 0.238
321000 0.042 0.720 0.000 0.238
321500 0.042 0.720 0.000 0.238
322000 0.042 0.720 0.000 0.238
322500 0.042 0.720 0.000 0.238
323000 0.042 0.720 0.000 0.238
323500 0.042 0.720 0.000 0.238
324000 0.042 0.720 0.000 0.238
324500 0.042 0.720 0.000 0.238
325000 0.042 0.720 0.000 0.238
325500 0.042 0.720 0.000 0.238
326000 0.042 0.720 0.000 0.238
326500 0.042 0.720 0.000 0.238
327000 0.042 0.720 0.000 0.238
327500 0.042 0.720 0.000 0.238
328000 0.042 0.720 0.000 0.238
328500 0.042 0.720 0.000 0.238
329000 0.042 0.720 0.000 0.238
329500 0.042 0.720 0.000 0.238
330000 0.042 0.720 0.000 0.238
330500 0.042 0.720 0.000 0.238
331000 0.042 0.720 0.000 0.238
331500 0.042 0.720 0.000 0.238
332000 0.042 0.720 0.000 0.238
332500 0.042 0.720 0.000 0.238
333000 0.042 0.720 0.000 0.238
333500 0.042 0.720 0.000 0.238
334000 0.042 0.720 0.000 0.238
334500 0.042 0.720 0.000 0.238
335000 0.042 0.720 0.000 0.238
335500 0.042 0.720 0.000 0.238
336000 0.042 0.720 0.000 0.238
336500 0.042 0.720 0.000 0.238
337000 0.042 0.720 0.000 0.238
337500 0.042 0.720 0.000 0.238
338000 0.042 0.720 0.000 0.238
338500 0.042 0.720 0.000 0.238
339000 0.042 0.720 0.000 0.238
339500 0.042 0.720 0.000 0.238
340000 0.042 0.720 0.000 0.238
340500 0.042 0.720 0.000 0.238
341000 0.042 0.720 0.000 0.238
341500 0.042 0.720 0.000 0.238
342000 0.042 0.720 0.000 0.238
342500 0.042 0.720 0.000 0.238
343000 0.042 0.720 0.000 0.238
343500 0.042 0.720 0.000 0.238
344000 0.042 0.720 0.000 0.238
344500 0.042 0.720 0.000 0.238
345000 0.042 0.720 0.000 0.238
345500 0.042 0.720 0.000 0.238
346000 0.042 0.720 0.000 0.238
346500 0.042 0.720 0.000 0.238
347000 0.042 0.720 0.000 0.238
347500 0.042 0.720 0.000 0.238
348000 0.042 0.720 0.000 0.238
348500 0.042 0.720 0.000 0.238
349000 0.042 0.720 0.000 0.238
349500 0.042 0.720 0.000 0.238
350000 0.042 0.720 0.000 0.238
350500 0.042 0.720 0.000 0.238
351000 0.042 0.720 0.000 0.238
351500 0.042 0.720 0.000 0.238
352000 0.042 0.720 0.000 0.238
352500 0.042 0.720 0.000 0.238
353000 0.042 0.720 0.000 0.238
353500 0.042 0.720 0.000 0.238
354000 0.042 0.720 0.000 0.238
354500 0.042 0.720 0.000 0.238
355000 0.042 0.720 0.000 0.238
355500 0.042 0.720 0.000 0.238
356000 0.042 0.720 0.000 0.238
356500 0.042 0.720 0.000 0.238
357000 0.042 0.720 0.000 0.238
357500 0.042 0.720 0.000 0.238
358000 0.042 0.720 0.000 0.238
358500 0.042 0.720 0.000 0.238
359000 0.042 0.720 0.000 0.238
359500 0.042 0.720 0.000 0.238
360000 0.042 0.720 0.000 0.238
360500 0.042 0.720 0.000 0.238
361000 0.042 0.720 0.000 0.238
361500 0.042 0.720 0.000 0.238
362000 0.042 0.720 0.000 0.238
362500 0.042 0.720 0.000 0.238
363000 0.042 0.720 0.000 0.238
363500 0.042 0.720 0.000 0.238
364000 0.042 0.720 0.000 0.238
364500 0.042 0.720 0.000 0.238
365000 0.042 0.720 0.000 0.238
365500 0.042 0.720 0.000 0.238
366000 0.042 0.720 0.000 0.238
366500 0.042 0.720 0.000 0.238
367000 0.042 0.720 0.000 0.238
367500 0.042 0.720 0.000 0.238
368000 0.042 0.720 0.000 0.238
368500 0.042 0.720 0.000 0.238
369000 0.042 0.720 0.000 0.238
369500 0.042 0.720 0.000 0.238
370000 0.042 0.720 0.000 0.238
370500 0.042 0.720 0.000 0.238
371000 0.042 0.720 0.000 0.238
371500 0.042 0.720 0.000 0.238
372000 0.042 0.720 0.000 0.238
372500 0.042 0.720 0.000 0.238
373000 0.042 0.720 0.000 0.238
373500 0.042 0.720 0.000 0.238
374000 0.042 0.720 0.000 0.238
374500 0.042 0.720 0.000 0.238
375000 0.042 0.720 0.000 0.238
375500 0.042 0.720 0.000 0.238
376000 0.042 0.720 0.000 0.238
376500 0.042 0.720 0.000 0.238
377000 0.042 0.720 0.000 0.238
377500 0.042 0.720 0.000 0.238
378000 0.042 0.720 0.000 0.238
378500 0.042 0.720 0.000 0.238
379000 0.042 0.720 0.000 0.238
379500 0.042 0.720 0.000 0.238
380000 0.042 0.720 0.000 0.238
380500 0.042 0.720 0.000 0.238
381000 0.042 0.720 0.000 0.238
381500 0.042 0.720 0.000 0.238
382000 0.042 0.720 0.000 0.238
382500 0.042 0.720 0.000 0.238
383000 0.042 0.720 0.000 0.238
383500 0.042 0.720 0.000 0.238
384000 0.042 0.720 0.000 0.238
384500 0.042 0.720 0.000 0.238
385000 0.042 0.720 0.000 0.238
385500 0.042 0.720 0.000 0.238
386000 0.042 0.720 0.000 0.238
386500 0.042 0.720 0.000 0.238
387000 0.042 0.720 0.000 0.238
387500 0.042 0.720 0.000 0.238
388000 0.042 0.720 0.000 0.238
388500 0.042 0.720 0.000 0.238
389000 0.042 0.720 0.000 0.238
389500 0.042 0.720 0.000 0.238
390000 0.042 0.720 0.000 0.238
390500 0.042 0.720 0.000 0.238
391000 0.042 0.720 0.000 0.238
391500 0.042 0.720 0.000 0.238
392000 0.042 0.720 0.000 0.238
392500 0.042 0.720 0.000 0.238
393000 0.042 0.720 0.000 0.238
393500 0.042 0.720 0.000 0.238
394000 0.042 0.720 0.000 0.238
394500 0.042 0.720 0.000 0.238
395000 0.042 0.720 0.000 0.238
395500 0.042 0.720 0.000 0.238
396000 0.042 0.720 0.000 0.238
396500 0.042 0.720 0.000 0.238
397000 0.042 0.720 0.000 0.238
397500 0.042 0.720 0.000 0.238
398000 0.042 0.720 0.000 0.238
398500 0.042 0.720 0.000 0.238
399000 0.042 0.720 0.000 0.238
399500 0.042 0.720 0.000 0.238
400000 0.042 0.720 0.000 0.238
400500 0.042 0.720 0.000 0.238
401000 0.042 0.720 0.000 0.238
401500 0.042 0.720 0.000 0.238
402000 0.042 0.720 0.000 0.238
402500 0.042 0.720 0.000 0.238
403000 0.042 0.720 0.000 0.238
403500 0.042 0.720 0.000 0.238
404000 0.042 0.720 0.000 0.238
404500 0.042 0.720 0.000 0.238
405000 0.042 0.720 0.000 0.238
405500 0.042 0.720 0.000 0.238
406000 0.042 0.720 0.000 0.238
406500 0.042 0.720 0.000 0.238
407000 0.042 0.720 0.000 0.238
407500 0.042 0.720 0.000 0.238
408000 0.042 0.720 0.000 0.238
408500 0.042 0.720 0.000 0.238
409000 0.042 0.720 0.000 0.238
409500 0.042 0.720 0.000 0.238
410000 0.042 0.720 0.000 0.238
410500 0.042 0.720 0.000 0.238
411000 0.042 0.720 0.000 0.238
411500 0.042 0.720 0.000 0.238
412000 0.042 0.720 0.000 0.238
412500 0.042 0.720 0.000 0.238
413000 0.042 0.720 0.000 0.238
413500 0.042 0.720 0.000 0.238
414000 0.042 0.720 0.000 0.238
414500 0.042 0.720 0.000 0.238
415000 0.042 0.720 0.000 0.238
415500 0.042 0.720 0.000 0.238
416000 0.042 0.720 0.000 0.238
416500 0.042 0.720 0.000 0.238
417000 0.042 0.720 0.000 0.238
417500 0.042 0.720 0.000 0.238
418000 0.042 0.720 0.000 0.238
418500 0.042 0.720 0.000 0.238
419000 0.042 0.720 0.000 0.238
419500 0.042 0.720 0.000 0.238
420000 0.042 0.720 0.000 0.238
420500 0.042 0.720 0.000 0.238
421000 0.042 0.720 0.000 0.238
421500 0.042 0.720 0.000 0.238
422000 0.042 0.720 0.000 0.238
422500 0.042 0.720 0.000 0.238
423000 0.042 0.720 0.000 0.238
423500 0.042 0.720 0.000 0.238
424000 0.042 0.720 0.000 0.238
424500 0.042 0.720 0.000 0.238
425000 0.042 0.720 0.000 0.238
425500 0.042 0.720 0.000 0.238
426000 0.042 0.720 0.000 0.238
426500 0.042 0.720 0.000 0.238
427000 0.042 0.720 0.000 0.238
427500 0.042 0.720 0.000 0.238
428000 0.042 0.720 0.000 0.238
428500 0.042 0.720 0.000 0.238
429000 0.042 0.720 0.000 0.238
429500 0.042 0.720 0.000 0.238
430000 0.042 0.720 0.000 0.238
430500 0.042 0.720 0.000 0.238
431000 0.042 0.720 0.000 0.238
431500 0.042 0.720 0.000 0.238
432000 0.042 0.720 0.000 0.238
432500 0.042 0.720 0.000 0.238
433000 0.042 0.720 0.000 0.238
433500 0.042 0.720 0.000 0.238
434000 0.042 0.720 0.000 0.238
434500 0.042 0.720 0.000 0.238
435000 0.042 0.720 0.000 0.238
435500 0.042 0.720 0.000 0.238
436000 0.042 0.720 0.000 0.238
436500 0.042 0.720 0.000 0.238
437000 0.042 0.720 0.000 0.238
437500 0.042 0.720 0.000 0.238
438000 0.042 0.720 0.000 0.238
438500 0.042 0.720 0.000 0.238
439000 0.042 0.720 0.000 0.238
439500 0.042 0.720 0.000 0.238
440000 0.042 0.720 0.000 0.238
440500 0.042 0.720 0.000 0.238
441000 0.042 0.720 0.000 0.238
441500 0.042 0.720 0.000 0.238
442000 0.042 0.720 0.000 0.238
442500 0.042 0.720 0.000 0.238
443000 0.042 0.720 0.000 0.238
443500 0.042 0.720 0.000 0.238
444000 0.042 0.720 0.000 0.238
444500 0.042 0.720 0.000 0.238
445000 0.042 0.720 0.000 0.238
445500 0.042 0.720 0.000 0.238
446000 0.042 0.720 0.000 0.238
446500 0.042 0.720 0.000 0.238
447000 0.042 0.720 0.000 0.238
447500 0.042 0.720 0.000 0.238
448000 0.042 0.720 0.000 0.238
448500 0.042 0.720 0.000 0.238
449000 0.042 0.720 0.000 0.238
449500 0.042 0.720 0.000 0.238
450000 0.042 0.720 0.000 0.238
450500 0.042 0.720 0.000 0.238
451000 0.042 0.720 0.000 0.238
451500 0.042 0.720 0.000 0.238
452000 0.042 0.720 0.000 0.238
452500 0.042 0.720 0.000 0.238
453000 0.042 0.720 0.000 0.238
453500 0.042 0.720 0.000 0.238
454000 0.042 0.720 0.000 0.238
454500 0.042 0.720 0.000 0.238
455000 0.042 0.720 0.000 0.238
455500 0.042 0.720 0.000 0.238
456000 0.042 0.720 0.000 0.238
456500 0.042 0.720 0.000 0.238
457000 0.042 0.720 0.000 0.238
457500 0.042 0.720 0.000 0.238
458000 0.042 0.720 0.000 0.238
458500 0.042 0.720 0.000 0.238
459000 0.042 0.720 0.000 0.238
459500 0.042 0.720 0.000 0.238
460000 0.042 0.720 0.000 0.238
460500 0.042 0.720 0.000 0.238
461000 0.042 0.720 0.000 0.238
461500 0.042 0.720 0.000 0.238
462000 0.042 0.720 0.000 0.238
462500 0.042 0.720 0.000 0.238
463000 0.042 0.720 0.000 0.238
463500 0.042 0.720 0.000 0.238
464000 0.042 0.720 0.000 0.238
464500 0.042 0.720 0.000 0.238
465000 0.042 0.720 0.000 0.238
465500 0.042 0.720 0.000 0.238
466000 0.042 0.720 0.000 0.238
466500 0.042 0.720 0.000 0.238
467000 0.042 0.720 0.000 0.238
467500 0.042 0.720 0.000 0.238
468000 0.042 0.720 0.000 0.238
468500 0.042 0.720 0.000 0.238
469000 0.042 0.720 0.000 0.238
469500 0.042 0.720 0.000 0.238
470000 0.042 0.720 0.000 0.238
470500 0.042 0.720 0.000 0.238
471000 0.042 0.720 0.000 0.238
471500 0.042 0.720 0.000 0.238
472000 0.042 0.720 0.000 0.238
472500 0.042 0.720 0.000 0.238
473000 0.042 0.720 0.000 0.238
473500 0.042 0.720 0.000 0.238
474000 0.042 0.720 0.000 0.238
474500 0.042 0.720 0.000 0.238
475000 0.042 0.720 0.000 0.238
475500 0.042 0.720 0.000 0.238
476000 0.042 0.720 0.000 0.238
476500 0.042 0.720 0.000 0.238
477000 0.042 0.720 0.000 0.238
477500 0.042 0.720 0.000 0.238
478000 0.042 0.720 0.000 0.238
478500 0.042 0.720 0.000 0.238
479000 0.042 0.720 0.000 0.238
479500 0.042 0.720 0.000 0.238
480000 0.042 0.720 0.000 0.238
480500 0.042 0.720 0.000 0.238
481000 0.042 0.720 0.000 0.238
481500 0.042 0.720 0.000 0.238
482000 0.042 0.720 0.000 0.238
482500 0.042 0.720 0.000 0.238
483000 0.042 0.720 0.000 0.238
483500 0.042 0.720 0.000 0.238
484000 0.042 0.720 0.000 0.238
484500 0.042 0.720 0.000 0.238
485000 0.042 0.720 0.000 0.238
485500 0.042 0.720 0.000 0.238
486000 0.042 0.720 0.000 0.238
486500 0.042 0.720 0.000 0.238
487000 0.042 0.720 0.000 0.238
487500 0.042 0.720 0.000 0.238
488000 0.042 0.720 0.000 0.238
488500 0.042 0.720 0.000 0.238
489000 0.042 0.720 0.000 0.238
489500 0.042 0.720 0.000 0.238
490000 0.042 0.720 0.000 0.238
490500 0.042 0.720 0.000 0.238
491000 0.042 0.720 0.000 0.238
491500 0.042 0.720 0.000 0.238
492000 0.042 0.720 0.000 0.238
492500 0.042 0.720 0.000 0.238
493000 0.042 0.720 0.000 0.238
493500 0.042 0.720 0.000 0.238
494000 0.042 0.720 0.000 0.238
494500 0.042 0.720 0.000 0.238
495000 0.042 0.720 0.000 0.238
495500 0.042 0.720 0.000 0.238
496000 0.042 0.720 0.000 0.238
496500 0.042 0.720 0.000 0.238
497000 0.042 0.720 0.000 0.238
497500 0.042 0.720 0.000 0.238
498000 0.042 0.720 0.000 0.238
498500 0.042 0.720 0.000 0.238
499000 0.042 0.720 0.000 0.238
499500 0.042 0.720 0.000 0.238
500000 0.042 0.720 0.000 0.238
