000000 0.250 0.250 0.250 0.250
000500 0.010 0.799 0.000 0.191
001000 0.010 0.809 0.000 0.181
001500 0.010 0.813 0.000 0.177
002000 0.010 0.817 0.000 0.173
002500 0.010 0.823 0.000 0.167
003000 0.010 0.827 0.000 0.163
003500 0.010 0.831 0.000 0.159
004000 0.010 0.833 0.000 0.157
004500 0.010 0.839 0.000 0.151
005000 0.010 0.842 0.000 0.148
005500 0.010 0.844 0.000 0.146
006000 0.010 0.848 0.000 0.142
006500 0.010 0.851 0.000 0.139
007000 0.010 0.855 0.000 0.136
007500 0.010 0.859 0.000 0.131
008000 0.010 0.861 0.000 0.129
008500 0.010 0.864 0.000 0.126
009000 0.010 0.867 0.000 0.123
009500 0.010 0.870 0.000 0.120
010000 0.010 0.871 0.000 0.119
010500 0.010 0.873 0.000 0.117
011000 0.010 0.875 0.000 0.115
011500 0.010 0.876 0.000 0.114
012000 0.010 0.877 0.000 0.113
012500 0.010 0.879 0.000 0.112
013000 0.010 0.879 0.000 0.111
013500 0.010 0.881 0.000 0.109
014000 0.010 0.882 0.000 0.108
014500 0.010 0.883 0.000 0.107
015000 0.010 0.884 0.000 0.106
015500 0.010 0.885 0.000 0.105
016000 0.010 0.886 0.000 0.104
016500 0.010 0.889 0.000 0.102
017000 0.010 0.890 0.000 0.100
017500 0.010 0.891 0.000 0.099
018000 0.010 0.894 0.000 0.096
018500 0.010 0.894 0.000 0.096
019000 0.010 0.897 0.000 0.093
019500 0.010 0.898 0.000 0.092
020000 0.010 0.899 0.000 0.092
020500 0.010 0.901 0.000 0.089
021000 0.010 0.901 0.000 0.090
021500 0.010 0.902 0.000 0.088
022000 0.010 0.904 0.000 0.086
022500 0.010 0.906 0.000 0.084
023000 0.010 0.908 0.000 0.082
023500 0.010 0.909 0.000 0.082
024000 0.010 0.909 0.000 0.081
024500 0.010 0.912 0.000 0.078
025000 0.010 0.912 0.000 0.078
025500 0.010 0.914 0.000 0.077
026000 0.010 0.914 0.000 0.076
026500 0.010 0.915 0.000 0.075
027000 0.010 0.916 0.000 0.074
027500 0.010 0.916 0.000 0.074
028000 0.010 0.917 0.000 0.073
028500 0.010 0.917 0.000 0.073
029000 0.010 0.917 0.000 0.073
029500 0.010 0.919 0.000 0.072
030000 0.010 0.919 0.000 0.071
030500 0.010 0.919 0.000 0.071
031000 0.010 0.919 0.000 0.071
031500 0.010 0.919 0.000 0.071
032000 0.010 0.919 0.000 0.071
032500 0.010 0.919 0.000 0.071
033000 0.010 0.919 0.000 0.071
033500 0.010 0.919 0.000 0.071
034000 0.010 0.919 0.000 0.071
034500 0.010 0.919 0.000 0.071
035000 0.010 0.919 0.000 0.071
035500 0.010 0.919 0.000 0.071
036000 0.010 0.919 0.000 0.071
036500 0.010 0.919 0.000 0.071
037000 0.010 0.919 0.000 0.071
037500 0.010 0.919 0.000 0.071
038000 0.010 0.919 0.000 0.071
038500 0.010 0.919 0.000 0.071
039000 0.010 0.919 0.000 0.071
039500 0.010 0.919 0.000 0.071
040000 0.010 0.919 0.000 0.071
040500 0.010 0.919 0.000 0.071
041000 0.010 0.919 0.000 0.071
041500 0.010 0.919 0.000 0.071
042000 0.010 0.919 0.000 0.071
042500 0.010 0.919 0.000 0.071
043000 0.010 0.919 0.000 0.071
043500 0.010 0.919 0.000 0.071
044000 0.010 0.919 0.000 0.071
044500 0.010 0.919 0.000 0.071
045000 0.010 0.919 0.000 0.071
045500 0.010 0.919 0.000 0.071
046000 0.010 0.919 0.000 0.071
046500 0.010 0.919 0.000 0.071
047000 0.010 0.919 0.000 0.071
047500 0.010 0.919 0.000 0.071
048000 0.010 0.919 0.000 0.071
048500 0.010 0.919 0.000 0.071
049000 0.010 0.919 0.000 0.071
049500 0.010 0.919 0.000 0.071
050000 0.010 0.919 0.000 0.071
050500 0.010 0.919 0.000 0.071
051000 0.010 0.919 0.000 0.071
051500 0.010 0.919 0.000 0.071
052000 0.010 0.919 0.000 0.071
052500 0.010 0.919 0.000 0.071
053000 0.010 0.919 0.000 0.071
053500 0.010 0.919 0.000 0.071
054000 0.010 0.919 0.000 0.071
054500 0.010 0.919 0.000 0.071
055000 0.010 0.919 0.000 0.071
055500 0.010 0.919 0.000 0.071
056000 0.010 0.919 0.000 0.071
056500 0.010 0.919 0.000 0.071
057000 0.010 0.919 0.000 0.071
057500 0.010 0.919 0.000 0.071
058000 0.010 0.919 0.000 0.071
058500 0.010 0.919 0.000 0.071
059000 0.010 0.919 0.000 0.071
059500 0.010 0.919 0.000 0.071
060000 0.010 0.919 0.000 0.071
060500 0.010 0.919 0.000 0.071
061000 0.010 0.919 0.000 0.071
061500 0.010 0.919 0.000 0.071
062000 0.010 0.919 0.000 0.071
062500 0.010 0.919 0.000 0.071
063000 0.010 0.919 0.000 0.071
063500 0.010 0.919 0.000 0.071
064000 0.010 0.919 0.000 0.071
064500 0.010 0.919 0.000 0.071
065000 0.010 0.919 0.000 0.071
065500 0.010 0.919 0.000 0.071
066000 0.010 0.919 0.000 0.071
066500 0.010 0.919 0.000 0.071
067000 0.010 0.919 0.000 0.071
067500 0.010 0.919 0.000 0.071
068000 0.010 0.919 0.000 0.071
068500 0.010 0.919 0.000 0.071
069000 0.010 0.919 0.000 0.071
069500 0.010 0.919 0.000 0.071
070000 0.010 0.919 0.000 0.071
070500 0.010 0.919 0.000 0.071
071000 0.010 0.919 0.000 0.071
071500 0.010 0.919 0.000 0.071
072000 0.010 0.919 0.000 0.071
072500 0.010 0.919 0.000 0.071
073000 0.010 0.919 0.000 0.071
073500 0.010 0.919 0.000 0.071
074000 0.010 0.919 0.000 0.071
074500 0.010 0.919 0.000 0.071
075000 0.010 0.919 0.000 0.071
075500 0.010 0.919 0.000 0.071
076000 0.010 0.919 0.000 0.071
076500 0.010 0.919 0.000 0.071
077000 0.010 0.919 0.000 0.071
077500 0.010 0.919 0.000 0.071
078000 0.010 0.919 0.000 0.071
078500 0.010 0.919 0.000 0.071
079000 0.010 0.919 0.000 0.071
079500 0.010 0.919 0.000 0.071
080000 0.010 0.919 0.000 0.071
080500 0.010 0.919 0.000 0.071
081000 0.010 0.919 0.000 0.071
081500 0.010 0.919 0.000 0.071
082000 0.010 0.919 0.000 0.071
082500 0.010 0.919 0.000 0.071
083000 0.010 0.919 0.000 0.071
083500 0.010 0.919 0.000 0.071
084000 0.010 0.919 0.000 0.071
084500 0.010 0.919 0.000 0.071
085000 0.010 0.919 0.000 0.071
085500 0.010 0.919 0.000 0.071
086000 0.010 0.919 0.000 0.071
086500 0.010 0.919 0.000 0.071
087000 0.010 0.919 0.000 0.071
087500 0.010 0.919 0.000 0.071
088000 0.010 0.919 0.000 0.071
088500 0.010 0.919 0.000 0.071
089000 0.010 0.919 0.000 0.071
089500 0.010 0.919 0.000 0.071
090000 0.010 0.919 0.000 0.071
090500 0.010 0.919 0.000 0.071
091000 0.010 0.919 0.000 0.071
091500 0.010 0.919 0.000 0.071
092000 0.010 0.919 0.000 0.071
092500 0.010 0.919 0.000 0.071
093000 0.010 0.919 0.000 0.071
093500 0.010 0.919 0.000 0.071
094000 0.010 0.919 0.000 0.071
094500 0.010 0.919 0.000 0.071
095000 0.010 0.919 0.000 0.071
095500 0.010 0.919 0.000 0.071
096000 0.010 0.919 0.000 0.071
096500 0.010 0.919 0.000 0.071
097000 0.010 0.919 0.000 0.071
097500 0.010 0.919 0.000 0.071
098000 0.010 0.919 0.000 0.071
098500 0.010 0.919 0.000 0.071
099000 0.010 0.919 0.000 0.071
099500 0.010 0.919 0.000 0.071
100000 0.010 0.919 0.000 0.071
100500 0.010 0.919 0.000 0.071
101000 0.010 0.919 0.000 0.071
101500 0.010 0.919 0.000 0.071
102000 0.010 0.919 0.000 0.071
102500 0.010 0.919 0.000 0.071
103000 0.010 0.919 0.000 0.071
103500 0.010 0.919 0.000 0.071
104000 0.010 0.919 0.000 0.071
104500 0.010 0.919 0.000 0.071
105000 0.010 0.919 0.000 0.071
105500 0.010 0.919 0.000 0.071
106000 0.010 0.919 0.000 0.071
106500 0.010 0.919 0.000 0.071
107000 0.010 0.919 0.000 0.071
107500 0.010 0.919 0.000 0.071
108000 0.010 0.919 0.000 0.071
108500 0.010 0.919 0.000 0.071
109000 0.010 0.919 0.000 0.071
109500 0.010 0.919 0.000 0.071
110000 0.010 0.919 0.000 0.071
110500 0.010 0.919 0.000 0.071
111000 0.010 0.919 0.000 0.071
111500 0.010 0.919 0.000 0.071
112000 0.010 0.919 0.000 0.071
112500 0.010 0.919 0.000 0.071
113000 0.010 0.919 0.000 0.071
113500 0.010 0.919 0.000 0.071
114000 0.010 0.919 0.000 0.071
114500 0.010 0.919 0.000 0.071
115000 0.010 0.919 0.000 0.071
115500 0.010 0.919 0.000 0.071
116000 0.010 0.919 0.000 0.071
116500 0.010 0.919 0.000 0.071
117000 0.010 0.919 0.000 0.071
117500 0.010 0.919 0.000 0.071
118000 0.010 0.919 0.000 0.071
118500 0.010 0.919 0.000 0.071
119000 0.010 0.919 0.000 0.071
119500 0.010 0.919 0.000 0.071
120000 0.010 0.919 0.000 0.071
120500 0.010 0.919 0.000 0.071
121000 0.010 0.919 0.000 0.071
121500 0.010 0.919 0.000 0.071
122000 0.010 0.919 0.000 0.071
122500 0.010 0.919 0.000 0.071
123000 0.010 0.919 0.000 0.071
123500 0.010 0.919 0.000 0.071
124000 0.010 0.919 0.000 0.071
124500 0.010 0.919 0.000 0.071
125000 0.010 0.919 0.000 0.071
125500 0.010 0.919 0.000 0.071
126000 0.010 0.919 0.000 0.071
126500 0.010 0.919 0.000 0.071
127000 0.010 0.919 0.000 0.071
127500 0.010 0.919 0.000 0.071
128000 0.010 0.919 0.000 0.071
128500 0.010 0.919 0.000 0.071
129000 0.010 0.919 0.000 0.071
129500 0.010 0.919 0.000 0.071
130000 0.010 0.919 0.000 0.071
130500 0.010 0.919 0.000 0.071
131000 0.010 0.919 0.000 0.071
131500 0.010 0.919 0.000 0.071
132000 0.010 0.919 0.000 0.071
132500 0.010 0.919 0.000 0.071
133000 0.010 0.919 0.000 0.071
133500 0.010 0.919 0.000 0.071
134000 0.010 0.919 0.000 0.071
134500 0.010 0.919 0.000 0.071
135000 0.010 0.919 0.000 0.071
135500 0.010 0.919 0.000 0.071
136000 0.010 0.919 0.000 0.071
136500 0.010 0.919 0.000 0.071
137000 0.010 0.919 0.000 0.071
137500 0.010 0.919 0.000 0.071
138000 0.010 0.919 0.000 0.071
138500 0.010 0.919 0.000 0.071
139000 0.010 0.919 0.000 0.071
139500 0.010 0.919 0.000 0.071
140000 0.010 0.919 0.000 0.071
140500 0.010 0.919 0.000 0.071
141000 0.010 0.919 0.000 0.071
141500 0.010 0.919 0.000 0.071
142000 0.010 0.919 0.000 0.071
142500 0.010 0.919 0.000 0.071
143000 0.010 0.919 0.000 0.071
143500 0.010 0.919 0.000 0.071
144000 0.010 0.919 0.000 0.071
144500 0.010 0.919 0.000 0.071
145000 0.010 0.919 0.000 0.071
145500 0.010 0.919 0.000 0.071
146000 0.010 0.919 0.000 0.071
146500 0.010 0.919 0.000 0.071
147000 0.010 0.919 0.000 0.071
147500 0.010 0.919 0.000 0.071
148000 0.010 0.919 0.000 0.071
148500 0.010 0.919 0.000 0.071
149000 0.010 0.919 0.000 0.071
149500 0.010 0.919 0.000 0.071
150000 0.010 0.919 0.000 0.071
150500 0.010 0.919 0.000 0.071
151000 0.010 0.919 0.000 0.071
151500 0.010 0.919 0.000 0.071
152000 0.010 0.919 0.000 0.071
152500 0.010 0.919 0.000 0.071
153000 0.010 0.919 0.000 0.071
153500 0.010 0.919 0.000 0.071
154000 0.010 0.919 0.000 0.071
154500 0.010 0.919 0.000 0.071
155000 0.010 0.919 0.000 0.071
155500 0.010 0.919 0.000 0.071
156000 0.010 0.919 0.000 0.071
156500 0.010 0.919 0.000 0.071
157000 0.010 0.919 0.000 0.071
157500 0.010 0.919 0.000 0.071
158000 0.010 0.919 0.000 0.071
158500 0.010 0.919 0.000 0.071
159000 0.010 0.919 0.000 0.071
159500 0.010 0.919 0.000 0.071
160000 0.010 0.919 0.000 0.071
160500 0.010 0.919 0.000 0.071
161000 0.010 0.919 0.000 0.071
161500 0.010 0.919 0.000 0.071
162000 0.010 0.919 0.000 0.071
162500 0.010 0.919 0.000 0.071
163000 0.010 0.919 0.000 0.071
163500 0.010 0.919 0.000 0.071
164000 0.010 0.919 0.000 0.071
164500 0.010 0.919 0.000 0.071
165000 0.010 0.919 0.000 0.071
165500 0.010 0.919 0.000 0.071
166000 0.010 0.919 0.000 0.071
166500 0.010 0.919 0.000 0.071
167000 0.010 0.919 0.000 0.071
167500 0.010 0.919 0.000 0.071
168000 0.010 0.919 0.000 0.071
168500 0.010 0.919 0.000 0.071
169000 0.010 0.919 0.000 0.071
169500 0.010 0.919 0.000 0.071
170000 0.010 0.919 0.000 0.071
170500 0.010 0.919 0.000 0.071
171000 0.010 0.919 0.000 0.071
171500 0.010 0.919 0.000 0.071
172000 0.010 0.919 0.000 0.071
172500 0.010 0.919 0.000 0.071
173000 0.010 0.919 0.000 0.071
173500 0.010 0.919 0.000 0.071
174000 0.010 0.919 0.000 0.071
174500 0.010 0.919 0.000 0.071
175000 0.010 0.919 0.000 0.071
175500 0.010 0.919 0.000 0.071
176000 0.010 0.919 0.000 0.071
176500 0.010 0.919 0.000 0.071
177000 0.010 0.919 0.000 0.071
177500 0.010 0.919 0.000 0.071
178000 0.010 0.919 0.000 0.071
178500 0.010 0.919 0.000 0.071
179000 0.010 0.919 0.000 0.071
179500 0.010 0.919 0.000 0.071
180000 0.010 0.919 0.000 0.071
180500 0.010 0.919 0.000 0.071
181000 0.010 0.919 0.000 0.071
181500 0.010 0.919 0.000 0.071
182000 0.010 0.919 0.000 0.071
182500 0.010 0.919 0.000 0.071
183000 0.010 0.919 0.000 0.071
183500 0.010 0.919 0.000 0.071
184000 0.010 0.919 0.000 0.071
184500 0.010 0.919 0.000 0.071
185000 0.010 0.919 0.000 0.071
185500 0.010 0.919 0.000 0.071
186000 0.010 0.919 0.000 0.071
186500 0.010 0.919 0.000 0.071
187000 0.010 0.919 0.000 0.071
187500 0.010 0.919 0.000 0.071
188000 0.010 0.919 0.000 0.071
188500 0.010 0.919 0.000 0.071
189000 0.010 0.919 0.000 0.071
189500 0.010 0.919 0.000 0.071
190000 0.010 0.919 0.000 0.071
190500 0.010 0.919 0.000 0.071
191000 0.010 0.919 0.000 0.071
191500 0.010 0.919 0.000 0.071
192000 0.010 0.919 0.000 0.071
192500 0.010 0.919 0.000 0.071
193000 0.010 0.919 0.000 0.071
193500 0.010 0.919 0.000 0.071
194000 0.010 0.919 0.000 0.071
194500 0.010 0.919 0.000 0.071
195000 0.010 0.919 0.000 0.071
195500 0.010 0.919 0.000 0.071
196000 0.010 0.919 0.000 0.071
196500 0.010 0.919 0.000 0.071
197000 0.010 0.919 0.000 0.071
197500 0.010 0.919 0.000 0.071
198000 0.010 0.919 0.000 0.071
198500 0.010 0.919 0.000 0.071
199000 0.010 0.919 0.000 0.071
199500 0.010 0.919 0.000 0.071
200000 0.010 0.919 0.000 0.071
200500 0.010 0.919 0.000 0.071
201000 0.010 0.919 0.000 0.071
201500 0.010 0.919 0.000 0.071
202000 0.010 0.919 0.000 0.071
202500 0.010 0.919 0.000 0.071
203000 0.010 0.919 0.000 0.071
203500 0.010 0.919 0.000 0.071
204000 0.010 0.919 0.000 0.071
204500 0.010 0.919 0.000 0.071
205000 0.010 0.919 0.000 0.071
205500 0.010 0.919 0.000 0.071
206000 0.010 0.919 0.000 0.071
206500 0.010 0.919 0.000 0.071
207000 0.010 0.919 0.000 0.071
207500 0.010 0.919 0.000 0.071
208000 0.010 0.919 0.000 0.071
208500 0.010 0.919 0.000 0.071
209000 0.010 0.919 0.000 0.071
209500 0.010 0.919 0.000 0.071
210000 0.010 0.919 0.000 0.071
210500 0.010 0.919 0.000 0.071
211000 0.010 0.919 0.000 0.071
211500 0.010 0.919 0.000 0.071
212000 0.010 0.919 0.000 0.071
212500 0.010 0.919 0.000 0.071
213000 0.010 0.919 0.000 0.071
213500 0.010 0.919 0.000 0.071
214000 0.010 0.919 0.000 0.071
214500 0.010 0.919 0.000 0.071
215000 0.010 0.919 0.000 0.071
215500 0.010 0.919 0.000 0.071
216000 0.010 0.919 0.000 0.071
216500 0.010 0.919 0.000 0.071
217000 0.010 0.919 0.000 0.071
217500 0.010 0.919 0.000 0.071
218000 0.010 0.919 0.000 0.071
218500 0.010 0.919 0.000 0.071
219000 0.010 0.919 0.000 0.071
219500 0.010 0.919 0.000 0.071
220000 0.010 0.919 0.000 0.071
220500 0.010 0.919 0.000 0.071
221000 0.010 0.919 0.000 0.071
221500 0.010 0.919 0.000 0.071
222000 0.010 0.919 0.000 0.071
222500 0.010 0.919 0.000 0.071
223000 0.010 0.919 0.000 0.071
223500 0.010 0.919 0.000 0.071
224000 0.010 0.919 0.000 0.071
224500 0.010 0.919 0.000 0.071
225000 0.010 0.919 0.000 0.071
225500 0.010 0.919 0.000 0.071
226000 0.010 0.919 0.000 0.071
226500 0.010 0.919 0.000 0.071
227000 0.010 0.919 0.000 0.071
227500 0.010 0.919 0.000 0.071
228000 0.010 0.919 0.000 0.071
228500 0.010 0.919 0.000 0.071
229000 0.010 0.919 0.000 0.071
229500 0.010 0.919 0.000 0.071
230000 0.010 0.919 0.000 0.071
230500 0.010 0.919 0.000 0.071
231000 0.010 0.919 0.000 0.071
231500 0.010 0.919 0.000 0.071
232000 0.010 0.919 0.000 0.071
232500 0.010 0.919 0.000 0.071
233000 0.010 0.919 0.000 0.071
233500 0.010 0.919 0.000 0.071
234000 0.010 0.919 0.000 0.071
234500 0.010 0.919 0.000 0.071
235000 0.010 0.919 0.000 0.071
235500 0.010 0.919 0.000 0.071
236000 0.010 0.919 0.000 0.071
236500 0.010 0.919 0.000 0.071
237000 0.010 0.919 0.000 0.071
237500 0.010 0.919 0.000 0.071
238000 0.010 0.919 0.000 0.071
238500 0.010 0.919 0.000 0.071
239000 0.010 0.919 0.000 0.071
239500 0.010 0.919 0.000 0.071
240000 0.010 0.919 0.000 0.071
240500 0.010 0.919 0.000 0.071
241000 0.010 0.919 0.000 0.071
241500 0.010 0.919 0.000 0.071
242000 0.010 0.919 0.000 0.071
242500 0.010 0.919 0.000 0.071
243000 0.010 0.919 0.000 0.071
243500 0.010 0.919 0.000 0.071
244000 0.010 0.919 0.000 0.071
244500 0.010 0.919 0.000 0.071
245000 0.010 0.919 0.000 0.071
245500 0.010 0.919 0.000 0.071
246000 0.010 0.919 0.000 0.071
246500 0.010 0.919 0.000 0.071
247000 0.010 0.919 0.000 0.071
247500 0.010 0.919 0.000 0.071
248000 0.010 0.919 0.000 0.071
248500 0.010 0.919 0.000 0.071
249000 0.010 0.919 0.000 0.071
249500 0.010 0.919 0.000 0.071
250000 0.010 0.919 0.000 0.071
250500 0.010 0.919 0.000 0.071
251000 0.010 0.919 0.000 0.071
251500 0.010 0.919 0.000 0.071
252000 0.010 0.919 0.000 0.071
252500 0.010 0.919 0.000 0.071
253000 0.010 0.919 0.000 0.071
253500 0.010 0.919 0.000 0.071
254000 0.010 0.919 0.000 0.071
254500 0.010 0.919 0.000 0.071
255000 0.010 0.919 0.000 0.071
255500 0.010 0.919 0.000 0.071
256000 0.010 0.919 0.000 0.071
256500 0.010 0.919 0.000 0.071
257000 0.010 0.919 0.000 0.071
257500 0.010 0.919 0.000 0.071
258000 0.010 0.919 0.000 0.071
258500 0.010 0.919 0.000 0.071
259000 0.010 0.919 0.000 0.071
259500 0.010 0.919 0.000 0.071
260000 0.010 0.919 0.000 0.071
260500 0.010 0.919 0.000 0.071
261000 0.010 0.919 0.000 0.071
261500 0.010 0.919 0.000 0.071
262000 0.010 0.919 0.000 0.071
262500 0.010 0.919 0.000 0.071
263000 0.010 0.919 0.000 0.071
263500 0.010 0.919 0.000 0.071
264000 0.010 0.919 0.000 0.071
264500 0.010 0.919 0.000 0.071
265000 0.010 0.919 0.000 0.071
265500 0.010 0.919 0.000 0.071
266000 0.010 0.919 0.000 0.071
266500 0.010 0.919 0.000 0.071
267000 0.010 0.919 0.000 0.071
267500 0.010 0.919 0.000 0.071
268000 0.010 0.919 0.000 0.071
268500 0.010 0.919 0.000 0.071
269000 0.010 0.919 0.000 0.071
269500 0.010 0.919 0.000 0.071
270000 0.010 0.919 0.000 0.071
270500 0.010 0.919 0.000 0.071
271000 0.010 0.919 0.000 0.071
271500 0.010 0.919 0.000 0.071
272000 0.010 0.919 0.000 0.071
272500 0.010 0.919 0.000 0.071
273000 0.010 0.919 0.000 0.071
273500 0.010 0.919 0.000 0.071
274000 0.010 0.919 0.000 0.071
274500 0.010 0.919 0.000 0.071
275000 0.010 0.919 0.000 0.071
275500 0.010 0.919 0.000 0.071
276000 0.010 0.919 0.000 0.071
276500 0.010 0.919 0.000 0.071
277000 0.010 0.919 0.000 0.071
277500 0.010 0.919 0.000 0.071
278000 0.010 0.919 0.000 0.071
278500 0.010 0.919 0.000 0.071
279000 0.010 0.919 0.000 0.071
279500 0.010 0.919 0.000 0.071
280000 0.010 0.919 0.000 0.071
280500 0.010 0.919 0.000 0.071
281000 0.010 0.919 0.000 0.071
281500 0.010 0.919 0.000 0.071
282000 0.010 0.919 0.000 0.071
282500 0.010 0.919 0.000 0.071
283000 0.010 0.919 0.000 0.071
283500 0.010 0.919 0.000 0.071
284000 0.010 0.919 0.000 0.071
284500 0.010 0.919 0.000 0.071
285000 0.010 0.919 0.000 0.071
285500 0.010 0.919 0.000 0.071
286000 0.010 0.919 0.000 0.071
286500 0.010 0.919 0.000 0.071
287000 0.010 0.919 0.000 0.071
287500 0.010 0.919 0.000 0.071
288000 0.010 0.919 0.000 0.071
288500 0.010 0.919 0.000 0.071
289000 0.010 0.919 0.000 0.071
289500 0.010 0.919 0.000 0.071
290000 0.010 0.919 0.000 0.071
290500 0.010 0.919 0.000 0.071
291000 0.010 0.919 0.000 0.071
291500 0.010 0.919 0.000 0.071
292000 0.010 0.919 0.000 0.071
292500 0.010 0.919 0.000 0.071
293000 0.010 0.919 0.000 0.071
293500 0.010 0.919 0.000 0.071
294000 0.010 0.919 0.000 0.071
294500 0.010 0.919 0.000 0.071
295000 0.010 0.919 0.000 0.071
295500 0.010 0.919 0.000 0.071
296000 0.010 0.919 0.000 0.071
296500 0.010 0.919 0.000 0.071
297000 0.010 0.919 0.000 0.071
297500 0.010 0.919 0.000 0.071
298000 0.010 0.919 0.000 0.071
298500 0.010 0.919 0.000 0.071
299000 0.010 0.919 0.000 0.071
299500 0.010 0.919 0.000 0.071
300000 0.010 0.919 0.000 0.071
300500 0.010 0.919 0.000 0.071
301000 0.010 0.919 0.000 0.071
301500 0.010 0.919 0.000 0.071
302000 0.010 0.919 0.000 0.071
302500 0.010 0.919 0.000 0.071
303000 0.010 0.919 0.000 0.071
303500 0.010 0.919 0.000 0.071
304000 0.010 0.919 0.000 0.071
304500 0.010 0.919 0.000 0.071
305000 0.010 0.919 0.000 0.071
305500 0.010 0.919 0.000 0.071
306000 0.010 0.919 0.000 0.071
306500 0.010 0.919 0.000 0.071
307000 0.010 0.919 0.000 0.071
307500 0.010 0.919 0.000 0.071
308000 0.010 0.919 0.000 0.071
308500 0.010 0.919 0.000 0.071
309000 0.010 0.919 0.000 0.071
309500 0.010 0.919 0.000 0.071
310000 0.010 0.919 0.000 0.071
310500 0.010 0.919 0.000 0.071
311000 0.010 0.919 0.000 0.071
311500 0.010 0.919 0.000 0.071
312000 0.010 0.919 0.000 0.071
312500 0.010 0.919 0.000 0.071
313000 0.010 0.919 0.000 0.071
313500 0.010 0.919 0.000 0.071
314000 0.010 0.919 0.000 0.071
314500 0.010 0.919 0.000 0.071
315000 0.010 0.919 0.000 0.071
315500 0.010 0.919 0.000 0.071
316000 0.010 0.919 0.000 0.071
316500 0.010 0.919 0.000 0.071
317000 0.010 0.919 0.000 0.071
317500 0.010 0.919 0.000 0.071
318000 0.010 0.919 0.000 0.071
318500 0.010 0.919 0.000 0.071
319000 0.010 0.919 0.000 0.071
319500 0.010 0.919 0.000 0.071
320000 0.010 0.919 0.000 0.071
320500 0.010 0.919 0.000 0.071
321000 0.010 0.919 0.000 0.071
321500 0.010 0.919 0.000 0.071
322000 0.010 0.919 0.000 0.071
322500 0.010 0.919 0.000 0.071
323000 0.010 0.919 0.000 0.071
323500 0.010 0.919 0.000 0.071
324000 0.010 0.919 0.000 0.071
324500 0.010 0.919 0.000 0.071
325000 0.010 0.919 0.000 0.071
325500 0.010 0.919 0.000 0.071
326000 0.010 0.919 0.000 0.071
326500 0.010 0.919 0.000 0.071
327000 0.010 0.919 0.000 0.071
327500 0.010 0.919 0.000 0.071
328000 0.010 0.919 0.000 0.071
328500 0.010 0.919 0.000 0.071
329000 0.010 0.919 0.000 0.071
329500 0.010 0.919 0.000 0.071
330000 0.010 0.919 0.000 0.071
330500 0.010 0.919 0.000 0.071
331000 0.010 0.919 0.000 0.071
331500 0.010 0.919 0.000 0.071
332000 0.010 0.919 0.000 0.071
332500 0.010 0.919 0.000 0.071
333000 0.010 0.919 0.000 0.071
333500 0.010 0.919 0.000 0.071
334000 0.010 0.919 0.000 0.071
334500 0.010 0.919 0.000 0.071
335000 0.010 0.919 0.000 0.071
335500 0.010 0.919 0.000 0.071
336000 0.010 0.919 0.000 0.071
336500 0.010 0.919 0.000 0.071
337000 0.010 0.919 0.000 0.071
337500 0.010 0.919 0.000 0.071
338000 0.010 0.919 0.000 0.071
338500 0.010 0.919 0.000 0.071
339000 0.010 0.919 0.000 0.071
339500 0.010 0.919 0.000 0.071
340000 0.010 0.919 0.000 0.071
340500 0.010 0.919 0.000 0.071
341000 0.010 0.919 0.000 0.071
341500 0.010 0.919 0.000 0.071
342000 0.010 0.919 0.000 0.071
342500 0.010 0.919 0.000 0.071
343000 0.010 0.919 0.000 0.071
343500 0.010 0.919 0.000 0.071
344000 0.010 0.919 0.000 0.071
344500 0.010 0.919 0.000 0.071
345000 0.010 0.919 0.000 0.071
345500 0.010 0.919 0.000 0.071
346000 0.010 0.919 0.000 0.071
346500 0.010 0.919 0.000 0.071
347000 0.010 0.919 0.000 0.071
347500 0.010 0.919 0.000 0.071
348000 0.010 0.919 0.000 0.071
348500 0.010 0.919 0.000 0.071
349000 0.010 0.919 0.000 0.071
349500 0.010 0.919 0.000 0.071
350000 0.010 0.919 0.000 0.071
350500 0.010 0.919 0.000 0.071
351000 0.010 0.919 0.000 0.071
351500 0.010 0.919 0.000 0.071
352000 0.010 0.919 0.000 0.071
352500 0.010 0.919 0.000 0.071
353000 0.010 0.919 0.000 0.071
353500 0.010 0.919 0.000 0.071
354000 0.010 0.919 0.000 0.071
354500 0.010 0.919 0.000 0.071
355000 0.010 0.919 0.000 0.071
355500 0.010 0.919 0.000 0.071
356000 0.010 0.919 0.000 0.071
356500 0.010 0.919 0.000 0.071
357000 0.010 0.919 0.000 0.071
357500 0.010 0.919 0.000 0.071
358000 0.010 0.919 0.000 0.071
358500 0.010 0.919 0.000 0.071
359000 0.010 0.919 0.000 0.071
359500 0.010 0.919 0.000 0.071
360000 0.010 0.919 0.000 0.071
360500 0.010 0.919 0.000 0.071
361000 0.010 0.919 0.000 0.071
361500 0.010 0.919 0.000 0.071
362000 0.010 0.919 0.000 0.071
362500 0.010 0.919 0.000 0.071
363000 0.010 0.919 0.000 0.071
363500 0.010 0.919 0.000 0.071
364000 0.010 0.919 0.000 0.071
364500 0.010 0.919 0.000 0.071
365000 0.010 0.919 0.000 0.071
365500 0.010 0.919 0.000 0.071
366000 0.010 0.919 0.000 0.071
366500 0.010 0.919 0.000 0.071
367000 0.010 0.919 0.000 0.071
367500 0.010 0.919 0.000 0.071
368000 0.010 0.919 0.000 0.071
368500 0.010 0.919 0.000 0.071
369000 0.010 0.919 0.000 0.071
369500 0.010 0.919 0.000 0.071
370000 0.010 0.919 0.000 0.071
370500 0.010 0.919 0.000 0.071
371000 0.010 0.919 0.000 0.071
371500 0.010 0.919 0.000 0.071
372000 0.010 0.919 0.000 0.071
372500 0.010 0.919 0.000 0.071
373000 0.010 0.919 0.000 0.071
373500 0.010 0.919 0.000 0.071
374000 0.010 0.919 0.000 0.071
374500 0.010 0.919 0.000 0.071
375000 0.010 0.919 0.000 0.071
375500 0.010 0.919 0.000 0.071
376000 0.010 0.919 0.000 0.071
376500 0.010 0.919 0.000 0.071
377000 0.010 0.919 0.000 0.071
377500 0.010 0.919 0.000 0.071
378000 0.010 0.919 0.000 0.071
378500 0.010 0.919 0.000 0.071
379000 0.010 0.919 0.000 0.071
379500 0.010 0.919 0.000 0.071
380000 0.010 0.919 0.000 0.071
380500 0.010 0.919 0.000 0.071
381000 0.010 0.919 0.000 0.071
381500 0.010 0.919 0.000 0.071
382000 0.010 0.919 0.000 0.071
382500 0.010 0.919 0.000 0.071
383000 0.010 0.919 0.000 0.071
383500 0.010 0.919 0.000 0.071
384000 0.010 0.919 0.000 0.071
384500 0.010 0.919 0.000 0.071
385000 0.010 0.919 0.000 0.071
385500 0.010 0.919 0.000 0.071
386000 0.010 0.919 0.000 0.071
386500 0.010 0.919 0.000 0.071
387000 0.010 0.919 0.000 0.071
387500 0.010 0.919 0.000 0.071
388000 0.010 0.919 0.000 0.071
388500 0.010 0.919 0.000 0.071
389000 0.010 0.919 0.000 0.071
389500 0.010 0.919 0.000 0.071
390000 0.010 0.919 0.000 0.071
390500 0.010 0.919 0.000 0.071
391000 0.010 0.919 0.000 0.071
391500 0.010 0.919 0.000 0.071
392000 0.010 0.919 0.000 0.071
392500 0.010 0.919 0.000 0.071
393000 0.010 0.919 0.000 0.071
393500 0.010 0.919 0.000 0.071
394000 0.010 0.919 0.000 0.071
394500 0.010 0.919 0.000 0.071
395000 0.010 0.919 0.000 0.071
395500 0.010 0.919 0.000 0.071
396000 0.010 0.919 0.000 0.071
396500 0.010 0.919 0.000 0.071
397000 0.010 0.919 0.000 0.071
397500 0.010 0.919 0.000 0.071
398000 0.010 0.919 0.000 0.071
398500 0.010 0.919 0.000 0.071
399000 0.010 0.919 0.000 0.071
399500 0.010 0.919 0.000 0.071
400000 0.010 0.919 0.000 0.071
400500 0.010 0.919 0.000 0.071
401000 0.010 0.919 0.000 0.071
401500 0.010 0.919 0.000 0.071
402000 0.010 0.919 0.000 0.071
402500 0.010 0.919 0.000 0.071
403000 0.010 0.919 0.000 0.071
403500 0.010 0.919 0.000 0.071
404000 0.010 0.919 0.000 0.071
404500 0.010 0.919 0.000 0.071
405000 0.010 0.919 0.000 0.071
405500 0.010 0.919 0.000 0.071
406000 0.010 0.919 0.000 0.071
406500 0.010 0.919 0.000 0.071
407000 0.010 0.919 0.000 0.071
407500 0.010 0.919 0.000 0.071
408000 0.010 0.919 0.000 0.071
408500 0.010 0.919 0.000 0.071
409000 0.010 0.919 0.000 0.071
409500 0.010 0.919 0.000 0.071
410000 0.010 0.919 0.000 0.071
410500 0.010 0.919 0.000 0.071
411000 0.010 0.919 0.000 0.071
411500 0.010 0.919 0.000 0.071
412000 0.010 0.919 0.000 0.071
412500 0.010 0.919 0.000 0.071
413000 0.010 0.919 0.000 0.071
413500 0.010 0.919 0.000 0.071
414000 0.010 0.919 0.000 0.071
414500 0.010 0.919 0.000 0.071
415000 0.010 0.919 0.000 0.071
415500 0.010 0.919 0.000 0.071
416000 0.010 0.919 0.000 0.071
416500 0.010 0.919 0.000 0.071
417000 0.010 0.919 0.000 0.071
417500 0.010 0.919 0.000 0.071
418000 0.010 0.919 0.000 0.071
418500 0.010 0.919 0.000 0.071
419000 0.010 0.919 0.000 0.071
419500 0.010 0.919 0.000 0.071
420000 0.010 0.919 0.000 0.071
420500 0.010 0.919 0.000 0.071
421000 0.010 0.919 0.000 0.071
421500 0.010 0.919 0.000 0.071
422000 0.010 0.919 0.000 0.071
422500 0.010 0.919 0.000 0.071
423000 0.010 0.919 0.000 0.071
423500 0.010 0.919 0.000 0.071
424000 0.010 0.919 0.000 0.071
424500 0.010 0.919 0.000 0.071
425000 0.010 0.919 0.000 0.071
425500 0.010 0.919 0.000 0.071
426000 0.010 0.919 0.000 0.071
426500 0.010 0.919 0.000 0.071
427000 0.010 0.919 0.000 0.071
427500 0.010 0.919 0.000 0.071
428000 0.010 0.919 0.000 0.071
428500 0.010 0.919 0.000 0.071
429000 0.010 0.919 0.000 0.071
429500 0.010 0.919 0.000 0.071
430000 0.010 0.919 0.000 0.071
430500 0.010 0.919 0.000 0.071
431000 0.010 0.919 0.000 0.071
431500 0.010 0.919 0.000 0.071
432000 0.010 0.919 0.000 0.071
432500 0.010 0.919 0.000 0.071
433000 0.010 0.919 0.000 0.071
433500 0.010 0.919 0.000 0.071
434000 0.010 0.919 0.000 0.071
434500 0.010 0.919 0.000 0.071
435000 0.010 0.919 0.000 0.071
435500 0.010 0.919 0.000 0.071
436000 0.010 0.919 0.000 0.071
436500 0.010 0.919 0.000 0.071
437000 0.010 0.919 0.000 0.071
437500 0.010 0.919 0.000 0.071
438000 0.010 0.919 0.000 0.071
438500 0.010 0.919 0.000 0.071
439000 0.010 0.919 0.000 0.071
439500 0.010 0.919 0.000 0.071
440000 0.010 0.919 0.000 0.071
440500 0.010 0.919 0.000 0.071
441000 0.010 0.919 0.000 0.071
441500 0.010 0.919 0.000 0.071
442000 0.010 0.919 0.000 0.071
442500 0.010 0.919 0.000 0.071
443000 0.010 0.919 0.000 0.071
443500 0.010 0.919 0.000 0.071
444000 0.010 0.919 0.000 0.071
444500 0.010 0.919 0.000 0.071
445000 0.010 0.919 0.000 0.071
445500 0.010 0.919 0.000 0.071
446000 0.010 0.919 0.000 0.071
446500 0.010 0.919 0.000 0.071
447000 0.010 0.919 0.000 0.071
447500 0.010 0.919 0.000 0.071
448000 0.010 0.919 0.000 0.071
448500 0.010 0.919 0.000 0.071
449000 0.010 0.919 0.000 0.071
449500 0.010 0.919 0.000 0.071
450000 0.010 0.919 0.000 0.071
450500 0.010 0.919 0.000 0.071
451000 0.010 0.919 0.000 0.071
451500 0.010 0.919 0.000 0.071
452000 0.010 0.919 0.000 0.071
452500 0.010 0.919 0.000 0.071
453000 0.010 0.919 0.000 0.071
453500 0.010 0.919 0.000 0.071
454000 0.010 0.919 0.000 0.071
454500 0.010 0.919 0.000 0.071
455000 0.010 0.919 0.000 0.071
455500 0.010 0.919 0.000 0.071
456000 0.010 0.919 0.000 0.071
456500 0.010 0.919 0.000 0.071
457000 0.010 0.919 0.000 0.071
457500 0.010 0.919 0.000 0.071
458000 0.010 0.919 0.000 0.071
458500 0.010 0.919 0.000 0.071
459000 0.010 0.919 0.000 0.071
459500 0.010 0.919 0.000 0.071
460000 0.010 0.919 0.000 0.071
460500 0.010 0.919 0.000 0.071
461000 0.010 0.919 0.000 0.071
461500 0.010 0.919 0.000 0.071
462000 0.010 0.919 0.000 0.071
462500 0.010 0.919 0.000 0.071
463000 0.010 0.919 0.000 0.071
463500 0.010 0.919 0.000 0.071
464000 0.010 0.919 0.000 0.071
464500 0.010 0.919 0.000 0.071
465000 0.010 0.919 0.000 0.071
465500 0.010 0.919 0.000 0.071
466000 0.010 0.919 0.000 0.071
466500 0.010 0.919 0.000 0.071
467000 0.010 0.919 0.000 0.071
467500 0.010 0.919 0.000 0.071
468000 0.010 0.919 0.000 0.071
468500 0.010 0.919 0.000 0.071
469000 0.010 0.919 0.000 0.071
469500 0.010 0.919 0.000 0.071
470000 0.010 0.919 0.000 0.071
470500 0.010 0.919 0.000 0.071
471000 0.010 0.919 0.000 0.071
471500 0.010 0.919 0.000 0.071
472000 0.010 0.919 0.000 0.071
472500 0.010 0.919 0.000 0.071
473000 0.010 0.919 0.000 0.071
473500 0.010 0.919 0.000 0.071
474000 0.010 0.919 0.000 0.071
474500 0.010 0.919 0.000 0.071
475000 0.010 0.919 0.000 0.071
475500 0.010 0.919 0.000 0.071
476000 0.010 0.919 0.000 0.071
476500 0.010 0.919 0.000 0.071
477000 0.010 0.919 0.000 0.071
477500 0.010 0.919 0.000 0.071
478000 0.010 0.919 0.000 0.071
478500 0.010 0.919 0.000 0.071
479000 0.010 0.919 0.000 0.071
479500 0.010 0.919 0.000 0.071
480000 0.010 0.919 0.000 0.071
480500 0.010 0.919 0.000 0.071
481000 0.010 0.919 0.000 0.071
481500 0.010 0.919 0.000 0.071
482000 0.010 0.919 0.000 0.071
482500 0.010 0.919 0.000 0.071
483000 0.010 0.919 0.000 0.071
483500 0.010 0.919 0.000 0.071
484000 0.010 0.919 0.000 0.071
484500 0.010 0.919 0.000 0.071
485000 0.010 0.919 0.000 0.071
485500 0.010 0.919 0.000 0.071
486000 0.010 0.919 0.000 0.071
486500 0.010 0.919 0.000 0.071
487000 0.010 0.919 0.000 0.071
487500 0.010 0.919 0.000 0.071
488000 0.010 0.919 0.000 0.071
488500 0.010 0.919 0.000 0.071
489000 0.010 0.919 0.000 0.071
489500 0.010 0.919 0.000 0.071
490000 0.010 0.919 0.000 0.071
490500 0.010 0.919 0.000 0.071
491000 0.010 0.919 0.000 0.071
491500 0.010 0.919 0.000 0.071
492000 0.010 0.919 0.000 0.071
492500 0.010 0.919 0.000 0.071
493000 0.010 0.919 0.000 0.071
493500 0.010 0.919 0.000 0.071
494000 0.010 0.919 0.000 0.071
494500 0.010 0.919 0.000 0.071
495000 0.010 0.919 0.000 0.071
495500 0.010 0.919 0.000 0.071
496000 0.010 0.919 0.000 0.071
496500 0.010 0.919 0.000 0.071
497000 0.010 0.919 0.000 0.071
497500 0.010 0.919 0.000 0.071
498000 0.010 0.919 0.000 0.071
498500 0.010 0.919 0.000 0.071
499000 0.010 0.919 0.000 0.071
499500 0.010 0.919 0.000 0.071
500000 0.010 0.919 0.000 0.071
