000000 0.250 0.250 0.250 0.250
000500 0.012 0.896 0.000 0.092
001000 0.007 0.922 0.000 0.070
001500 0.005 0.931 0.000 0.064
002000 0.004 0.936 0.000 0.061
002500 0.004 0.939 0.000 0.057
003000 0.003 0.942 0.000 0.055
003500 0.003 0.946 0.000 0.052
004000 0.002 0.950 0.000 0.048
004500 0.002 0.953 0.000 0.045
005000 0.002 0.955 0.000 0.043
005500 0.002 0.957 0.000 0.041
006000 0.002 0.958 0.000 0.041
006500 0.002 0.959 0.000 0.039
007000 0.002 0.961 0.000 0.037
007500 0.002 0.962 0.000 0.036
008000 0.002 0.965 0.000 0.033
008500 0.002 0.966 0.000 0.032
009000 0.002 0.968 0.000 0.030
009500 0.002 0.969 0.000 0.030
010000 0.002 0.969 0.000 0.029
010500 0.002 0.970 0.000 0.028
011000 0.002 0.971 0.000 0.027
011500 0.002 0.972 0.000 0.027
012000 0.002 0.972 0.000 0.026
012500 0.002 0.972 0.000 0.026
013000 0.002 0.972 0.000 0.026
013500 0.002 0.972 0.000 0.026
014000 0.002 0.972 0.000 0.026
014500 0.002 0.972 0.000 0.026
015000 0.002 0.972 0.000 0.026
015500 0.002 0.972 0.000 0.026
016000 0.002 0.972 0.000 0.026
016500 0.002 0.972 0.000 0.026
017000 0.002 0.972 0.000 0.026
017500 0.002 0.972 0.000 0.026
018000 0.002 0.972 0.000 0.026
018500 0.002 0.972 0.000 0.026
019000 0.002 0.972 0.000 0.026
019500 0.002 0.972 0.000 0.026
020000 0.002 0.972 0.000 0.026
020500 0.002 0.972 0.000 0.026
021000 0.002 0.972 0.000 0.026
021500 0.002 0.972 0.000 0.026
022000 0.002 0.972 0.000 0.026
022500 0.002 0.972 0.000 0.026
023000 0.002 0.972 0.000 0.026
023500 0.002 0.972 0.000 0.026
024000 0.002 0.972 0.000 0.026
024500 0.002 0.972 0.000 0.026
025000 0.002 0.972 0.000 0.026
025500 0.002 0.972 0.000 0.026
026000 0.002 0.972 0.000 0.026
026500 0.002 0.972 0.000 0.026
027000 0.002 0.972 0.000 0.026
027500 0.002 0.972 0.000 0.026
028000 0.002 0.972 0.000 0.026
028500 0.002 0.972 0.000 0.026
029000 0.002 0.972 0.000 0.026
029500 0.002 0.972 0.000 0.026
030000 0.002 0.972 0.000 0.026
030500 0.002 0.972 0.000 0.026
031000 0.002 0.972 0.000 0.026
031500 0.002 0.972 0.000 0.026
032000 0.002 0.972 0.000 0.026
032500 0.002 0.972 0.000 0.026
033000 0.002 0.972 0.000 0.026
033500 0.002 0.972 0.000 0.026
034000 0.002 0.972 0.000 0.026
034500 0.002 0.972 0.000 0.026
035000 0.002 0.972 0.000 0.026
035500 0.002 0.972 0.000 0.026
036000 0.002 0.972 0.000 0.026
036500 0.002 0.972 0.000 0.026
037000 0.002 0.972 0.000 0.026
037500 0.002 0.972 0.000 0.026
038000 0.002 0.972 0.000 0.026
038500 0.002 0.972 0.000 0.026
039000 0.002 0.972 0.000 0.026
039500 0.002 0.972 0.000 0.026
040000 0.002 0.972 0.000 0.026
040500 0.002 0.972 0.000 0.026
041000 0.002 0.972 0.000 0.026
041500 0.002 0.972 0.000 0.026
042000 0.002 0.972 0.000 0.026
042500 0.002 0.972 0.000 0.026
043000 0.002 0.972 0.000 0.026
043500 0.002 0.972 0.000 0.026
044000 0.002 0.972 0.000 0.026
044500 0.002 0.972 0.000 0.026
045000 0.002 0.972 0.000 0.026
045500 0.002 0.972 0.000 0.026
046000 0.002 0.972 0.000 0.026
046500 0.002 0.972 0.000 0.026
047000 0.002 0.972 0.000 0.026
047500 0.002 0.972 0.000 0.026
048000 0.002 0.972 0.000 0.026
048500 0.002 0.972 0.000 0.026
049000 0.002 0.972 0.000 0.026
049500 0.002 0.972 0.000 0.026
050000 0.002 0.972 0.000 0.026
050500 0.002 0.972 0.000 0.026
051000 0.002 0.972 0.000 0.026
051500 0.002 0.972 0.000 0.026
052000 0.002 0.972 0.000 0.026
052500 0.002 0.972 0.000 0.026
053000 0.002 0.972 0.000 0.026
053500 0.002 0.972 0.000 0.026
054000 0.002 0.972 0.000 0.026
054500 0.002 0.972 0.000 0.026
055000 0.002 0.972 0.000 0.026
055500 0.002 0.972 0.000 0.026
056000 0.002 0.972 0.000 0.026
056500 0.002 0.972 0.000 0.026
057000 0.002 0.972 0.000 0.026
057500 0.002 0.972 0.000 0.026
058000 0.002 0.972 0.000 0.026
058500 0.002 0.972 0.000 0.026
059000 0.002 0.972 0.000 0.026
059500 0.002 0.972 0.000 0.026
060000 0.002 0.972 0.000 0.026
060500 0.002 0.972 0.000 0.026
061000 0.002 0.972 0.000 0.026
061500 0.002 0.972 0.000 0.026
062000 0.002 0.972 0.000 0.026
062500 0.002 0.972 0.000 0.026
063000 0.002 0.972 0.000 0.026
063500 0.002 0.972 0.000 0.026
064000 0.002 0.972 0.000 0.026
064500 0.002 0.972 0.000 0.026
065000 0.002 0.972 0.000 0.026
065500 0.002 0.972 0.000 0.026
066000 0.002 0.972 0.000 0.026
066500 0.002 0.972 0.000 0.026
067000 0.002 0.972 0.000 0.026
067500 0.002 0.972 0.000 0.026
068000 0.002 0.972 0.000 0.026
068500 0.002 0.972 0.000 0.026
069000 0.002 0.972 0.000 0.026
069500 0.002 0.972 0.000 0.026
070000 0.002 0.972 0.000 0.026
070500 0.002 0.972 0.000 0.026
071000 0.002 0.972 0.000 0.026
071500 0.002 0.972 0.000 0.026
072000 0.002 0.972 0.000 0.026
072500 0.002 0.972 0.000 0.026
073000 0.002 0.972 0.000 0.026
073500 0.002 0.972 0.000 0.026
074000 0.002 0.972 0.000 0.026
074500 0.002 0.972 0.000 0.026
075000 0.002 0.972 0.000 0.026
075500 0.002 0.972 0.000 0.026
076000 0.002 0.972 0.000 0.026
076500 0.002 0.972 0.000 0.026
077000 0.002 0.972 0.000 0.026
077500 0.002 0.972 0.000 0.026
078000 0.002 0.972 0.000 0.026
078500 0.002 0.972 0.000 0.026
079000 0.002 0.972 0.000 0.026
079500 0.002 0.972 0.000 0.026
080000 0.002 0.972 0.000 0.026
080500 0.002 0.972 0.000 0.026
081000 0.002 0.972 0.000 0.026
081500 0.002 0.972 0.000 0.026
082000 0.002 0.972 0.000 0.026
082500 0.002 0.972 0.000 0.026
083000 0.002 0.972 0.000 0.026
083500 0.002 0.972 0.000 0.026
084000 0.002 0.972 0.000 0.026
084500 0.002 0.972 0.000 0.026
085000 0.002 0.972 0.000 0.026
085500 0.002 0.972 0.000 0.026
086000 0.002 0.972 0.000 0.026
086500 0.002 0.972 0.000 0.026
087000 0.002 0.972 0.000 0.026
087500 0.002 0.972 0.000 0.026
088000 0.002 0.972 0.000 0.026
088500 0.002 0.972 0.000 0.026
089000 0.002 0.972 0.000 0.026
089500 0.002 0.972 0.000 0.026
090000 0.002 0.972 0.000 0.026
090500 0.002 0.972 0.000 0.026
091000 0.002 0.972 0.000 0.026
091500 0.002 0.972 0.000 0.026
092000 0.002 0.972 0.000 0.026
092500 0.002 0.972 0.000 0.026
093000 0.002 0.972 0.000 0.026
093500 0.002 0.972 0.000 0.026
094000 0.002 0.972 0.000 0.026
094500 0.002 0.972 0.000 0.026
095000 0.002 0.972 0.000 0.026
095500 0.002 0.972 0.000 0.026
096000 0.002 0.972 0.000 0.026
096500 0.002 0.972 0.000 0.026
097000 0.002 0.972 0.000 0.026
097500 0.002 0.972 0.000 0.026
098000 0.002 0.972 0.000 0.026
098500 0.002 0.972 0.000 0.026
099000 0.002 0.972 0.000 0.026
099500 0.002 0.972 0.000 0.026
100000 0.002 0.972 0.000 0.026
100500 0.002 0.972 0.000 0.026
101000 0.002 0.972 0.000 0.026
101500 0.002 0.972 0.000 0.026
102000 0.002 0.972 0.000 0.026
102500 0.002 0.972 0.000 0.026
103000 0.002 0.972 0.000 0.026
103500 0.002 0.972 0.000 0.026
104000 0.002 0.972 0.000 0.026
104500 0.002 0.972 0.000 0.026
105000 0.002 0.972 0.000 0.026
105500 0.002 0.972 0.000 0.026
106000 0.002 0.972 0.000 0.026
106500 0.002 0.972 0.000 0.026
107000 0.002 0.972 0.000 0.026
107500 0.002 0.972 0.000 0.026
108000 0.002 0.972 0.000 0.026
108500 0.002 0.972 0.000 0.026
109000 0.002 0.972 0.000 0.026
109500 0.002 0.972 0.000 0.026
110000 0.002 0.972 0.000 0.026
110500 0.002 0.972 0.000 0.026
111000 0.002 0.972 0.000 0.026
111500 0.002 0.972 0.000 0.026
112000 0.002 0.972 0.000 0.026
112500 0.002 0.972 0.000 0.026
113000 0.002 0.972 0.000 0.026
113500 0.002 0.972 0.000 0.026
114000 0.002 0.972 0.000 0.026
114500 0.002 0.972 0.000 0.026
115000 0.002 0.972 0.000 0.026
115500 0.002 0.972 0.000 0.026
116000 0.002 0.972 0.000 0.026
116500 0.002 0.972 0.000 0.026
117000 0.002 0.972 0.000 0.026
117500 0.002 0.972 0.000 0.026
118000 0.002 0.972 0.000 0.026
118500 0.002 0.972 0.000 0.026
119000 0.002 0.972 0.000 0.026
119500 0.002 0.972 0.000 0.026
120000 0.002 0.972 0.000 0.026
120500 0.002 0.972 0.000 0.026
121000 0.002 0.972 0.000 0.026
121500 0.002 0.972 0.000 0.026
122000 0.002 0.972 0.000 0.026
122500 0.002 0.972 0.000 0.026
123000 0.002 0.972 0.000 0.026
123500 0.002 0.972 0.000 0.026
124000 0.002 0.972 0.000 0.026
124500 0.002 0.972 0.000 0.026
125000 0.002 0.972 0.000 0.026
125500 0.002 0.972 0.000 0.026
126000 0.002 0.972 0.000 0.026
126500 0.002 0.972 0.000 0.026
127000 0.002 0.972 0.000 0.026
127500 0.002 0.972 0.000 0.026
128000 0.002 0.972 0.000 0.026
128500 0.002 0.972 0.000 0.026
129000 0.002 0.972 0.000 0.026
129500 0.002 0.972 0.000 0.026
130000 0.002 0.972 0.000 0.026
130500 0.002 0.972 0.000 0.026
131000 0.002 0.972 0.000 0.026
131500 0.002 0.972 0.000 0.026
132000 0.002 0.972 0.000 0.026
132500 0.002 0.972 0.000 0.026
133000 0.002 0.972 0.000 0.026
133500 0.002 0.972 0.000 0.026
134000 0.002 0.972 0.000 0.026
134500 0.002 0.972 0.000 0.026
135000 0.002 0.972 0.000 0.026
135500 0.002 0.972 0.000 0.026
136000 0.002 0.972 0.000 0.026
136500 0.002 0.972 0.000 0.026
137000 0.002 0.972 0.000 0.026
137500 0.002 0.972 0.000 0.026
138000 0.002 0.972 0.000 0.026
138500 0.002 0.972 0.000 0.026
139000 0.002 0.972 0.000 0.026
139500 0.002 0.972 0.000 0.026
140000 0.002 0.972 0.000 0.026
140500 0.002 0.972 0.000 0.026
141000 0.002 0.972 0.000 0.026
141500 0.002 0.972 0.000 0.026
142000 0.002 0.972 0.000 0.026
142500 0.002 0.972 0.000 0.026
143000 0.002 0.972 0.000 0.026
143500 0.002 0.972 0.000 0.026
144000 0.002 0.972 0.000 0.026
144500 0.002 0.972 0.000 0.026
145000 0.002 0.972 0.000 0.026
145500 0.002 0.972 0.000 0.026
146000 0.002 0.972 0.000 0.026
146500 0.002 0.972 0.000 0.026
147000 0.002 0.972 0.000 0.026
147500 0.002 0.972 0.000 0.026
148000 0.002 0.972 0.000 0.026
148500 0.002 0.972 0.000 0.026
149000 0.002 0.972 0.000 0.026
149500 0.002 0.972 0.000 0.026
150000 0.002 0.972 0.000 0.026
150500 0.002 0.972 0.000 0.026
151000 0.002 0.972 0.000 0.026
151500 0.002 0.972 0.000 0.026
152000 0.002 0.972 0.000 0.026
152500 0.002 0.972 0.000 0.026
153000 0.002 0.972 0.000 0.026
153500 0.002 0.972 0.000 0.026
154000 0.002 0.972 0.000 0.026
154500 0.002 0.972 0.000 0.026
155000 0.002 0.972 0.000 0.026
155500 0.002 0.972 0.000 0.026
156000 0.002 0.972 0.000 0.026
156500 0.002 0.972 0.000 0.026
157000 0.002 0.972 0.000 0.026
157500 0.002 0.972 0.000 0.026
158000 0.002 0.972 0.000 0.026
158500 0.002 0.972 0.000 0.026
159000 0.002 0.972 0.000 0.026
159500 0.002 0.972 0.000 0.026
160000 0.002 0.972 0.000 0.026
160500 0.002 0.972 0.000 0.026
161000 0.002 0.972 0.000 0.026
161500 0.002 0.972 0.000 0.026
162000 0.002 0.972 0.000 0.026
162500 0.002 0.972 0.000 0.026
163000 0.002 0.972 0.000 0.026
163500 0.002 0.972 0.000 0.026
164000 0.002 0.972 0.000 0.026
164500 0.002 0.972 0.000 0.026
165000 0.002 0.972 0.000 0.026
165500 0.002 0.972 0.000 0.026
166000 0.002 0.972 0.000 0.026
166500 0.002 0.972 0.000 0.026
167000 0.002 0.972 0.000 0.026
167500 0.002 0.972 0.000 0.026
168000 0.002 0.972 0.000 0.026
168500 0.002 0.972 0.000 0.026
169000 0.002 0.972 0.000 0.026
169500 0.002 0.972 0.000 0.026
170000 0.002 0.972 0.000 0.026
170500 0.002 0.972 0.000 0.026
171000 0.002 0.972 0.000 0.026
171500 0.002 0.972 0.000 0.026
172000 0.002 0.972 0.000 0.026
172500 0.002 0.972 0.000 0.026
173000 0.002 0.972 0.000 0.026
173500 0.002 0.972 0.000 0.026
174000 0.002 0.972 0.000 0.026
174500 0.002 0.972 0.000 0.026
175000 0.002 0.972 0.000 0.026
175500 0.002 0.972 0.000 0.026
176000 0.002 0.972 0.000 0.026
176500 0.002 0.972 0.000 0.026
177000 0.002 0.972 0.000 0.026
177500 0.002 0.972 0.000 0.026
178000 0.002 0.972 0.000 0.026
178500 0.002 0.972 0.000 0.026
179000 0.002 0.972 0.000 0.026
179500 0.002 0.972 0.000 0.026
180000 0.002 0.972 0.000 0.026
180500 0.002 0.972 0.000 0.026
181000 0.002 0.972 0.000 0.026
181500 0.002 0.972 0.000 0.026
182000 0.002 0.972 0.000 0.026
182500 0.002 0.972 0.000 0.026
183000 0.002 0.972 0.000 0.026
183500 0.002 0.972 0.000 0.026
184000 0.002 0.972 0.000 0.026
184500 0.002 0.972 0.000 0.026
185000 0.002 0.972 0.000 0.026
185500 0.002 0.972 0.000 0.026
186000 0.002 0.972 0.000 0.026
186500 0.002 0.972 0.000 0.026
187000 0.002 0.972 0.000 0.026
187500 0.002 0.972 0.000 0.026
188000 0.002 0.972 0.000 0.026
188500 0.002 0.972 0.000 0.026
189000 0.002 0.972 0.000 0.026
189500 0.002 0.972 0.000 0.026
190000 0.002 0.972 0.000 0.026
190500 0.002 0.972 0.000 0.026
191000 0.002 0.972 0.000 0.026
191500 0.002 0.972 0.000 0.026
192000 0.002 0.972 0.000 0.026
192500 0.002 0.972 0.000 0.026
193000 0.002 0.972 0.000 0.026
193500 0.002 0.972 0.000 0.026
194000 0.002 0.972 0.000 0.026
194500 0.002 0.972 0.000 0.026
195000 0.002 0.972 0.000 0.026
195500 0.002 0.972 0.000 0.026
196000 0.002 0.972 0.000 0.026
196500 0.002 0.972 0.000 0.026
197000 0.002 0.972 0.000 0.026
197500 0.002 0.972 0.000 0.026
198000 0.002 0.972 0.000 0.026
198500 0.002 0.972 0.000 0.026
199000 0.002 0.972 0.000 0.026
199500 0.002 0.972 0.000 0.026
200000 0.002 0.972 0.000 0.026
200500 0.002 0.972 0.000 0.026
201000 0.002 0.972 0.000 0.026
201500 0.002 0.972 0.000 0.026
202000 0.002 0.972 0.000 0.026
202500 0.002 0.972 0.000 0.026
203000 0.002 0.972 0.000 0.026
203500 0.002 0.972 0.000 0.026
204000 0.002 0.972 0.000 0.026
204500 0.002 0.972 0.000 0.026
205000 0.002 0.972 0.000 0.026
205500 0.002 0.972 0.000 0.026
206000 0.002 0.972 0.000 0.026
206500 0.002 0.972 0.000 0.026
207000 0.002 0.972 0.000 0.026
207500 0.002 0.972 0.000 0.026
208000 0.002 0.972 0.000 0.026
208500 0.002 0.972 0.000 0.026
209000 0.002 0.972 0.000 0.026
209500 0.002 0.972 0.000 0.026
210000 0.002 0.972 0.000 0.026
210500 0.002 0.972 0.000 0.026
211000 0.002 0.972 0.000 0.026
211500 0.002 0.972 0.000 0.026
212000 0.002 0.972 0.000 0.026
212500 0.002 0.972 0.000 0.026
213000 0.002 0.972 0.000 0.026
213500 0.002 0.972 0.000 0.026
214000 0.002 0.972 0.000 0.026
214500 0.002 0.972 0.000 0.026
215000 0.002 0.972 0.000 0.026
215500 0.002 0.972 0.000 0.026
216000 0.002 0.972 0.000 0.026
216500 0.002 0.972 0.000 0.026
217000 0.002 0.972 0.000 0.026
217500 0.002 0.972 0.000 0.026
218000 0.002 0.972 0.000 0.026
218500 0.002 0.972 0.000 0.026
219000 0.002 0.972 0.000 0.026
219500 0.002 0.972 0.000 0.026
220000 0.002 0.972 0.000 0.026
220500 0.002 0.972 0.000 0.026
221000 0.002 0.972 0.000 0.026
221500 0.002 0.972 0.000 0.026
222000 0.002 0.972 0.000 0.026
222500 0.002 0.972 0.000 0.026
223000 0.002 0.972 0.000 0.026
223500 0.002 0.972 0.000 0.026
224000 0.002 0.972 0.000 0.026
224500 0.002 0.972 0.000 0.026
225000 0.002 0.972 0.000 0.026
225500 0.002 0.972 0.000 0.026
226000 0.002 0.972 0.000 0.026
226500 0.002 0.972 0.000 0.026
227000 0.002 0.972 0.000 0.026
227500 0.002 0.972 0.000 0.026
228000 0.002 0.972 0.000 0.026
228500 0.002 0.972 0.000 0.026
229000 0.002 0.972 0.000 0.026
229500 0.002 0.972 0.000 0.026
230000 0.002 0.972 0.000 0.026
230500 0.002 0.972 0.000 0.026
231000 0.002 0.972 0.000 0.026
231500 0.002 0.972 0.000 0.026
232000 0.002 0.972 0.000 0.026
232500 0.002 0.972 0.000 0.026
233000 0.002 0.972 0.000 0.026
233500 0.002 0.972 0.000 0.026
234000 0.002 0.972 0.000 0.026
234500 0.002 0.972 0.000 0.026
235000 0.002 0.972 0.000 0.026
235500 0.002 0.972 0.000 0.026
236000 0.002 0.972 0.000 0.026
236500 0.002 0.972 0.000 0.026
237000 0.002 0.972 0.000 0.026
237500 0.002 0.972 0.000 0.026
238000 0.002 0.972 0.000 0.026
238500 0.002 0.972 0.000 0.026
239000 0.002 0.972 0.000 0.026
239500 0.002 0.972 0.000 0.026
240000 0.002 0.972 0.000 0.026
240500 0.002 0.972 0.000 0.026
241000 0.002 0.972 0.000 0.026
241500 0.002 0.972 0.000 0.026
242000 0.002 0.972 0.000 0.026
242500 0.002 0.972 0.000 0.026
243000 0.002 0.972 0.000 0.026
243500 0.002 0.972 0.000 0.026
244000 0.002 0.972 0.000 0.026
244500 0.002 0.972 0.000 0.026
245000 0.002 0.972 0.000 0.026
245500 0.002 0.972 0.000 0.026
246000 0.002 0.972 0.000 0.026
246500 0.002 0.972 0.000 0.026
247000 0.002 0.972 0.000 0.026
247500 0.002 0.972 0.000 0.026
248000 0.002 0.972 0.000 0.026
248500 0.002 0.972 0.000 0.026
249000 0.002 0.972 0.000 0.026
249500 0.002 0.972 0.000 0.026
250000 0.002 0.972 0.000 0.026
250500 0.002 0.972 0.000 0.026
251000 0.002 0.972 0.000 0.026
251500 0.002 0.972 0.000 0.026
252000 0.002 0.972 0.000 0.026
252500 0.002 0.972 0.000 0.026
253000 0.002 0.972 0.000 0.026
253500 0.002 0.972 0.000 0.026
254000 0.002 0.972 0.000 0.026
254500 0.002 0.972 0.000 0.026
255000 0.002 0.972 0.000 0.026
255500 0.002 0.972 0.000 0.026
256000 0.002 0.972 0.000 0.026
256500 0.002 0.972 0.000 0.026
257000 0.002 0.972 0.000 0.026
257500 0.002 0.972 0.000 0.026
258000 0.002 0.972 0.000 0.026
258500 0.002 0.972 0.000 0.026
259000 0.002 0.972 0.000 0.026
259500 0.002 0.972 0.000 0.026
260000 0.002 0.972 0.000 0.026
260500 0.002 0.972 0.000 0.026
261000 0.002 0.972 0.000 0.026
261500 0.002 0.972 0.000 0.026
262000 0.002 0.972 0.000 0.026
262500 0.002 0.972 0.000 0.026
263000 0.002 0.972 0.000 0.026
263500 0.002 0.972 0.000 0.026
264000 0.002 0.972 0.000 0.026
264500 0.002 0.972 0.000 0.026
265000 0.002 0.972 0.000 0.026
265500 0.002 0.972 0.000 0.026
266000 0.002 0.972 0.000 0.026
266500 0.002 0.972 0.000 0.026
267000 0.002 0.972 0.000 0.026
267500 0.002 0.972 0.000 0.026
268000 0.002 0.972 0.000 0.026
268500 0.002 0.972 0.000 0.026
269000 0.002 0.972 0.000 0.026
269500 0.002 0.972 0.000 0.026
270000 0.002 0.972 0.000 0.026
270500 0.002 0.972 0.000 0.026
271000 0.002 0.972 0.000 0.026
271500 0.002 0.972 0.000 0.026
272000 0.002 0.972 0.000 0.026
272500 0.002 0.972 0.000 0.026
273000 0.002 0.972 0.000 0.026
273500 0.002 0.972 0.000 0.026
274000 0.002 0.972 0.000 0.026
274500 0.002 0.972 0.000 0.026
275000 0.002 0.972 0.000 0.026
275500 0.002 0.972 0.000 0.026
276000 0.002 0.972 0.000 0.026
276500 0.002 0.972 0.000 0.026
277000 0.002 0.972 0.000 0.026
277500 0.002 0.972 0.000 0.026
278000 0.002 0.972 0.000 0.026
278500 0.002 0.972 0.000 0.026
279000 0.002 0.972 0.000 0.026
279500 0.002 0.972 0.000 0.026
280000 0.002 0.972 0.000 0.026
280500 0.002 0.972 0.000 0.026
281000 0.002 0.972 0.000 0.026
281500 0.002 0.972 0.000 0.026
282000 0.002 0.972 0.000 0.026
282500 0.002 0.972 0.000 0.026
283000 0.002 0.972 0.000 0.026
283500 0.002 0.972 0.000 0.026
284000 0.002 0.972 0.000 0.026
284500 0.002 0.972 0.000 0.026
285000 0.002 0.972 0.000 0.026
285500 0.002 0.972 0.000 0.026
286000 0.002 0.972 0.000 0.026
286500 0.002 0.972 0.000 0.026
287000 0.002 0.972 0.000 0.026
287500 0.002 0.972 0.000 0.026
288000 0.002 0.972 0.000 0.026
288500 0.002 0.972 0.000 0.026
289000 0.002 0.972 0.000 0.026
289500 0.002 0.972 0.000 0.026
290000 0.002 0.972 0.000 0.026
290500 0.002 0.972 0.000 0.026
291000 0.002 0.972 0.000 0.026
291500 0.002 0.972 0.000 0.026
292000 0.002 0.972 0.000 0.026
292500 0.002 0.972 0.000 0.026
293000 0.002 0.972 0.000 0.026
293500 0.002 0.972 0.000 0.026
294000 0.002 0.972 0.000 0.026
294500 0.002 0.972 0.000 0.026
295000 0.002 0.972 0.000 0.026
295500 0.002 0.972 0.000 0.026
296000 0.002 0.972 0.000 0.026
296500 0.002 0.972 0.000 0.026
297000 0.002 0.972 0.000 0.026
297500 0.002 0.972 0.000 0.026
298000 0.002 0.972 0.000 0.026
298500 0.002 0.972 0.000 0.026
299000 0.002 0.972 0.000 0.026
299500 0.002 0.972 0.000 0.026
300000 0.002 0.972 0.000 0.026
300500 0.002 0.972 0.000 0.026
301000 0.002 0.972 0.000 0.026
301500 0.002 0.972 0.000 0.026
302000 0.002 0.972 0.000 0.026
302500 0.002 0.972 0.000 0.026
303000 0.002 0.972 0.000 0.026
303500 0.002 0.972 0.000 0.026
304000 0.002 0.972 0.000 0.026
304500 0.002 0.972 0.000 0.026
305000 0.002 0.972 0.000 0.026
305500 0.002 0.972 0.000 0.026
306000 0.002 0.972 0.000 0.026
306500 0.002 0.972 0.000 0.026
307000 0.002 0.972 0.000 0.026
307500 0.002 0.972 0.000 0.026
308000 0.002 0.972 0.000 0.026
308500 0.002 0.972 0.000 0.026
309000 0.002 0.972 0.000 0.026
309500 0.002 0.972 0.000 0.026
310000 0.002 0.972 0.000 0.026
310500 0.002 0.972 0.000 0.026
311000 0.002 0.972 0.000 0.026
311500 0.002 0.972 0.000 0.026
312000 0.002 0.972 0.000 0.026
312500 0.002 0.972 0.000 0.026
313000 0.002 0.972 0.000 0.026
313500 0.002 0.972 0.000 0.026
314000 0.002 0.972 0.000 0.026
314500 0.002 0.972 0.000 0.026
315000 0.002 0.972 0.000 0.026
315500 0.002 0.972 0.000 0.026
316000 0.002 0.972 0.000 0.026
316500 0.002 0.972 0.000 0.026
317000 0.002 0.972 0.000 0.026
317500 0.002 0.972 0.000 0.026
318000 0.002 0.972 0.000 0.026
318500 0.002 0.972 0.000 0.026
319000 0.002 0.972 0.000 0.026
319500 0.002 0.972 0.000 0.026
320000 0.002 0.972 0.000 0.026
320500 0.002 0.972 0.000 0.026
321000 0.002 0.972 0.000 0.026
321500 0.002 0.972 0.000 0.026
322000 0.002 0.972 0.000 0.026
322500 0.002 0.972 0.000 0.026
323000 0.002 0.972 0.000 0.026
323500 0.002 0.972 0.000 0.026
324000 0.002 0.972 0.000 0.026
324500 0.002 0.972 0.000 0.026
325000 0.002 0.972 0.000 0.026
325500 0.002 0.972 0.000 0.026
326000 0.002 0.972 0.000 0.026
326500 0.002 0.972 0.000 0.026
327000 0.002 0.972 0.000 0.026
327500 0.002 0.972 0.000 0.026
328000 0.002 0.972 0.000 0.026
328500 0.002 0.972 0.000 0.026
329000 0.002 0.972 0.000 0.026
329500 0.002 0.972 0.000 0.026
330000 0.002 0.972 0.000 0.026
330500 0.002 0.972 0.000 0.026
331000 0.002 0.972 0.000 0.026
331500 0.002 0.972 0.000 0.026
332000 0.002 0.972 0.000 0.026
332500 0.002 0.972 0.000 0.026
333000 0.002 0.972 0.000 0.026
333500 0.002 0.972 0.000 0.026
334000 0.002 0.972 0.000 0.026
334500 0.002 0.972 0.000 0.026
335000 0.002 0.972 0.000 0.026
335500 0.002 0.972 0.000 0.026
336000 0.002 0.972 0.000 0.026
336500 0.002 0.972 0.000 0.026
337000 0.002 0.972 0.000 0.026
337500 0.002 0.972 0.000 0.026
338000 0.002 0.972 0.000 0.026
338500 0.002 0.972 0.000 0.026
339000 0.002 0.972 0.000 0.026
339500 0.002 0.972 0.000 0.026
340000 0.002 0.972 0.000 0.026
340500 0.002 0.972 0.000 0.026
341000 0.002 0.972 0.000 0.026
341500 0.002 0.972 0.000 0.026
342000 0.002 0.972 0.000 0.026
342500 0.002 0.972 0.000 0.026
343000 0.002 0.972 0.000 0.026
343500 0.002 0.972 0.000 0.026
344000 0.002 0.972 0.000 0.026
344500 0.002 0.972 0.000 0.026
345000 0.002 0.972 0.000 0.026
345500 0.002 0.972 0.000 0.026
346000 0.002 0.972 0.000 0.026
346500 0.002 0.972 0.000 0.026
347000 0.002 0.972 0.000 0.026
347500 0.002 0.972 0.000 0.026
348000 0.002 0.972 0.000 0.026
348500 0.002 0.972 0.000 0.026
349000 0.002 0.972 0.000 0.026
349500 0.002 0.972 0.000 0.026
350000 0.002 0.972 0.000 0.026
350500 0.002 0.972 0.000 0.026
351000 0.002 0.972 0.000 0.026
351500 0.002 0.972 0.000 0.026
352000 0.002 0.972 0.000 0.026
352500 0.002 0.972 0.000 0.026
353000 0.002 0.972 0.000 0.026
353500 0.002 0.972 0.000 0.026
354000 0.002 0.972 0.000 0.026
354500 0.002 0.972 0.000 0.026
355000 0.002 0.972 0.000 0.026
355500 0.002 0.972 0.000 0.026
356000 0.002 0.972 0.000 0.026
356500 0.002 0.972 0.000 0.026
357000 0.002 0.972 0.000 0.026
357500 0.002 0.972 0.000 0.026
358000 0.002 0.972 0.000 0.026
358500 0.002 0.972 0.000 0.026
359000 0.002 0.972 0.000 0.026
359500 0.002 0.972 0.000 0.026
360000 0.002 0.972 0.000 0.026
360500 0.002 0.972 0.000 0.026
361000 0.002 0.972 0.000 0.026
361500 0.002 0.972 0.000 0.026
362000 0.002 0.972 0.000 0.026
362500 0.002 0.972 0.000 0.026
363000 0.002 0.972 0.000 0.026
363500 0.002 0.972 0.000 0.026
364000 0.002 0.972 0.000 0.026
364500 0.002 0.972 0.000 0.026
365000 0.002 0.972 0.000 0.026
365500 0.002 0.972 0.000 0.026
366000 0.002 0.972 0.000 0.026
366500 0.002 0.972 0.000 0.026
367000 0.002 0.972 0.000 0.026
367500 0.002 0.972 0.000 0.026
368000 0.002 0.972 0.000 0.026
368500 0.002 0.972 0.000 0.026
369000 0.002 0.972 0.000 0.026
369500 0.002 0.972 0.000 0.026
370000 0.002 0.972 0.000 0.026
370500 0.002 0.972 0.000 0.026
371000 0.002 0.972 0.000 0.026
371500 0.002 0.972 0.000 0.026
372000 0.002 0.972 0.000 0.026
372500 0.002 0.972 0.000 0.026
373000 0.002 0.972 0.000 0.026
373500 0.002 0.972 0.000 0.026
374000 0.002 0.972 0.000 0.026
374500 0.002 0.972 0.000 0.026
375000 0.002 0.972 0.000 0.026
375500 0.002 0.972 0.000 0.026
376000 0.002 0.972 0.000 0.026
376500 0.002 0.972 0.000 0.026
377000 0.002 0.972 0.000 0.026
377500 0.002 0.972 0.000 0.026
378000 0.002 0.972 0.000 0.026
378500 0.002 0.972 0.000 0.026
379000 0.002 0.972 0.000 0.026
379500 0.002 0.972 0.000 0.026
380000 0.002 0.972 0.000 0.026
380500 0.002 0.972 0.000 0.026
381000 0.002 0.972 0.000 0.026
381500 0.002 0.972 0.000 0.026
382000 0.002 0.972 0.000 0.026
382500 0.002 0.972 0.000 0.026
383000 0.002 0.972 0.000 0.026
383500 0.002 0.972 0.000 0.026
384000 0.002 0.972 0.000 0.026
384500 0.002 0.972 0.000 0.026
385000 0.002 0.972 0.000 0.026
385500 0.002 0.972 0.000 0.026
386000 0.002 0.972 0.000 0.026
386500 0.002 0.972 0.000 0.026
387000 0.002 0.972 0.000 0.026
387500 0.002 0.972 0.000 0.026
388000 0.002 0.972 0.000 0.026
388500 0.002 0.972 0.000 0.026
389000 0.002 0.972 0.000 0.026
389500 0.002 0.972 0.000 0.026
390000 0.002 0.972 0.000 0.026
390500 0.002 0.972 0.000 0.026
391000 0.002 0.972 0.000 0.026
391500 0.002 0.972 0.000 0.026
392000 0.002 0.972 0.000 0.026
392500 0.002 0.972 0.000 0.026
393000 0.002 0.972 0.000 0.026
393500 0.002 0.972 0.000 0.026
394000 0.002 0.972 0.000 0.026
394500 0.002 0.972 0.000 0.026
395000 0.002 0.972 0.000 0.026
395500 0.002 0.972 0.000 0.026
396000 0.002 0.972 0.000 0.026
396500 0.002 0.972 0.000 0.026
397000 0.002 0.972 0.000 0.026
397500 0.002 0.972 0.000 0.026
398000 0.002 0.972 0.000 0.026
398500 0.002 0.972 0.000 0.026
399000 0.002 0.972 0.000 0.026
399500 0.002 0.972 0.000 0.026
400000 0.002 0.972 0.000 0.026
400500 0.002 0.972 0.000 0.026
401000 0.002 0.972 0.000 0.026
401500 0.002 0.972 0.000 0.026
402000 0.002 0.972 0.000 0.026
402500 0.002 0.972 0.000 0.026
403000 0.002 0.972 0.000 0.026
403500 0.002 0.972 0.000 0.026
404000 0.002 0.972 0.000 0.026
404500 0.002 0.972 0.000 0.026
405000 0.002 0.972 0.000 0.026
405500 0.002 0.972 0.000 0.026
406000 0.002 0.972 0.000 0.026
406500 0.002 0.972 0.000 0.026
407000 0.002 0.972 0.000 0.026
407500 0.002 0.972 0.000 0.026
408000 0.002 0.972 0.000 0.026
408500 0.002 0.972 0.000 0.026
409000 0.002 0.972 0.000 0.026
409500 0.002 0.972 0.000 0.026
410000 0.002 0.972 0.000 0.026
410500 0.002 0.972 0.000 0.026
411000 0.002 0.972 0.000 0.026
411500 0.002 0.972 0.000 0.026
412000 0.002 0.972 0.000 0.026
412500 0.002 0.972 0.000 0.026
413000 0.002 0.972 0.000 0.026
413500 0.002 0.972 0.000 0.026
414000 0.002 0.972 0.000 0.026
414500 0.002 0.972 0.000 0.026
415000 0.002 0.972 0.000 0.026
415500 0.002 0.972 0.000 0.026
416000 0.002 0.972 0.000 0.026
416500 0.002 0.972 0.000 0.026
417000 0.002 0.972 0.000 0.026
417500 0.002 0.972 0.000 0.026
418000 0.002 0.972 0.000 0.026
418500 0.002 0.972 0.000 0.026
419000 0.002 0.972 0.000 0.026
419500 0.002 0.972 0.000 0.026
420000 0.002 0.972 0.000 0.026
420500 0.002 0.972 0.000 0.026
421000 0.002 0.972 0.000 0.026
421500 0.002 0.972 0.000 0.026
422000 0.002 0.972 0.000 0.026
422500 0.002 0.972 0.000 0.026
423000 0.002 0.972 0.000 0.026
423500 0.002 0.972 0.000 0.026
424000 0.002 0.972 0.000 0.026
424500 0.002 0.972 0.000 0.026
425000 0.002 0.972 0.000 0.026
425500 0.002 0.972 0.000 0.026
426000 0.002 0.972 0.000 0.026
426500 0.002 0.972 0.000 0.026
427000 0.002 0.972 0.000 0.026
427500 0.002 0.972 0.000 0.026
428000 0.002 0.972 0.000 0.026
428500 0.002 0.972 0.000 0.026
429000 0.002 0.972 0.000 0.026
429500 0.002 0.972 0.000 0.026
430000 0.002 0.972 0.000 0.026
430500 0.002 0.972 0.000 0.026
431000 0.002 0.972 0.000 0.026
431500 0.002 0.972 0.000 0.026
432000 0.002 0.972 0.000 0.026
432500 0.002 0.972 0.000 0.026
433000 0.002 0.972 0.000 0.026
433500 0.002 0.972 0.000 0.026
434000 0.002 0.972 0.000 0.026
434500 0.002 0.972 0.000 0.026
435000 0.002 0.972 0.000 0.026
435500 0.002 0.972 0.000 0.026
436000 0.002 0.972 0.000 0.026
436500 0.002 0.972 0.000 0.026
437000 0.002 0.972 0.000 0.026
437500 0.002 0.972 0.000 0.026
438000 0.002 0.972 0.000 0.026
438500 0.002 0.972 0.000 0.026
439000 0.002 0.972 0.000 0.026
439500 0.002 0.972 0.000 0.026
440000 0.002 0.972 0.000 0.026
440500 0.002 0.972 0.000 0.026
441000 0.002 0.972 0.000 0.026
441500 0.002 0.972 0.000 0.026
442000 0.002 0.972 0.000 0.026
442500 0.002 0.972 0.000 0.026
443000 0.002 0.972 0.000 0.026
443500 0.002 0.972 0.000 0.026
444000 0.002 0.972 0.000 0.026
444500 0.002 0.972 0.000 0.026
445000 0.002 0.972 0.000 0.026
445500 0.002 0.972 0.000 0.026
446000 0.002 0.972 0.000 0.026
446500 0.002 0.972 0.000 0.026
447000 0.002 0.972 0.000 0.026
447500 0.002 0.972 0.000 0.026
448000 0.002 0.972 0.000 0.026
448500 0.002 0.972 0.000 0.026
449000 0.002 0.972 0.000 0.026
449500 0.002 0.972 0.000 0.026
450000 0.002 0.972 0.000 0.026
450500 0.002 0.972 0.000 0.026
451000 0.002 0.972 0.000 0.026
451500 0.002 0.972 0.000 0.026
452000 0.002 0.972 0.000 0.026
452500 0.002 0.972 0.000 0.026
453000 0.002 0.972 0.000 0.026
453500 0.002 0.972 0.000 0.026
454000 0.002 0.972 0.000 0.026
454500 0.002 0.972 0.000 0.026
455000 0.002 0.972 0.000 0.026
455500 0.002 0.972 0.000 0.026
456000 0.002 0.972 0.000 0.026
456500 0.002 0.972 0.000 0.026
457000 0.002 0.972 0.000 0.026
457500 0.002 0.972 0.000 0.026
458000 0.002 0.972 0.000 0.026
458500 0.002 0.972 0.000 0.026
459000 0.002 0.972 0.000 0.026
459500 0.002 0.972 0.000 0.026
460000 0.002 0.972 0.000 0.026
460500 0.002 0.972 0.000 0.026
461000 0.002 0.972 0.000 0.026
461500 0.002 0.972 0.000 0.026
462000 0.002 0.972 0.000 0.026
462500 0.002 0.972 0.000 0.026
463000 0.002 0.972 0.000 0.026
463500 0.002 0.972 0.000 0.026
464000 0.002 0.972 0.000 0.026
464500 0.002 0.972 0.000 0.026
465000 0.002 0.972 0.000 0.026
465500 0.002 0.972 0.000 0.026
466000 0.002 0.972 0.000 0.026
466500 0.002 0.972 0.000 0.026
467000 0.002 0.972 0.000 0.026
467500 0.002 0.972 0.000 0.026
468000 0.002 0.972 0.000 0.026
468500 0.002 0.972 0.000 0.026
469000 0.002 0.972 0.000 0.026
469500 0.002 0.972 0.000 0.026
470000 0.002 0.972 0.000 0.026
470500 0.002 0.972 0.000 0.026
471000 0.002 0.972 0.000 0.026
471500 0.002 0.972 0.000 0.026
472000 0.002 0.972 0.000 0.026
472500 0.002 0.972 0.000 0.026
473000 0.002 0.972 0.000 0.026
473500 0.002 0.972 0.000 0.026
474000 0.002 0.972 0.000 0.026
474500 0.002 0.972 0.000 0.026
475000 0.002 0.972 0.000 0.026
475500 0.002 0.972 0.000 0.026
476000 0.002 0.972 0.000 0.026
476500 0.002 0.972 0.000 0.026
477000 0.002 0.972 0.000 0.026
477500 0.002 0.972 0.000 0.026
478000 0.002 0.972 0.000 0.026
478500 0.002 0.972 0.000 0.026
479000 0.002 0.972 0.000 0.026
479500 0.002 0.972 0.000 0.026
480000 0.002 0.972 0.000 0.026
480500 0.002 0.972 0.000 0.026
481000 0.002 0.972 0.000 0.026
481500 0.002 0.972 0.000 0.026
482000 0.002 0.972 0.000 0.026
482500 0.002 0.972 0.000 0.026
483000 0.002 0.972 0.000 0.026
483500 0.002 0.972 0.000 0.026
484000 0.002 0.972 0.000 0.026
484500 0.002 0.972 0.000 0.026
485000 0.002 0.972 0.000 0.026
485500 0.002 0.972 0.000 0.026
486000 0.002 0.972 0.000 0.026
486500 0.002 0.972 0.000 0.026
487000 0.002 0.972 0.000 0.026
487500 0.002 0.972 0.000 0.026
488000 0.002 0.972 0.000 0.026
488500 0.002 0.972 0.000 0.026
489000 0.002 0.972 0.000 0.026
489500 0.002 0.972 0.000 0.026
490000 0.002 0.972 0.000 0.026
490500 0.002 0.972 0.000 0.026
491000 0.002 0.972 0.000 0.026
491500 0.002 0.972 0.000 0.026
492000 0.002 0.972 0.000 0.026
492500 0.002 0.972 0.000 0.026
493000 0.002 0.972 0.000 0.026
493500 0.002 0.972 0.000 0.026
494000 0.002 0.972 0.000 0.026
494500 0.002 0.972 0.000 0.026
495000 0.002 0.972 0.000 0.026
495500 0.002 0.972 0.000 0.026
496000 0.002 0.972 0.000 0.026
496500 0.002 0.972 0.000 0.026
497000 0.002 0.972 0.000 0.026
497500 0.002 0.972 0.000 0.026
498000 0.002 0.972 0.000 0.026
498500 0.002 0.972 0.000 0.026
499000 0.002 0.972 0.000 0.026
499500 0.002 0.972 0.000 0.026
500000 0.002 0.972 0.000 0.026
