000000 0.250 0.250 0.250 0.250
000500 0.044 0.619 0.000 0.337
001000 0.043 0.630 0.000 0.327
001500 0.043 0.640 0.000 0.317
002000 0.043 0.646 0.000 0.311
002500 0.042 0.652 0.000 0.305
003000 0.042 0.657 0.000 0.300
003500 0.042 0.663 0.000 0.295
004000 0.042 0.666 0.000 0.291
004500 0.043 0.670 0.000 0.288
005000 0.042 0.672 0.000 0.286
005500 0.042 0.675 0.000 0.283
006000 0.042 0.677 0.000 0.281
006500 0.042 0.681 0.000 0.276
007000 0.042 0.685 0.000 0.273
007500 0.042 0.689 0.000 0.269
008000 0.042 0.692 0.000 0.266
008500 0.042 0.694 0.000 0.264
009000 0.042 0.698 0.000 0.259
009500 0.042 0.701 0.000 0.257
010000 0.042 0.704 0.000 0.254
010500 0.042 0.706 0.000 0.251
011000 0.042 0.707 0.000 0.251
011500 0.042 0.709 0.000 0.248
012000 0.042 0.711 0.000 0.247
012500 0.042 0.712 0.000 0.245
013000 0.042 0.714 0.000 0.244
013500 0.042 0.717 0.000 0.241
014000 0.042 0.717 0.000 0.240
014500 0.042 0.720 0.000 0.237
015000 0.042 0.720 0.000 0.237
015500 0.042 0.722 0.000 0.236
016000 0.042 0.722 0.000 0.235
016500 0.042 0.724 0.000 0.234
017000 0.042 0.725 0.000 0.233
017500 0.042 0.726 0.000 0.231
018000 0.042 0.727 0.000 0.231
018500 0.042 0.728 0.000 0.230
019000 0.042 0.729 0.000 0.228
019500 0.042 0.731 0.000 0.226
020000 0.042 0.733 0.000 0.224
020500 0.042 0.735 0.000 0.222
021000 0.042 0.737 0.000 0.221
021500 0.042 0.738 0.000 0.220
022000 0.042 0.738 0.000 0.220
022500 0.042 0.739 0.000 0.219
023000 0.042 0.741 0.000 0.217
023500 0.042 0.742 0.000 0.216
024000 0.042 0.742 0.000 0.215
024500 0.042 0.744 0.000 0.214
025000 0.042 0.745 0.000 0.213
025500 0.042 0.745 0.000 0.213
026000 0.042 0.746 0.000 0.212
026500 0.042 0.746 0.000 0.212
027000 0.042 0.746 0.000 0.211
027500 0.042 0.746 0.000 0.211
028000 0.042 0.746 0.000 0.211
028500 0.042 0.746 0.000 0.211
029000 0.042 0.746 0.000 0.211
029500 0.042 0.746 0.000 0.211
030000 0.042 0.746 0.000 0.211
030500 0.042 0.746 0.000 0.211
031000 0.042 0.746 0.000 0.211
031500 0.042 0.746 0.000 0.211
032000 0.042 0.746 0.000 0.211
032500 0.042 0.746 0.000 0.211
033000 0.042 0.746 0.000 0.211
033500 0.042 0.746 0.000 0.211
034000 0.042 0.746 0.000 0.211
034500 0.042 0.746 0.000 0.211
035000 0.042 0.746 0.000 0.211
035500 0.042 0.746 0.000 0.211
036000 0.042 0.746 0.000 0.211
036500 0.042 0.746 0.000 0.211
037000 0.042 0.746 0.000 0.211
037500 0.042 0.746 0.000 0.211
038000 0.042 0.746 0.000 0.211
038500 0.042 0.746 0.000 0.211
039000 0.042 0.746 0.000 0.211
039500 0.042 0.746 0.000 0.211
040000 0.042 0.746 0.000 0.211
040500 0.042 0.746 0.000 0.211
041000 0.042 0.746 0.000 0.211
041500 0.042 0.746 0.000 0.211
042000 0.042 0.746 0.000 0.211
042500 0.042 0.746 0.000 0.211
043000 0.042 0.746 0.000 0.211
043500 0.042 0.746 0.000 0.211
044000 0.042 0.746 0.000 0.211
044500 0.042 0.746 0.000 0.211
045000 0.042 0.746 0.000 0.211
045500 0.042 0.746 0.000 0.211
046000 0.042 0.746 0.000 0.211
046500 0.042 0.746 0.000 0.211
047000 0.042 0.746 0.000 0.211
047500 0.042 0.746 0.000 0.211
048000 0.042 0.746 0.000 0.211
048500 0.042 0.746 0.000 0.211
049000 0.042 0.746 0.000 0.211
049500 0.042 0.746 0.000 0.211
050000 0.042 0.746 0.000 0.211
050500 0.042 0.746 0.000 0.211
051000 0.042 0.746 0.000 0.211
051500 0.042 0.746 0.000 0.211
052000 0.042 0.746 0.000 0.211
052500 0.042 0.746 0.000 0.211
053000 0.042 0.746 0.000 0.211
053500 0.042 0.746 0.000 0.211
054000 0.042 0.746 0.000 0.211
054500 0.042 0.746 0.000 0.211
055000 0.042 0.746 0.000 0.211
055500 0.042 0.746 0.000 0.211
056000 0.042 0.746 0.000 0.211
056500 0.042 0.746 0.000 0.211
057000 0.042 0.746 0.000 0.211
057500 0.042 0.746 0.000 0.211
058000 0.042 0.746 0.000 0.211
058500 0.042 0.746 0.000 0.211
059000 0.042 0.746 0.000 0.211
059500 0.042 0.746 0.000 0.211
060000 0.042 0.746 0.000 0.211
060500 0.042 0.746 0.000 0.211
061000 0.042 0.746 0.000 0.211
061500 0.042 0.746 0.000 0.211
062000 0.042 0.746 0.000 0.211
062500 0.042 0.746 0.000 0.211
063000 0.042 0.746 0.000 0.211
063500 0.042 0.746 0.000 0.211
064000 0.042 0.746 0.000 0.211
064500 0.042 0.746 0.000 0.211
065000 0.042 0.746 0.000 0.211
065500 0.042 0.746 0.000 0.211
066000 0.042 0.746 0.000 0.211
066500 0.042 0.746 0.000 0.211
067000 0.042 0.746 0.000 0.211
067500 0.042 0.746 0.000 0.211
068000 0.042 0.746 0.000 0.211
068500 0.042 0.746 0.000 0.211
069000 0.042 0.746 0.000 0.211
069500 0.042 0.746 0.000 0.211
070000 0.042 0.746 0.000 0.211
070500 0.042 0.746 0.000 0.211
071000 0.042 0.746 0.000 0.211
071500 0.042 0.746 0.000 0.211
072000 0.042 0.746 0.000 0.211
072500 0.042 0.746 0.000 0.211
073000 0.042 0.746 0.000 0.211
073500 0.042 0.746 0.000 0.211
074000 0.042 0.746 0.000 0.211
074500 0.042 0.746 0.000 0.211
075000 0.042 0.746 0.000 0.211
075500 0.042 0.746 0.000 0.211
076000 0.042 0.746 0.000 0.211
076500 0.042 0.746 0.000 0.211
077000 0.042 0.746 0.000 0.211
077500 0.042 0.746 0.000 0.211
078000 0.042 0.746 0.000 0.211
078500 0.042 0.746 0.000 0.211
079000 0.042 0.746 0.000 0.211
079500 0.042 0.746 0.000 0.211
080000 0.042 0.746 0.000 0.211
080500 0.042 0.746 0.000 0.211
081000 0.042 0.746 0.000 0.211
081500 0.042 0.746 0.000 0.211
082000 0.042 0.746 0.000 0.211
082500 0.042 0.746 0.000 0.211
083000 0.042 0.746 0.000 0.211
083500 0.042 0.746 0.000 0.211
084000 0.042 0.746 0.000 0.211
084500 0.042 0.746 0.000 0.211
085000 0.042 0.746 0.000 0.211
085500 0.042 0.746 0.000 0.211
086000 0.042 0.746 0.000 0.211
086500 0.042 0.746 0.000 0.211
087000 0.042 0.746 0.000 0.211
087500 0.042 0.746 0.000 0.211
088000 0.042 0.746 0.000 0.211
088500 0.042 0.746 0.000 0.211
089000 0.042 0.746 0.000 0.211
089500 0.042 0.746 0.000 0.211
090000 0.042 0.746 0.000 0.211
090500 0.042 0.746 0.000 0.211
091000 0.042 0.746 0.000 0.211
091500 0.042 0.746 0.000 0.211
092000 0.042 0.746 0.000 0.211
092500 0.042 0.746 0.000 0.211
093000 0.042 0.746 0.000 0.211
093500 0.042 0.746 0.000 0.211
094000 0.042 0.746 0.000 0.211
094500 0.042 0.746 0.000 0.211
095000 0.042 0.746 0.000 0.211
095500 0.042 0.746 0.000 0.211
096000 0.042 0.746 0.000 0.211
096500 0.042 0.746 0.000 0.211
097000 0.042 0.746 0.000 0.211
097500 0.042 0.746 0.000 0.211
098000 0.042 0.746 0.000 0.211
098500 0.042 0.746 0.000 0.211
099000 0.042 0.746 0.000 0.211
099500 0.042 0.746 0.000 0.211
100000 0.042 0.746 0.000 0.211
100500 0.042 0.746 0.000 0.211
101000 0.042 0.746 0.000 0.211
101500 0.042 0.746 0.000 0.211
102000 0.042 0.746 0.000 0.211
102500 0.042 0.746 0.000 0.211
103000 0.042 0.746 0.000 0.211
103500 0.042 0.746 0.000 0.211
104000 0.042 0.746 0.000 0.211
104500 0.042 0.746 0.000 0.211
105000 0.042 0.746 0.000 0.211
105500 0.042 0.746 0.000 0.211
106000 0.042 0.746 0.000 0.211
106500 0.042 0.746 0.000 0.211
107000 0.042 0.746 0.000 0.211
107500 0.042 0.746 0.000 0.211
108000 0.042 0.746 0.000 0.211
108500 0.042 0.746 0.000 0.211
109000 0.042 0.746 0.000 0.211
109500 0.042 0.746 0.000 0.211
110000 0.042 0.746 0.000 0.211
110500 0.042 0.746 0.000 0.211
111000 0.042 0.746 0.000 0.211
111500 0.042 0.746 0.000 0.211
112000 0.042 0.746 0.000 0.211
112500 0.042 0.746 0.000 0.211
113000 0.042 0.746 0.000 0.211
113500 0.042 0.746 0.000 0.211
114000 0.042 0.746 0.000 0.211
114500 0.042 0.746 0.000 0.211
115000 0.042 0.746 0.000 0.211
115500 0.042 0.746 0.000 0.211
116000 0.042 0.746 0.000 0.211
116500 0.042 0.746 0.000 0.211
117000 0.042 0.746 0.000 0.211
117500 0.042 0.746 0.000 0.211
118000 0.042 0.746 0.000 0.211
118500 0.042 0.746 0.000 0.211
119000 0.042 0.746 0.000 0.211
119500 0.042 0.746 0.000 0.211
120000 0.042 0.746 0.000 0.211
120500 0.042 0.746 0.000 0.211
121000 0.042 0.746 0.000 0.211
121500 0.042 0.746 0.000 0.211
122000 0.042 0.746 0.000 0.211
122500 0.042 0.746 0.000 0.211
123000 0.042 0.746 0.000 0.211
123500 0.042 0.746 0.000 0.211
124000 0.042 0.746 0.000 0.211
124500 0.042 0.746 0.000 0.211
125000 0.042 0.746 0.000 0.211
125500 0.042 0.746 0.000 0.211
126000 0.042 0.746 0.000 0.211
126500 0.042 0.746 0.000 0.211
127000 0.042 0.746 0.000 0.211
127500 0.042 0.746 0.000 0.211
128000 0.042 0.746 0.000 0.211
128500 0.042 0.746 0.000 0.211
129000 0.042 0.746 0.000 0.211
129500 0.042 0.746 0.000 0.211
130000 0.042 0.746 0.000 0.211
130500 0.042 0.746 0.000 0.211
131000 0.042 0.746 0.000 0.211
131500 0.042 0.746 0.000 0.211
132000 0.042 0.746 0.000 0.211
132500 0.042 0.746 0.000 0.211
133000 0.042 0.746 0.000 0.211
133500 0.042 0.746 0.000 0.211
134000 0.042 0.746 0.000 0.211
134500 0.042 0.746 0.000 0.211
135000 0.042 0.746 0.000 0.211
135500 0.042 0.746 0.000 0.211
136000 0.042 0.746 0.000 0.211
136500 0.042 0.746 0.000 0.211
137000 0.042 0.746 0.000 0.211
137500 0.042 0.746 0.000 0.211
138000 0.042 0.746 0.000 0.211
138500 0.042 0.746 0.000 0.211
139000 0.042 0.746 0.000 0.211
139500 0.042 0.746 0.000 0.211
140000 0.042 0.746 0.000 0.211
140500 0.042 0.746 0.000 0.211
141000 0.042 0.746 0.000 0.211
141500 0.042 0.746 0.000 0.211
142000 0.042 0.746 0.000 0.211
142500 0.042 0.746 0.000 0.211
143000 0.042 0.746 0.000 0.211
143500 0.042 0.746 0.000 0.211
144000 0.042 0.746 0.000 0.211
144500 0.042 0.746 0.000 0.211
145000 0.042 0.746 0.000 0.211
145500 0.042 0.746 0.000 0.211
146000 0.042 0.746 0.000 0.211
146500 0.042 0.746 0.000 0.211
147000 0.042 0.746 0.000 0.211
147500 0.042 0.746 0.000 0.211
148000 0.042 0.746 0.000 0.211
148500 0.042 0.746 0.000 0.211
149000 0.042 0.746 0.000 0.211
149500 0.042 0.746 0.000 0.211
150000 0.042 0.746 0.000 0.211
150500 0.042 0.746 0.000 0.211
151000 0.042 0.746 0.000 0.211
151500 0.042 0.746 0.000 0.211
152000 0.042 0.746 0.000 0.211
152500 0.042 0.746 0.000 0.211
153000 0.042 0.746 0.000 0.211
153500 0.042 0.746 0.000 0.211
154000 0.042 0.746 0.000 0.211
154500 0.042 0.746 0.000 0.211
155000 0.042 0.746 0.000 0.211
155500 0.042 0.746 0.000 0.211
156000 0.042 0.746 0.000 0.211
156500 0.042 0.746 0.000 0.211
157000 0.042 0.746 0.000 0.211
157500 0.042 0.746 0.000 0.211
158000 0.042 0.746 0.000 0.211
158500 0.042 0.746 0.000 0.211
159000 0.042 0.746 0.000 0.211
159500 0.042 0.746 0.000 0.211
160000 0.042 0.746 0.000 0.211
160500 0.042 0.746 0.000 0.211
161000 0.042 0.746 0.000 0.211
161500 0.042 0.746 0.000 0.211
162000 0.042 0.746 0.000 0.211
162500 0.042 0.746 0.000 0.211
163000 0.042 0.746 0.000 0.211
163500 0.042 0.746 0.000 0.211
164000 0.042 0.746 0.000 0.211
164500 0.042 0.746 0.000 0.211
165000 0.042 0.746 0.000 0.211
165500 0.042 0.746 0.000 0.211
166000 0.042 0.746 0.000 0.211
166500 0.042 0.746 0.000 0.211
167000 0.042 0.746 0.000 0.211
167500 0.042 0.746 0.000 0.211
168000 0.042 0.746 0.000 0.211
168500 0.042 0.746 0.000 0.211
169000 0.042 0.746 0.000 0.211
169500 0.042 0.746 0.000 0.211
170000 0.042 0.746 0.000 0.211
170500 0.042 0.746 0.000 0.211
171000 0.042 0.746 0.000 0.211
171500 0.042 0.746 0.000 0.211
172000 0.042 0.746 0.000 0.211
172500 0.042 0.746 0.000 0.211
173000 0.042 0.746 0.000 0.211
173500 0.042 0.746 0.000 0.211
174000 0.042 0.746 0.000 0.211
174500 0.042 0.746 0.000 0.211
175000 0.042 0.746 0.000 0.211
175500 0.042 0.746 0.000 0.211
176000 0.042 0.746 0.000 0.211
176500 0.042 0.746 0.000 0.211
177000 0.042 0.746 0.000 0.211
177500 0.042 0.746 0.000 0.211
178000 0.042 0.746 0.000 0.211
178500 0.042 0.746 0.000 0.211
179000 0.042 0.746 0.000 0.211
179500 0.042 0.746 0.000 0.211
180000 0.042 0.746 0.000 0.211
180500 0.042 0.746 0.000 0.211
181000 0.042 0.746 0.000 0.211
181500 0.042 0.746 0.000 0.211
182000 0.042 0.746 0.000 0.211
182500 0.042 0.746 0.000 0.211
183000 0.042 0.746 0.000 0.211
183500 0.042 0.746 0.000 0.211
184000 0.042 0.746 0.000 0.211
184500 0.042 0.746 0.000 0.211
185000 0.042 0.746 0.000 0.211
185500 0.042 0.746 0.000 0.211
186000 0.042 0.746 0.000 0.211
186500 0.042 0.746 0.000 0.211
187000 0.042 0.746 0.000 0.211
187500 0.042 0.746 0.000 0.211
188000 0.042 0.746 0.000 0.211
188500 0.042 0.746 0.000 0.211
189000 0.042 0.746 0.000 0.211
189500 0.042 0.746 0.000 0.211
190000 0.042 0.746 0.000 0.211
190500 0.042 0.746 0.000 0.211
191000 0.042 0.746 0.000 0.211
191500 0.042 0.746 0.000 0.211
192000 0.042 0.746 0.000 0.211
192500 0.042 0.746 0.000 0.211
193000 0.042 0.746 0.000 0.211
193500 0.042 0.746 0.000 0.211
194000 0.042 0.746 0.000 0.211
194500 0.042 0.746 0.000 0.211
195000 0.042 0.746 0.000 0.211
195500 0.042 0.746 0.000 0.211
196000 0.042 0.746 0.000 0.211
196500 0.042 0.746 0.000 0.211
197000 0.042 0.746 0.000 0.211
197500 0.042 0.746 0.000 0.211
198000 0.042 0.746 0.000 0.211
198500 0.042 0.746 0.000 0.211
199000 0.042 0.746 0.000 0.211
199500 0.042 0.746 0.000 0.211
200000 0.042 0.746 0.000 0.211
200500 0.042 0.746 0.000 0.211
201000 0.042 0.746 0.000 0.211
201500 0.042 0.746 0.000 0.211
202000 0.042 0.746 0.000 0.211
202500 0.042 0.746 0.000 0.211
203000 0.042 0.746 0.000 0.211
203500 0.042 0.746 0.000 0.211
204000 0.042 0.746 0.000 0.211
204500 0.042 0.746 0.000 0.211
205000 0.042 0.746 0.000 0.211
205500 0.042 0.746 0.000 0.211
206000 0.042 0.746 0.000 0.211
206500 0.042 0.746 0.000 0.211
207000 0.042 0.746 0.000 0.211
207500 0.042 0.746 0.000 0.211
208000 0.042 0.746 0.000 0.211
208500 0.042 0.746 0.000 0.211
209000 0.042 0.746 0.000 0.211
209500 0.042 0.746 0.000 0.211
210000 0.042 0.746 0.000 0.211
210500 0.042 0.746 0.000 0.211
211000 0.042 0.746 0.000 0.211
211500 0.042 0.746 0.000 0.211
212000 0.042 0.746 0.000 0.211
212500 0.042 0.746 0.000 0.211
213000 0.042 0.746 0.000 0.211
213500 0.042 0.746 0.000 0.211
214000 0.042 0.746 0.000 0.211
214500 0.042 0.746 0.000 0.211
215000 0.042 0.746 0.000 0.211
215500 0.042 0.746 0.000 0.211
216000 0.042 0.746 0.000 0.211
216500 0.042 0.746 0.000 0.211
217000 0.042 0.746 0.000 0.211
217500 0.042 0.746 0.000 0.211
218000 0.042 0.746 0.000 0.211
218500 0.042 0.746 0.000 0.211
219000 0.042 0.746 0.000 0.211
219500 0.042 0.746 0.000 0.211
220000 0.042 0.746 0.000 0.211
220500 0.042 0.746 0.000 0.211
221000 0.042 0.746 0.000 0.211
221500 0.042 0.746 0.000 0.211
222000 0.042 0.746 0.000 0.211
222500 0.042 0.746 0.000 0.211
223000 0.042 0.746 0.000 0.211
223500 0.042 0.746 0.000 0.211
224000 0.042 0.746 0.000 0.211
224500 0.042 0.746 0.000 0.211
225000 0.042 0.746 0.000 0.211
225500 0.042 0.746 0.000 0.211
226000 0.042 0.746 0.000 0.211
226500 0.042 0.746 0.000 0.211
227000 0.042 0.746 0.000 0.211
227500 0.042 0.746 0.000 0.211
228000 0.042 0.746 0.000 0.211
228500 0.042 0.746 0.000 0.211
229000 0.042 0.746 0.000 0.211
229500 0.042 0.746 0.000 0.211
230000 0.042 0.746 0.000 0.211
230500 0.042 0.746 0.000 0.211
231000 0.042 0.746 0.000 0.211
231500 0.042 0.746 0.000 0.211
232000 0.042 0.746 0.000 0.211
232500 0.042 0.746 0.000 0.211
233000 0.042 0.746 0.000 0.211
233500 0.042 0.746 0.000 0.211
234000 0.042 0.746 0.000 0.211
234500 0.042 0.746 0.000 0.211
235000 0.042 0.746 0.000 0.211
235500 0.042 0.746 0.000 0.211
236000 0.042 0.746 0.000 0.211
236500 0.042 0.746 0.000 0.211
237000 0.042 0.746 0.000 0.211
237500 0.042 0.746 0.000 0.211
238000 0.042 0.746 0.000 0.211
238500 0.042 0.746 0.000 0.211
239000 0.042 0.746 0.000 0.211
239500 0.042 0.746 0.000 0.211
240000 0.042 0.746 0.000 0.211
240500 0.042 0.746 0.000 0.211
241000 0.042 0.746 0.000 0.211
241500 0.042 0.746 0.000 0.211
242000 0.042 0.746 0.000 0.211
242500 0.042 0.746 0.000 0.211
243000 0.042 0.746 0.000 0.211
243500 0.042 0.746 0.000 0.211
244000 0.042 0.746 0.000 0.211
244500 0.042 0.746 0.000 0.211
245000 0.042 0.746 0.000 0.211
245500 0.042 0.746 0.000 0.211
246000 0.042 0.746 0.000 0.211
246500 0.042 0.746 0.000 0.211
247000 0.042 0.746 0.000 0.211
247500 0.042 0.746 0.000 0.211
248000 0.042 0.746 0.000 0.211
248500 0.042 0.746 0.000 0.211
249000 0.042 0.746 0.000 0.211
249500 0.042 0.746 0.000 0.211
250000 0.042 0.746 0.000 0.211
250500 0.042 0.746 0.000 0.211
251000 0.042 0.746 0.000 0.211
251500 0.042 0.746 0.000 0.211
252000 0.042 0.746 0.000 0.211
252500 0.042 0.746 0.000 0.211
253000 0.042 0.746 0.000 0.211
253500 0.042 0.746 0.000 0.211
254000 0.042 0.746 0.000 0.211
254500 0.042 0.746 0.000 0.211
255000 0.042 0.746 0.000 0.211
255500 0.042 0.746 0.000 0.211
256000 0.042 0.746 0.000 0.211
256500 0.042 0.746 0.000 0.211
257000 0.042 0.746 0.000 0.211
257500 0.042 0.746 0.000 0.211
258000 0.042 0.746 0.000 0.211
258500 0.042 0.746 0.000 0.211
259000 0.042 0.746 0.000 0.211
259500 0.042 0.746 0.000 0.211
260000 0.042 0.746 0.000 0.211
260500 0.042 0.746 0.000 0.211
261000 0.042 0.746 0.000 0.211
261500 0.042 0.746 0.000 0.211
262000 0.042 0.746 0.000 0.211
262500 0.042 0.746 0.000 0.211
263000 0.042 0.746 0.000 0.211
263500 0.042 0.746 0.000 0.211
264000 0.042 0.746 0.000 0.211
264500 0.042 0.746 0.000 0.211
265000 0.042 0.746 0.000 0.211
265500 0.042 0.746 0.000 0.211
266000 0.042 0.746 0.000 0.211
266500 0.042 0.746 0.000 0.211
267000 0.042 0.746 0.000 0.211
267500 0.042 0.746 0.000 0.211
268000 0.042 0.746 0.000 0.211
268500 0.042 0.746 0.000 0.211
269000 0.042 0.746 0.000 0.211
269500 0.042 0.746 0.000 0.211
270000 0.042 0.746 0.000 0.211
270500 0.042 0.746 0.000 0.211
271000 0.042 0.746 0.000 0.211
271500 0.042 0.746 0.000 0.211
272000 0.042 0.746 0.000 0.211
272500 0.042 0.746 0.000 0.211
273000 0.042 0.746 0.000 0.211
273500 0.042 0.746 0.000 0.211
274000 0.042 0.746 0.000 0.211
274500 0.042 0.746 0.000 0.211
275000 0.042 0.746 0.000 0.211
275500 0.042 0.746 0.000 0.211
276000 0.042 0.746 0.000 0.211
276500 0.042 0.746 0.000 0.211
277000 0.042 0.746 0.000 0.211
277500 0.042 0.746 0.000 0.211
278000 0.042 0.746 0.000 0.211
278500 0.042 0.746 0.000 0.211
279000 0.042 0.746 0.000 0.211
279500 0.042 0.746 0.000 0.211
280000 0.042 0.746 0.000 0.211
280500 0.042 0.746 0.000 0.211
281000 0.042 0.746 0.000 0.211
281500 0.042 0.746 0.000 0.211
282000 0.042 0.746 0.000 0.211
282500 0.042 0.746 0.000 0.211
283000 0.042 0.746 0.000 0.211
283500 0.042 0.746 0.000 0.211
284000 0.042 0.746 0.000 0.211
284500 0.042 0.746 0.000 0.211
285000 0.042 0.746 0.000 0.211
285500 0.042 0.746 0.000 0.211
286000 0.042 0.746 0.000 0.211
286500 0.042 0.746 0.000 0.211
287000 0.042 0.746 0.000 0.211
287500 0.042 0.746 0.000 0.211
288000 0.042 0.746 0.000 0.211
288500 0.042 0.746 0.000 0.211
289000 0.042 0.746 0.000 0.211
289500 0.042 0.746 0.000 0.211
290000 0.042 0.746 0.000 0.211
290500 0.042 0.746 0.000 0.211
291000 0.042 0.746 0.000 0.211
291500 0.042 0.746 0.000 0.211
292000 0.042 0.746 0.000 0.211
292500 0.042 0.746 0.000 0.211
293000 0.042 0.746 0.000 0.211
293500 0.042 0.746 0.000 0.211
294000 0.042 0.746 0.000 0.211
294500 0.042 0.746 0.000 0.211
295000 0.042 0.746 0.000 0.211
295500 0.042 0.746 0.000 0.211
296000 0.042 0.746 0.000 0.211
296500 0.042 0.746 0.000 0.211
297000 0.042 0.746 0.000 0.211
297500 0.042 0.746 0.000 0.211
298000 0.042 0.746 0.000 0.211
298500 0.042 0.746 0.000 0.211
299000 0.042 0.746 0.000 0.211
299500 0.042 0.746 0.000 0.211
300000 0.042 0.746 0.000 0.211
300500 0.042 0.746 0.000 0.211
301000 0.042 0.746 0.000 0.211
301500 0.042 0.746 0.000 0.211
302000 0.042 0.746 0.000 0.211
302500 0.042 0.746 0.000 0.211
303000 0.042 0.746 0.000 0.211
303500 0.042 0.746 0.000 0.211
304000 0.042 0.746 0.000 0.211
304500 0.042 0.746 0.000 0.211
305000 0.042 0.746 0.000 0.211
305500 0.042 0.746 0.000 0.211
306000 0.042 0.746 0.000 0.211
306500 0.042 0.746 0.000 0.211
307000 0.042 0.746 0.000 0.211
307500 0.042 0.746 0.000 0.211
308000 0.042 0.746 0.000 0.211
308500 0.042 0.746 0.000 0.211
309000 0.042 0.746 0.000 0.211
309500 0.042 0.746 0.000 0.211
310000 0.042 0.746 0.000 0.211
310500 0.042 0.746 0.000 0.211
311000 0.042 0.746 0.000 0.211
311500 0.042 0.746 0.000 0.211
312000 0.042 0.746 0.000 0.211
312500 0.042 0.746 0.000 0.211
313000 0.042 0.746 0.000 0.211
313500 0.042 0.746 0.000 0.211
314000 0.042 0.746 0.000 0.211
314500 0.042 0.746 0.000 0.211
315000 0.042 0.746 0.000 0.211
315500 0.042 0.746 0.000 0.211
316000 0.042 0.746 0.000 0.211
316500 0.042 0.746 0.000 0.211
317000 0.042 0.746 0.000 0.211
317500 0.042 0.746 0.000 0.211
318000 0.042 0.746 0.000 0.211
318500 0.042 0.746 0.000 0.211
319000 0.042 0.746 0.000 0.211
319500 0.042 0.746 0.000 0.211
320000 0.042 0.746 0.000 0.211
320500 0.042 0.746 0.000 0.211
321000 0.042 0.746 0.000 0.211
321500 0.042 0.746 0.000 0.211
322000 0.042 0.746 0.000 0.211
322500 0.042 0.746 0.000 0.211
323000 0.042 0.746 0.000 0.211
323500 0.042 0.746 0.000 0.211
324000 0.042 0.746 0.000 0.211
324500 0.042 0.746 0.000 0.211
325000 0.042 0.746 0.000 0.211
325500 0.042 0.746 0.000 0.211
326000 0.042 0.746 0.000 0.211
326500 0.042 0.746 0.000 0.211
327000 0.042 0.746 0.000 0.211
327500 0.042 0.746 0.000 0.211
328000 0.042 0.746 0.000 0.211
328500 0.042 0.746 0.000 0.211
329000 0.042 0.746 0.000 0.211
329500 0.042 0.746 0.000 0.211
330000 0.042 0.746 0.000 0.211
330500 0.042 0.746 0.000 0.211
331000 0.042 0.746 0.000 0.211
331500 0.042 0.746 0.000 0.211
332000 0.042 0.746 0.000 0.211
332500 0.042 0.746 0.000 0.211
333000 0.042 0.746 0.000 0.211
333500 0.042 0.746 0.000 0.211
334000 0.042 0.746 0.000 0.211
334500 0.042 0.746 0.000 0.211
335000 0.042 0.746 0.000 0.211
335500 0.042 0.746 0.000 0.211
336000 0.042 0.746 0.000 0.211
336500 0.042 0.746 0.000 0.211
337000 0.042 0.746 0.000 0.211
337500 0.042 0.746 0.000 0.211
338000 0.042 0.746 0.000 0.211
338500 0.042 0.746 0.000 0.211
339000 0.042 0.746 0.000 0.211
339500 0.042 0.746 0.000 0.211
340000 0.042 0.746 0.000 0.211
340500 0.042 0.746 0.000 0.211
341000 0.042 0.746 0.000 0.211
341500 0.042 0.746 0.000 0.211
342000 0.042 0.746 0.000 0.211
342500 0.042 0.746 0.000 0.211
343000 0.042 0.746 0.000 0.211
343500 0.042 0.746 0.000 0.211
344000 0.042 0.746 0.000 0.211
344500 0.042 0.746 0.000 0.211
345000 0.042 0.746 0.000 0.211
345500 0.042 0.746 0.000 0.211
346000 0.042 0.746 0.000 0.211
346500 0.042 0.746 0.000 0.211
347000 0.042 0.746 0.000 0.211
347500 0.042 0.746 0.000 0.211
348000 0.042 0.746 0.000 0.211
348500 0.042 0.746 0.000 0.211
349000 0.042 0.746 0.000 0.211
349500 0.042 0.746 0.000 0.211
350000 0.042 0.746 0.000 0.211
350500 0.042 0.746 0.000 0.211
351000 0.042 0.746 0.000 0.211
351500 0.042 0.746 0.000 0.211
352000 0.042 0.746 0.000 0.211
352500 0.042 0.746 0.000 0.211
353000 0.042 0.746 0.000 0.211
353500 0.042 0.746 0.000 0.211
354000 0.042 0.746 0.000 0.211
354500 0.042 0.746 0.000 0.211
355000 0.042 0.746 0.000 0.211
355500 0.042 0.746 0.000 0.211
356000 0.042 0.746 0.000 0.211
356500 0.042 0.746 0.000 0.211
357000 0.042 0.746 0.000 0.211
357500 0.042 0.746 0.000 0.211
358000 0.042 0.746 0.000 0.211
358500 0.042 0.746 0.000 0.211
359000 0.042 0.746 0.000 0.211
359500 0.042 0.746 0.000 0.211
360000 0.042 0.746 0.000 0.211
360500 0.042 0.746 0.000 0.211
361000 0.042 0.746 0.000 0.211
361500 0.042 0.746 0.000 0.211
362000 0.042 0.746 0.000 0.211
362500 0.042 0.746 0.000 0.211
363000 0.042 0.746 0.000 0.211
363500 0.042 0.746 0.000 0.211
364000 0.042 0.746 0.000 0.211
364500 0.042 0.746 0.000 0.211
365000 0.042 0.746 0.000 0.211
365500 0.042 0.746 0.000 0.211
366000 0.042 0.746 0.000 0.211
366500 0.042 0.746 0.000 0.211
367000 0.042 0.746 0.000 0.211
367500 0.042 0.746 0.000 0.211
368000 0.042 0.746 0.000 0.211
368500 0.042 0.746 0.000 0.211
369000 0.042 0.746 0.000 0.211
369500 0.042 0.746 0.000 0.211
370000 0.042 0.746 0.000 0.211
370500 0.042 0.746 0.000 0.211
371000 0.042 0.746 0.000 0.211
371500 0.042 0.746 0.000 0.211
372000 0.042 0.746 0.000 0.211
372500 0.042 0.746 0.000 0.211
373000 0.042 0.746 0.000 0.211
373500 0.042 0.746 0.000 0.211
374000 0.042 0.746 0.000 0.211
374500 0.042 0.746 0.000 0.211
375000 0.042 0.746 0.000 0.211
375500 0.042 0.746 0.000 0.211
376000 0.042 0.746 0.000 0.211
376500 0.042 0.746 0.000 0.211
377000 0.042 0.746 0.000 0.211
377500 0.042 0.746 0.000 0.211
378000 0.042 0.746 0.000 0.211
378500 0.042 0.746 0.000 0.211
379000 0.042 0.746 0.000 0.211
379500 0.042 0.746 0.000 0.211
380000 0.042 0.746 0.000 0.211
380500 0.042 0.746 0.000 0.211
381000 0.042 0.746 0.000 0.211
381500 0.042 0.746 0.000 0.211
382000 0.042 0.746 0.000 0.211
382500 0.042 0.746 0.000 0.211
383000 0.042 0.746 0.000 0.211
383500 0.042 0.746 0.000 0.211
384000 0.042 0.746 0.000 0.211
384500 0.042 0.746 0.000 0.211
385000 0.042 0.746 0.000 0.211
385500 0.042 0.746 0.000 0.211
386000 0.042 0.746 0.000 0.211
386500 0.042 0.746 0.000 0.211
387000 0.042 0.746 0.000 0.211
387500 0.042 0.746 0.000 0.211
388000 0.042 0.746 0.000 0.211
388500 0.042 0.746 0.000 0.211
389000 0.042 0.746 0.000 0.211
389500 0.042 0.746 0.000 0.211
390000 0.042 0.746 0.000 0.211
390500 0.042 0.746 0.000 0.211
391000 0.042 0.746 0.000 0.211
391500 0.042 0.746 0.000 0.211
392000 0.042 0.746 0.000 0.211
392500 0.042 0.746 0.000 0.211
393000 0.042 0.746 0.000 0.211
393500 0.042 0.746 0.000 0.211
394000 0.042 0.746 0.000 0.211
394500 0.042 0.746 0.000 0.211
395000 0.042 0.746 0.000 0.211
395500 0.042 0.746 0.000 0.211
396000 0.042 0.746 0.000 0.211
396500 0.042 0.746 0.000 0.211
397000 0.042 0.746 0.000 0.211
397500 0.042 0.746 0.000 0.211
398000 0.042 0.746 0.000 0.211
398500 0.042 0.746 0.000 0.211
399000 0.042 0.746 0.000 0.211
399500 0.042 0.746 0.000 0.211
400000 0.042 0.746 0.000 0.211
400500 0.042 0.746 0.000 0.211
401000 0.042 0.746 0.000 0.211
401500 0.042 0.746 0.000 0.211
402000 0.042 0.746 0.000 0.211
402500 0.042 0.746 0.000 0.211
403000 0.042 0.746 0.000 0.211
403500 0.042 0.746 0.000 0.211
404000 0.042 0.746 0.000 0.211
404500 0.042 0.746 0.000 0.211
405000 0.042 0.746 0.000 0.211
405500 0.042 0.746 0.000 0.211
406000 0.042 0.746 0.000 0.211
406500 0.042 0.746 0.000 0.211
407000 0.042 0.746 0.000 0.211
407500 0.042 0.746 0.000 0.211
408000 0.042 0.746 0.000 0.211
408500 0.042 0.746 0.000 0.211
409000 0.042 0.746 0.000 0.211
409500 0.042 0.746 0.000 0.211
410000 0.042 0.746 0.000 0.211
410500 0.042 0.746 0.000 0.211
411000 0.042 0.746 0.000 0.211
411500 0.042 0.746 0.000 0.211
412000 0.042 0.746 0.000 0.211
412500 0.042 0.746 0.000 0.211
413000 0.042 0.746 0.000 0.211
413500 0.042 0.746 0.000 0.211
414000 0.042 0.746 0.000 0.211
414500 0.042 0.746 0.000 0.211
415000 0.042 0.746 0.000 0.211
415500 0.042 0.746 0.000 0.211
416000 0.042 0.746 0.000 0.211
416500 0.042 0.746 0.000 0.211
417000 0.042 0.746 0.000 0.211
417500 0.042 0.746 0.000 0.211
418000 0.042 0.746 0.000 0.211
418500 0.042 0.746 0.000 0.211
419000 0.042 0.746 0.000 0.211
419500 0.042 0.746 0.000 0.211
420000 0.042 0.746 0.000 0.211
420500 0.042 0.746 0.000 0.211
421000 0.042 0.746 0.000 0.211
421500 0.042 0.746 0.000 0.211
422000 0.042 0.746 0.000 0.211
422500 0.042 0.746 0.000 0.211
423000 0.042 0.746 0.000 0.211
423500 0.042 0.746 0.000 0.211
424000 0.042 0.746 0.000 0.211
424500 0.042 0.746 0.000 0.211
425000 0.042 0.746 0.000 0.211
425500 0.042 0.746 0.000 0.211
426000 0.042 0.746 0.000 0.211
426500 0.042 0.746 0.000 0.211
427000 0.042 0.746 0.000 0.211
427500 0.042 0.746 0.000 0.211
428000 0.042 0.746 0.000 0.211
428500 0.042 0.746 0.000 0.211
429000 0.042 0.746 0.000 0.211
429500 0.042 0.746 0.000 0.211
430000 0.042 0.746 0.000 0.211
430500 0.042 0.746 0.000 0.211
431000 0.042 0.746 0.000 0.211
431500 0.042 0.746 0.000 0.211
432000 0.042 0.746 0.000 0.211
432500 0.042 0.746 0.000 0.211
433000 0.042 0.746 0.000 0.211
433500 0.042 0.746 0.000 0.211
434000 0.042 0.746 0.000 0.211
434500 0.042 0.746 0.000 0.211
435000 0.042 0.746 0.000 0.211
435500 0.042 0.746 0.000 0.211
436000 0.042 0.746 0.000 0.211
436500 0.042 0.746 0.000 0.211
437000 0.042 0.746 0.000 0.211
437500 0.042 0.746 0.000 0.211
438000 0.042 0.746 0.000 0.211
438500 0.042 0.746 0.000 0.211
439000 0.042 0.746 0.000 0.211
439500 0.042 0.746 0.000 0.211
440000 0.042 0.746 0.000 0.211
440500 0.042 0.746 0.000 0.211
441000 0.042 0.746 0.000 0.211
441500 0.042 0.746 0.000 0.211
442000 0.042 0.746 0.000 0.211
442500 0.042 0.746 0.000 0.211
443000 0.042 0.746 0.000 0.211
443500 0.042 0.746 0.000 0.211
444000 0.042 0.746 0.000 0.211
444500 0.042 0.746 0.000 0.211
445000 0.042 0.746 0.000 0.211
445500 0.042 0.746 0.000 0.211
446000 0.042 0.746 0.000 0.211
446500 0.042 0.746 0.000 0.211
447000 0.042 0.746 0.000 0.211
447500 0.042 0.746 0.000 0.211
448000 0.042 0.746 0.000 0.211
448500 0.042 0.746 0.000 0.211
449000 0.042 0.746 0.000 0.211
449500 0.042 0.746 0.000 0.211
450000 0.042 0.746 0.000 0.211
450500 0.042 0.746 0.000 0.211
451000 0.042 0.746 0.000 0.211
451500 0.042 0.746 0.000 0.211
452000 0.042 0.746 0.000 0.211
452500 0.042 0.746 0.000 0.211
453000 0.042 0.746 0.000 0.211
453500 0.042 0.746 0.000 0.211
454000 0.042 0.746 0.000 0.211
454500 0.042 0.746 0.000 0.211
455000 0.042 0.746 0.000 0.211
455500 0.042 0.746 0.000 0.211
456000 0.042 0.746 0.000 0.211
456500 0.042 0.746 0.000 0.211
457000 0.042 0.746 0.000 0.211
457500 0.042 0.746 0.000 0.211
458000 0.042 0.746 0.000 0.211
458500 0.042 0.746 0.000 0.211
459000 0.042 0.746 0.000 0.211
459500 0.042 0.746 0.000 0.211
460000 0.042 0.746 0.000 0.211
460500 0.042 0.746 0.000 0.211
461000 0.042 0.746 0.000 0.211
461500 0.042 0.746 0.000 0.211
462000 0.042 0.746 0.000 0.211
462500 0.042 0.746 0.000 0.211
463000 0.042 0.746 0.000 0.211
463500 0.042 0.746 0.000 0.211
464000 0.042 0.746 0.000 0.211
464500 0.042 0.746 0.000 0.211
465000 0.042 0.746 0.000 0.211
465500 0.042 0.746 0.000 0.211
466000 0.042 0.746 0.000 0.211
466500 0.042 0.746 0.000 0.211
467000 0.042 0.746 0.000 0.211
467500 0.042 0.746 0.000 0.211
468000 0.042 0.746 0.000 0.211
468500 0.042 0.746 0.000 0.211
469000 0.042 0.746 0.000 0.211
469500 0.042 0.746 0.000 0.211
470000 0.042 0.746 0.000 0.211
470500 0.042 0.746 0.000 0.211
471000 0.042 0.746 0.000 0.211
471500 0.042 0.746 0.000 0.211
472000 0.042 0.746 0.000 0.211
472500 0.042 0.746 0.000 0.211
473000 0.042 0.746 0.000 0.211
473500 0.042 0.746 0.000 0.211
474000 0.042 0.746 0.000 0.211
474500 0.042 0.746 0.000 0.211
475000 0.042 0.746 0.000 0.211
475500 0.042 0.746 0.000 0.211
476000 0.042 0.746 0.000 0.211
476500 0.042 0.746 0.000 0.211
477000 0.042 0.746 0.000 0.211
477500 0.042 0.746 0.000 0.211
478000 0.042 0.746 0.000 0.211
478500 0.042 0.746 0.000 0.211
479000 0.042 0.746 0.000 0.211
479500 0.042 0.746 0.000 0.211
480000 0.042 0.746 0.000 0.211
480500 0.042 0.746 0.000 0.211
481000 0.042 0.746 0.000 0.211
481500 0.042 0.746 0.000 0.211
482000 0.042 0.746 0.000 0.211
482500 0.042 0.746 0.000 0.211
483000 0.042 0.746 0.000 0.211
483500 0.042 0.746 0.000 0.211
484000 0.042 0.746 0.000 0.211
484500 0.042 0.746 0.000 0.211
485000 0.042 0.746 0.000 0.211
485500 0.042 0.746 0.000 0.211
486000 0.042 0.746 0.000 0.211
486500 0.042 0.746 0.000 0.211
487000 0.042 0.746 0.000 0.211
487500 0.042 0.746 0.000 0.211
488000 0.042 0.746 0.000 0.211
488500 0.042 0.746 0.000 0.211
489000 0.042 0.746 0.000 0.211
489500 0.042 0.746 0.000 0.211
490000 0.042 0.746 0.000 0.211
490500 0.042 0.746 0.000 0.211
491000 0.042 0.746 0.000 0.211
491500 0.042 0.746 0.000 0.211
492000 0.042 0.746 0.000 0.211
492500 0.042 0.746 0.000 0.211
493000 0.042 0.746 0.000 0.211
493500 0.042 0.746 0.000 0.211
494000 0.042 0.746 0.000 0.211
494500 0.042 0.746 0.000 0.211
495000 0.042 0.746 0.000 0.211
495500 0.042 0.746 0.000 0.211
496000 0.042 0.746 0.000 0.211
496500 0.042 0.746 0.000 0.211
497000 0.042 0.746 0.000 0.211
497500 0.042 0.746 0.000 0.211
498000 0.042 0.746 0.000 0.211
498500 0.042 0.746 0.000 0.211
499000 0.042 0.746 0.000 0.211
499500 0.042 0.746 0.000 0.211
500000 0.042 0.746 0.000 0.211
