000000 0.250 0.250 0.250 0.250
000500 0.045 0.659 0.000 0.297
001000 0.039 0.675 0.000 0.286
001500 0.036 0.688 0.000 0.276
002000 0.035 0.699 0.000 0.266
002500 0.033 0.712 0.000 0.255
003000 0.033 0.718 0.000 0.249
003500 0.034 0.726 0.000 0.240
004000 0.033 0.733 0.000 0.235
004500 0.030 0.739 0.000 0.230
005000 0.032 0.741 0.000 0.227
005500 0.031 0.748 0.000 0.221
006000 0.030 0.752 0.000 0.218
006500 0.030 0.755 0.000 0.215
007000 0.030 0.759 0.000 0.211
007500 0.031 0.761 0.000 0.208
008000 0.031 0.765 0.000 0.205
008500 0.030 0.768 0.000 0.202
009000 0.029 0.771 0.000 0.200
009500 0.029 0.777 0.000 0.194
010000 0.029 0.782 0.000 0.189
010500 0.028 0.785 0.000 0.186
011000 0.029 0.788 0.000 0.184
011500 0.029 0.790 0.000 0.181
012000 0.029 0.793 0.000 0.178
012500 0.029 0.796 0.000 0.175
013000 0.029 0.797 0.000 0.174
013500 0.029 0.799 0.000 0.172
014000 0.028 0.802 0.000 0.170
014500 0.029 0.803 0.000 0.168
015000 0.028 0.806 0.000 0.166
015500 0.028 0.808 0.000 0.165
016000 0.027 0.810 0.000 0.163
016500 0.027 0.812 0.000 0.161
017000 0.027 0.813 0.000 0.160
017500 0.028 0.814 0.000 0.159
018000 0.028 0.815 0.000 0.158
018500 0.027 0.817 0.000 0.156
019000 0.027 0.818 0.000 0.155
019500 0.027 0.819 0.000 0.154
020000 0.027 0.820 0.000 0.153
020500 0.027 0.822 0.000 0.151
021000 0.027 0.822 0.000 0.151
021500 0.027 0.823 0.000 0.150
022000 0.027 0.824 0.000 0.149
022500 0.027 0.825 0.000 0.148
023000 0.027 0.827 0.000 0.146
023500 0.027 0.828 0.000 0.145
024000 0.027 0.828 0.000 0.145
024500 0.027 0.829 0.000 0.144
025000 0.027 0.830 0.000 0.143
025500 0.027 0.831 0.000 0.141
026000 0.027 0.833 0.000 0.140
026500 0.026 0.834 0.000 0.140
027000 0.026 0.834 0.000 0.140
027500 0.026 0.834 0.000 0.140
028000 0.026 0.834 0.000 0.140
028500 0.026 0.834 0.000 0.140
029000 0.026 0.834 0.000 0.140
029500 0.026 0.834 0.000 0.140
030000 0.026 0.834 0.000 0.140
030500 0.026 0.834 0.000 0.140
031000 0.026 0.834 0.000 0.140
031500 0.026 0.834 0.000 0.140
032000 0.026 0.834 0.000 0.140
032500 0.026 0.834 0.000 0.140
033000 0.026 0.834 0.000 0.140
033500 0.026 0.834 0.000 0.140
034000 0.026 0.834 0.000 0.140
034500 0.026 0.834 0.000 0.140
035000 0.026 0.834 0.000 0.140
035500 0.026 0.834 0.000 0.140
036000 0.026 0.834 0.000 0.140
036500 0.026 0.834 0.000 0.140
037000 0.026 0.834 0.000 0.140
037500 0.026 0.834 0.000 0.140
038000 0.026 0.834 0.000 0.140
038500 0.026 0.834 0.000 0.140
039000 0.026 0.834 0.000 0.140
039500 0.026 0.834 0.000 0.140
040000 0.026 0.834 0.000 0.140
040500 0.026 0.834 0.000 0.140
041000 0.026 0.834 0.000 0.140
041500 0.026 0.834 0.000 0.140
042000 0.026 0.834 0.000 0.140
042500 0.026 0.834 0.000 0.140
043000 0.026 0.834 0.000 0.140
043500 0.026 0.834 0.000 0.140
044000 0.026 0.834 0.000 0.140
044500 0.026 0.834 0.000 0.140
045000 0.026 0.834 0.000 0.140
045500 0.026 0.834 0.000 0.140
046000 0.026 0.834 0.000 0.140
046500 0.026 0.834 0.000 0.140
047000 0.026 0.834 0.000 0.140
047500 0.026 0.834 0.000 0.140
048000 0.026 0.834 0.000 0.140
048500 0.026 0.834 0.000 0.140
049000 0.026 0.834 0.000 0.140
049500 0.026 0.834 0.000 0.140
050000 0.026 0.834 0.000 0.140
050500 0.026 0.834 0.000 0.140
051000 0.026 0.834 0.000 0.140
051500 0.026 0.834 0.000 0.140
052000 0.026 0.834 0.000 0.140
052500 0.026 0.834 0.000 0.140
053000 0.026 0.834 0.000 0.140
053500 0.026 0.834 0.000 0.140
054000 0.026 0.834 0.000 0.140
054500 0.026 0.834 0.000 0.140
055000 0.026 0.834 0.000 0.140
055500 0.026 0.834 0.000 0.140
056000 0.026 0.834 0.000 0.140
056500 0.026 0.834 0.000 0.140
057000 0.026 0.834 0.000 0.140
057500 0.026 0.834 0.000 0.140
058000 0.026 0.834 0.000 0.140
058500 0.026 0.834 0.000 0.140
059000 0.026 0.834 0.000 0.140
059500 0.026 0.834 0.000 0.140
060000 0.026 0.834 0.000 0.140
060500 0.026 0.834 0.000 0.140
061000 0.026 0.834 0.000 0.140
061500 0.026 0.834 0.000 0.140
062000 0.026 0.834 0.000 0.140
062500 0.026 0.834 0.000 0.140
063000 0.026 0.834 0.000 0.140
063500 0.026 0.834 0.000 0.140
064000 0.026 0.834 0.000 0.140
064500 0.026 0.834 0.000 0.140
065000 0.026 0.834 0.000 0.140
065500 0.026 0.834 0.000 0.140
066000 0.026 0.834 0.000 0.140
066500 0.026 0.834 0.000 0.140
067000 0.026 0.834 0.000 0.140
067500 0.026 0.834 0.000 0.140
068000 0.026 0.834 0.000 0.140
068500 0.026 0.834 0.000 0.140
069000 0.026 0.834 0.000 0.140
069500 0.026 0.834 0.000 0.140
070000 0.026 0.834 0.000 0.140
070500 0.026 0.834 0.000 0.140
071000 0.026 0.834 0.000 0.140
071500 0.026 0.834 0.000 0.140
072000 0.026 0.834 0.000 0.140
072500 0.026 0.834 0.000 0.140
073000 0.026 0.834 0.000 0.140
073500 0.026 0.834 0.000 0.140
074000 0.026 0.834 0.000 0.140
074500 0.026 0.834 0.000 0.140
075000 0.026 0.834 0.000 0.140
075500 0.026 0.834 0.000 0.140
076000 0.026 0.834 0.000 0.140
076500 0.026 0.834 0.000 0.140
077000 0.026 0.834 0.000 0.140
077500 0.026 0.834 0.000 0.140
078000 0.026 0.834 0.000 0.140
078500 0.026 0.834 0.000 0.140
079000 0.026 0.834 0.000 0.140
079500 0.026 0.834 0.000 0.140
080000 0.026 0.834 0.000 0.140
080500 0.026 0.834 0.000 0.140
081000 0.026 0.834 0.000 0.140
081500 0.026 0.834 0.000 0.140
082000 0.026 0.834 0.000 0.140
082500 0.026 0.834 0.000 0.140
083000 0.026 0.834 0.000 0.140
083500 0.026 0.834 0.000 0.140
084000 0.026 0.834 0.000 0.140
084500 0.026 0.834 0.000 0.140
085000 0.026 0.834 0.000 0.140
085500 0.026 0.834 0.000 0.140
086000 0.026 0.834 0.000 0.140
086500 0.026 0.834 0.000 0.140
087000 0.026 0.834 0.000 0.140
087500 0.026 0.834 0.000 0.140
088000 0.026 0.834 0.000 0.140
088500 0.026 0.834 0.000 0.140
089000 0.026 0.834 0.000 0.140
089500 0.026 0.834 0.000 0.140
090000 0.026 0.834 0.000 0.140
090500 0.026 0.834 0.000 0.140
091000 0.026 0.834 0.000 0.140
091500 0.026 0.834 0.000 0.140
092000 0.026 0.834 0.000 0.140
092500 0.026 0.834 0.000 0.140
093000 0.026 0.834 0.000 0.140
093500 0.026 0.834 0.000 0.140
094000 0.026 0.834 0.000 0.140
094500 0.026 0.834 0.000 0.140
095000 0.026 0.834 0.000 0.140
095500 0.026 0.834 0.000 0.140
096000 0.026 0.834 0.000 0.140
096500 0.026 0.834 0.000 0.140
097000 0.026 0.834 0.000 0.140
097500 0.026 0.834 0.000 0.140
098000 0.026 0.834 0.000 0.140
098500 0.026 0.834 0.000 0.140
099000 0.026 0.834 0.000 0.140
099500 0.026 0.834 0.000 0.140
100000 0.026 0.834 0.000 0.140
100500 0.026 0.834 0.000 0.140
101000 0.026 0.834 0.000 0.140
101500 0.026 0.834 0.000 0.140
102000 0.026 0.834 0.000 0.140
102500 0.026 0.834 0.000 0.140
103000 0.026 0.834 0.000 0.140
103500 0.026 0.834 0.000 0.140
104000 0.026 0.834 0.000 0.140
104500 0.026 0.834 0.000 0.140
105000 0.026 0.834 0.000 0.140
105500 0.026 0.834 0.000 0.140
106000 0.026 0.834 0.000 0.140
106500 0.026 0.834 0.000 0.140
107000 0.026 0.834 0.000 0.140
107500 0.026 0.834 0.000 0.140
108000 0.026 0.834 0.000 0.140
108500 0.026 0.834 0.000 0.140
109000 0.026 0.834 0.000 0.140
109500 0.026 0.834 0.000 0.140
110000 0.026 0.834 0.000 0.140
110500 0.026 0.834 0.000 0.140
111000 0.026 0.834 0.000 0.140
111500 0.026 0.834 0.000 0.140
112000 0.026 0.834 0.000 0.140
112500 0.026 0.834 0.000 0.140
113000 0.026 0.834 0.000 0.140
113500 0.026 0.834 0.000 0.140
114000 0.026 0.834 0.000 0.140
114500 0.026 0.834 0.000 0.140
115000 0.026 0.834 0.000 0.140
115500 0.026 0.834 0.000 0.140
116000 0.026 0.834 0.000 0.140
116500 0.026 0.834 0.000 0.140
117000 0.026 0.834 0.000 0.140
117500 0.026 0.834 0.000 0.140
118000 0.026 0.834 0.000 0.140
118500 0.026 0.834 0.000 0.140
119000 0.026 0.834 0.000 0.140
119500 0.026 0.834 0.000 0.140
120000 0.026 0.834 0.000 0.140
120500 0.026 0.834 0.000 0.140
121000 0.026 0.834 0.000 0.140
121500 0.026 0.834 0.000 0.140
122000 0.026 0.834 0.000 0.140
122500 0.026 0.834 0.000 0.140
123000 0.026 0.834 0.000 0.140
123500 0.026 0.834 0.000 0.140
124000 0.026 0.834 0.000 0.140
124500 0.026 0.834 0.000 0.140
125000 0.026 0.834 0.000 0.140
125500 0.026 0.834 0.000 0.140
126000 0.026 0.834 0.000 0.140
126500 0.026 0.834 0.000 0.140
127000 0.026 0.834 0.000 0.140
127500 0.026 0.834 0.000 0.140
128000 0.026 0.834 0.000 0.140
128500 0.026 0.834 0.000 0.140
129000 0.026 0.834 0.000 0.140
129500 0.026 0.834 0.000 0.140
130000 0.026 0.834 0.000 0.140
130500 0.026 0.834 0.000 0.140
131000 0.026 0.834 0.000 0.140
131500 0.026 0.834 0.000 0.140
132000 0.026 0.834 0.000 0.140
132500 0.026 0.834 0.000 0.140
133000 0.026 0.834 0.000 0.140
133500 0.026 0.834 0.000 0.140
134000 0.026 0.834 0.000 0.140
134500 0.026 0.834 0.000 0.140
135000 0.026 0.834 0.000 0.140
135500 0.026 0.834 0.000 0.140
136000 0.026 0.834 0.000 0.140
136500 0.026 0.834 0.000 0.140
137000 0.026 0.834 0.000 0.140
137500 0.026 0.834 0.000 0.140
138000 0.026 0.834 0.000 0.140
138500 0.026 0.834 0.000 0.140
139000 0.026 0.834 0.000 0.140
139500 0.026 0.834 0.000 0.140
140000 0.026 0.834 0.000 0.140
140500 0.026 0.834 0.000 0.140
141000 0.026 0.834 0.000 0.140
141500 0.026 0.834 0.000 0.140
142000 0.026 0.834 0.000 0.140
142500 0.026 0.834 0.000 0.140
143000 0.026 0.834 0.000 0.140
143500 0.026 0.834 0.000 0.140
144000 0.026 0.834 0.000 0.140
144500 0.026 0.834 0.000 0.140
145000 0.026 0.834 0.000 0.140
145500 0.026 0.834 0.000 0.140
146000 0.026 0.834 0.000 0.140
146500 0.026 0.834 0.000 0.140
147000 0.026 0.834 0.000 0.140
147500 0.026 0.834 0.000 0.140
148000 0.026 0.834 0.000 0.140
148500 0.026 0.834 0.000 0.140
149000 0.026 0.834 0.000 0.140
149500 0.026 0.834 0.000 0.140
150000 0.026 0.834 0.000 0.140
150500 0.026 0.834 0.000 0.140
151000 0.026 0.834 0.000 0.140
151500 0.026 0.834 0.000 0.140
152000 0.026 0.834 0.000 0.140
152500 0.026 0.834 0.000 0.140
153000 0.026 0.834 0.000 0.140
153500 0.026 0.834 0.000 0.140
154000 0.026 0.834 0.000 0.140
154500 0.026 0.834 0.000 0.140
155000 0.026 0.834 0.000 0.140
155500 0.026 0.834 0.000 0.140
156000 0.026 0.834 0.000 0.140
156500 0.026 0.834 0.000 0.140
157000 0.026 0.834 0.000 0.140
157500 0.026 0.834 0.000 0.140
158000 0.026 0.834 0.000 0.140
158500 0.026 0.834 0.000 0.140
159000 0.026 0.834 0.000 0.140
159500 0.026 0.834 0.000 0.140
160000 0.026 0.834 0.000 0.140
160500 0.026 0.834 0.000 0.140
161000 0.026 0.834 0.000 0.140
161500 0.026 0.834 0.000 0.140
162000 0.026 0.834 0.000 0.140
162500 0.026 0.834 0.000 0.140
163000 0.026 0.834 0.000 0.140
163500 0.026 0.834 0.000 0.140
164000 0.026 0.834 0.000 0.140
164500 0.026 0.834 0.000 0.140
165000 0.026 0.834 0.000 0.140
165500 0.026 0.834 0.000 0.140
166000 0.026 0.834 0.000 0.140
166500 0.026 0.834 0.000 0.140
167000 0.026 0.834 0.000 0.140
167500 0.026 0.834 0.000 0.140
168000 0.026 0.834 0.000 0.140
168500 0.026 0.834 0.000 0.140
169000 0.026 0.834 0.000 0.140
169500 0.026 0.834 0.000 0.140
170000 0.026 0.834 0.000 0.140
170500 0.026 0.834 0.000 0.140
171000 0.026 0.834 0.000 0.140
171500 0.026 0.834 0.000 0.140
172000 0.026 0.834 0.000 0.140
172500 0.026 0.834 0.000 0.140
173000 0.026 0.834 0.000 0.140
173500 0.026 0.834 0.000 0.140
174000 0.026 0.834 0.000 0.140
174500 0.026 0.834 0.000 0.140
175000 0.026 0.834 0.000 0.140
175500 0.026 0.834 0.000 0.140
176000 0.026 0.834 0.000 0.140
176500 0.026 0.834 0.000 0.140
177000 0.026 0.834 0.000 0.140
177500 0.026 0.834 0.000 0.140
178000 0.026 0.834 0.000 0.140
178500 0.026 0.834 0.000 0.140
179000 0.026 0.834 0.000 0.140
179500 0.026 0.834 0.000 0.140
180000 0.026 0.834 0.000 0.140
180500 0.026 0.834 0.000 0.140
181000 0.026 0.834 0.000 0.140
181500 0.026 0.834 0.000 0.140
182000 0.026 0.834 0.000 0.140
182500 0.026 0.834 0.000 0.140
183000 0.026 0.834 0.000 0.140
183500 0.026 0.834 0.000 0.140
184000 0.026 0.834 0.000 0.140
184500 0.026 0.834 0.000 0.140
185000 0.026 0.834 0.000 0.140
185500 0.026 0.834 0.000 0.140
186000 0.026 0.834 0.000 0.140
186500 0.026 0.834 0.000 0.140
187000 0.026 0.834 0.000 0.140
187500 0.026 0.834 0.000 0.140
188000 0.026 0.834 0.000 0.140
188500 0.026 0.834 0.000 0.140
189000 0.026 0.834 0.000 0.140
189500 0.026 0.834 0.000 0.140
190000 0.026 0.834 0.000 0.140
190500 0.026 0.834 0.000 0.140
191000 0.026 0.834 0.000 0.140
191500 0.026 0.834 0.000 0.140
192000 0.026 0.834 0.000 0.140
192500 0.026 0.834 0.000 0.140
193000 0.026 0.834 0.000 0.140
193500 0.026 0.834 0.000 0.140
194000 0.026 0.834 0.000 0.140
194500 0.026 0.834 0.000 0.140
195000 0.026 0.834 0.000 0.140
195500 0.026 0.834 0.000 0.140
196000 0.026 0.834 0.000 0.140
196500 0.026 0.834 0.000 0.140
197000 0.026 0.834 0.000 0.140
197500 0.026 0.834 0.000 0.140
198000 0.026 0.834 0.000 0.140
198500 0.026 0.834 0.000 0.140
199000 0.026 0.834 0.000 0.140
199500 0.026 0.834 0.000 0.140
200000 0.026 0.834 0.000 0.140
200500 0.026 0.834 0.000 0.140
201000 0.026 0.834 0.000 0.140
201500 0.026 0.834 0.000 0.140
202000 0.026 0.834 0.000 0.140
202500 0.026 0.834 0.000 0.140
203000 0.026 0.834 0.000 0.140
203500 0.026 0.834 0.000 0.140
204000 0.026 0.834 0.000 0.140
204500 0.026 0.834 0.000 0.140
205000 0.026 0.834 0.000 0.140
205500 0.026 0.834 0.000 0.140
206000 0.026 0.834 0.000 0.140
206500 0.026 0.834 0.000 0.140
207000 0.026 0.834 0.000 0.140
207500 0.026 0.834 0.000 0.140
208000 0.026 0.834 0.000 0.140
208500 0.026 0.834 0.000 0.140
209000 0.026 0.834 0.000 0.140
209500 0.026 0.834 0.000 0.140
210000 0.026 0.834 0.000 0.140
210500 0.026 0.834 0.000 0.140
211000 0.026 0.834 0.000 0.140
211500 0.026 0.834 0.000 0.140
212000 0.026 0.834 0.000 0.140
212500 0.026 0.834 0.000 0.140
213000 0.026 0.834 0.000 0.140
213500 0.026 0.834 0.000 0.140
214000 0.026 0.834 0.000 0.140
214500 0.026 0.834 0.000 0.140
215000 0.026 0.834 0.000 0.140
215500 0.026 0.834 0.000 0.140
216000 0.026 0.834 0.000 0.140
216500 0.026 0.834 0.000 0.140
217000 0.026 0.834 0.000 0.140
217500 0.026 0.834 0.000 0.140
218000 0.026 0.834 0.000 0.140
218500 0.026 0.834 0.000 0.140
219000 0.026 0.834 0.000 0.140
219500 0.026 0.834 0.000 0.140
220000 0.026 0.834 0.000 0.140
220500 0.026 0.834 0.000 0.140
221000 0.026 0.834 0.000 0.140
221500 0.026 0.834 0.000 0.140
222000 0.026 0.834 0.000 0.140
222500 0.026 0.834 0.000 0.140
223000 0.026 0.834 0.000 0.140
223500 0.026 0.834 0.000 0.140
224000 0.026 0.834 0.000 0.140
224500 0.026 0.834 0.000 0.140
225000 0.026 0.834 0.000 0.140
225500 0.026 0.834 0.000 0.140
226000 0.026 0.834 0.000 0.140
226500 0.026 0.834 0.000 0.140
227000 0.026 0.834 0.000 0.140
227500 0.026 0.834 0.000 0.140
228000 0.026 0.834 0.000 0.140
228500 0.026 0.834 0.000 0.140
229000 0.026 0.834 0.000 0.140
229500 0.026 0.834 0.000 0.140
230000 0.026 0.834 0.000 0.140
230500 0.026 0.834 0.000 0.140
231000 0.026 0.834 0.000 0.140
231500 0.026 0.834 0.000 0.140
232000 0.026 0.834 0.000 0.140
232500 0.026 0.834 0.000 0.140
233000 0.026 0.834 0.000 0.140
233500 0.026 0.834 0.000 0.140
234000 0.026 0.834 0.000 0.140
234500 0.026 0.834 0.000 0.140
235000 0.026 0.834 0.000 0.140
235500 0.026 0.834 0.000 0.140
236000 0.026 0.834 0.000 0.140
236500 0.026 0.834 0.000 0.140
237000 0.026 0.834 0.000 0.140
237500 0.026 0.834 0.000 0.140
238000 0.026 0.834 0.000 0.140
238500 0.026 0.834 0.000 0.140
239000 0.026 0.834 0.000 0.140
239500 0.026 0.834 0.000 0.140
240000 0.026 0.834 0.000 0.140
240500 0.026 0.834 0.000 0.140
241000 0.026 0.834 0.000 0.140
241500 0.026 0.834 0.000 0.140
242000 0.026 0.834 0.000 0.140
242500 0.026 0.834 0.000 0.140
243000 0.026 0.834 0.000 0.140
243500 0.026 0.834 0.000 0.140
244000 0.026 0.834 0.000 0.140
244500 0.026 0.834 0.000 0.140
245000 0.026 0.834 0.000 0.140
245500 0.026 0.834 0.000 0.140
246000 0.026 0.834 0.000 0.140
246500 0.026 0.834 0.000 0.140
247000 0.026 0.834 0.000 0.140
247500 0.026 0.834 0.000 0.140
248000 0.026 0.834 0.000 0.140
248500 0.026 0.834 0.000 0.140
249000 0.026 0.834 0.000 0.140
249500 0.026 0.834 0.000 0.140
250000 0.026 0.834 0.000 0.140
250500 0.026 0.834 0.000 0.140
251000 0.026 0.834 0.000 0.140
251500 0.026 0.834 0.000 0.140
252000 0.026 0.834 0.000 0.140
252500 0.026 0.834 0.000 0.140
253000 0.026 0.834 0.000 0.140
253500 0.026 0.834 0.000 0.140
254000 0.026 0.834 0.000 0.140
254500 0.026 0.834 0.000 0.140
255000 0.026 0.834 0.000 0.140
255500 0.026 0.834 0.000 0.140
256000 0.026 0.834 0.000 0.140
256500 0.026 0.834 0.000 0.140
257000 0.026 0.834 0.000 0.140
257500 0.026 0.834 0.000 0.140
258000 0.026 0.834 0.000 0.140
258500 0.026 0.834 0.000 0.140
259000 0.026 0.834 0.000 0.140
259500 0.026 0.834 0.000 0.140
260000 0.026 0.834 0.000 0.140
260500 0.026 0.834 0.000 0.140
261000 0.026 0.834 0.000 0.140
261500 0.026 0.834 0.000 0.140
262000 0.026 0.834 0.000 0.140
262500 0.026 0.834 0.000 0.140
263000 0.026 0.834 0.000 0.140
263500 0.026 0.834 0.000 0.140
264000 0.026 0.834 0.000 0.140
264500 0.026 0.834 0.000 0.140
265000 0.026 0.834 0.000 0.140
265500 0.026 0.834 0.000 0.140
266000 0.026 0.834 0.000 0.140
266500 0.026 0.834 0.000 0.140
267000 0.026 0.834 0.000 0.140
267500 0.026 0.834 0.000 0.140
268000 0.026 0.834 0.000 0.140
268500 0.026 0.834 0.000 0.140
269000 0.026 0.834 0.000 0.140
269500 0.026 0.834 0.000 0.140
270000 0.026 0.834 0.000 0.140
270500 0.026 0.834 0.000 0.140
271000 0.026 0.834 0.000 0.140
271500 0.026 0.834 0.000 0.140
272000 0.026 0.834 0.000 0.140
272500 0.026 0.834 0.000 0.140
273000 0.026 0.834 0.000 0.140
273500 0.026 0.834 0.000 0.140
274000 0.026 0.834 0.000 0.140
274500 0.026 0.834 0.000 0.140
275000 0.026 0.834 0.000 0.140
275500 0.026 0.834 0.000 0.140
276000 0.026 0.834 0.000 0.140
276500 0.026 0.834 0.000 0.140
277000 0.026 0.834 0.000 0.140
277500 0.026 0.834 0.000 0.140
278000 0.026 0.834 0.000 0.140
278500 0.026 0.834 0.000 0.140
279000 0.026 0.834 0.000 0.140
279500 0.026 0.834 0.000 0.140
280000 0.026 0.834 0.000 0.140
280500 0.026 0.834 0.000 0.140
281000 0.026 0.834 0.000 0.140
281500 0.026 0.834 0.000 0.140
282000 0.026 0.834 0.000 0.140
282500 0.026 0.834 0.000 0.140
283000 0.026 0.834 0.000 0.140
283500 0.026 0.834 0.000 0.140
284000 0.026 0.834 0.000 0.140
284500 0.026 0.834 0.000 0.140
285000 0.026 0.834 0.000 0.140
285500 0.026 0.834 0.000 0.140
286000 0.026 0.834 0.000 0.140
286500 0.026 0.834 0.000 0.140
287000 0.026 0.834 0.000 0.140
287500 0.026 0.834 0.000 0.140
288000 0.026 0.834 0.000 0.140
288500 0.026 0.834 0.000 0.140
289000 0.026 0.834 0.000 0.140
289500 0.026 0.834 0.000 0.140
290000 0.026 0.834 0.000 0.140
290500 0.026 0.834 0.000 0.140
291000 0.026 0.834 0.000 0.140
291500 0.026 0.834 0.000 0.140
292000 0.026 0.834 0.000 0.140
292500 0.026 0.834 0.000 0.140
293000 0.026 0.834 0.000 0.140
293500 0.026 0.834 0.000 0.140
294000 0.026 0.834 0.000 0.140
294500 0.026 0.834 0.000 0.140
295000 0.026 0.834 0.000 0.140
295500 0.026 0.834 0.000 0.140
296000 0.026 0.834 0.000 0.140
296500 0.026 0.834 0.000 0.140
297000 0.026 0.834 0.000 0.140
297500 0.026 0.834 0.000 0.140
298000 0.026 0.834 0.000 0.140
298500 0.026 0.834 0.000 0.140
299000 0.026 0.834 0.000 0.140
299500 0.026 0.834 0.000 0.140
300000 0.026 0.834 0.000 0.140
300500 0.026 0.834 0.000 0.140
301000 0.026 0.834 0.000 0.140
301500 0.026 0.834 0.000 0.140
302000 0.026 0.834 0.000 0.140
302500 0.026 0.834 0.000 0.140
303000 0.026 0.834 0.000 0.140
303500 0.026 0.834 0.000 0.140
304000 0.026 0.834 0.000 0.140
304500 0.026 0.834 0.000 0.140
305000 0.026 0.834 0.000 0.140
305500 0.026 0.834 0.000 0.140
306000 0.026 0.834 0.000 0.140
306500 0.026 0.834 0.000 0.140
307000 0.026 0.834 0.000 0.140
307500 0.026 0.834 0.000 0.140
308000 0.026 0.834 0.000 0.140
308500 0.026 0.834 0.000 0.140
309000 0.026 0.834 0.000 0.140
309500 0.026 0.834 0.000 0.140
310000 0.026 0.834 0.000 0.140
310500 0.026 0.834 0.000 0.140
311000 0.026 0.834 0.000 0.140
311500 0.026 0.834 0.000 0.140
312000 0.026 0.834 0.000 0.140
312500 0.026 0.834 0.000 0.140
313000 0.026 0.834 0.000 0.140
313500 0.026 0.834 0.000 0.140
314000 0.026 0.834 0.000 0.140
314500 0.026 0.834 0.000 0.140
315000 0.026 0.834 0.000 0.140
315500 0.026 0.834 0.000 0.140
316000 0.026 0.834 0.000 0.140
316500 0.026 0.834 0.000 0.140
317000 0.026 0.834 0.000 0.140
317500 0.026 0.834 0.000 0.140
318000 0.026 0.834 0.000 0.140
318500 0.026 0.834 0.000 0.140
319000 0.026 0.834 0.000 0.140
319500 0.026 0.834 0.000 0.140
320000 0.026 0.834 0.000 0.140
320500 0.026 0.834 0.000 0.140
321000 0.026 0.834 0.000 0.140
321500 0.026 0.834 0.000 0.140
322000 0.026 0.834 0.000 0.140
322500 0.026 0.834 0.000 0.140
323000 0.026 0.834 0.000 0.140
323500 0.026 0.834 0.000 0.140
324000 0.026 0.834 0.000 0.140
324500 0.026 0.834 0.000 0.140
325000 0.026 0.834 0.000 0.140
325500 0.026 0.834 0.000 0.140
326000 0.026 0.834 0.000 0.140
326500 0.026 0.834 0.000 0.140
327000 0.026 0.834 0.000 0.140
327500 0.026 0.834 0.000 0.140
328000 0.026 0.834 0.000 0.140
328500 0.026 0.834 0.000 0.140
329000 0.026 0.834 0.000 0.140
329500 0.026 0.834 0.000 0.140
330000 0.026 0.834 0.000 0.140
330500 0.026 0.834 0.000 0.140
331000 0.026 0.834 0.000 0.140
331500 0.026 0.834 0.000 0.140
332000 0.026 0.834 0.000 0.140
332500 0.026 0.834 0.000 0.140
333000 0.026 0.834 0.000 0.140
333500 0.026 0.834 0.000 0.140
334000 0.026 0.834 0.000 0.140
334500 0.026 0.834 0.000 0.140
335000 0.026 0.834 0.000 0.140
335500 0.026 0.834 0.000 0.140
336000 0.026 0.834 0.000 0.140
336500 0.026 0.834 0.000 0.140
337000 0.026 0.834 0.000 0.140
337500 0.026 0.834 0.000 0.140
338000 0.026 0.834 0.000 0.140
338500 0.026 0.834 0.000 0.140
339000 0.026 0.834 0.000 0.140
339500 0.026 0.834 0.000 0.140
340000 0.026 0.834 0.000 0.140
340500 0.026 0.834 0.000 0.140
341000 0.026 0.834 0.000 0.140
341500 0.026 0.834 0.000 0.140
342000 0.026 0.834 0.000 0.140
342500 0.026 0.834 0.000 0.140
343000 0.026 0.834 0.000 0.140
343500 0.026 0.834 0.000 0.140
344000 0.026 0.834 0.000 0.140
344500 0.026 0.834 0.000 0.140
345000 0.026 0.834 0.000 0.140
345500 0.026 0.834 0.000 0.140
346000 0.026 0.834 0.000 0.140
346500 0.026 0.834 0.000 0.140
347000 0.026 0.834 0.000 0.140
347500 0.026 0.834 0.000 0.140
348000 0.026 0.834 0.000 0.140
348500 0.026 0.834 0.000 0.140
349000 0.026 0.834 0.000 0.140
349500 0.026 0.834 0.000 0.140
350000 0.026 0.834 0.000 0.140
350500 0.026 0.834 0.000 0.140
351000 0.026 0.834 0.000 0.140
351500 0.026 0.834 0.000 0.140
352000 0.026 0.834 0.000 0.140
352500 0.026 0.834 0.000 0.140
353000 0.026 0.834 0.000 0.140
353500 0.026 0.834 0.000 0.140
354000 0.026 0.834 0.000 0.140
354500 0.026 0.834 0.000 0.140
355000 0.026 0.834 0.000 0.140
355500 0.026 0.834 0.000 0.140
356000 0.026 0.834 0.000 0.140
356500 0.026 0.834 0.000 0.140
357000 0.026 0.834 0.000 0.140
357500 0.026 0.834 0.000 0.140
358000 0.026 0.834 0.000 0.140
358500 0.026 0.834 0.000 0.140
359000 0.026 0.834 0.000 0.140
359500 0.026 0.834 0.000 0.140
360000 0.026 0.834 0.000 0.140
360500 0.026 0.834 0.000 0.140
361000 0.026 0.834 0.000 0.140
361500 0.026 0.834 0.000 0.140
362000 0.026 0.834 0.000 0.140
362500 0.026 0.834 0.000 0.140
363000 0.026 0.834 0.000 0.140
363500 0.026 0.834 0.000 0.140
364000 0.026 0.834 0.000 0.140
364500 0.026 0.834 0.000 0.140
365000 0.026 0.834 0.000 0.140
365500 0.026 0.834 0.000 0.140
366000 0.026 0.834 0.000 0.140
366500 0.026 0.834 0.000 0.140
367000 0.026 0.834 0.000 0.140
367500 0.026 0.834 0.000 0.140
368000 0.026 0.834 0.000 0.140
368500 0.026 0.834 0.000 0.140
369000 0.026 0.834 0.000 0.140
369500 0.026 0.834 0.000 0.140
370000 0.026 0.834 0.000 0.140
370500 0.026 0.834 0.000 0.140
371000 0.026 0.834 0.000 0.140
371500 0.026 0.834 0.000 0.140
372000 0.026 0.834 0.000 0.140
372500 0.026 0.834 0.000 0.140
373000 0.026 0.834 0.000 0.140
373500 0.026 0.834 0.000 0.140
374000 0.026 0.834 0.000 0.140
374500 0.026 0.834 0.000 0.140
375000 0.026 0.834 0.000 0.140
375500 0.026 0.834 0.000 0.140
376000 0.026 0.834 0.000 0.140
376500 0.026 0.834 0.000 0.140
377000 0.026 0.834 0.000 0.140
377500 0.026 0.834 0.000 0.140
378000 0.026 0.834 0.000 0.140
378500 0.026 0.834 0.000 0.140
379000 0.026 0.834 0.000 0.140
379500 0.026 0.834 0.000 0.140
380000 0.026 0.834 0.000 0.140
380500 0.026 0.834 0.000 0.140
381000 0.026 0.834 0.000 0.140
381500 0.026 0.834 0.000 0.140
382000 0.026 0.834 0.000 0.140
382500 0.026 0.834 0.000 0.140
383000 0.026 0.834 0.000 0.140
383500 0.026 0.834 0.000 0.140
384000 0.026 0.834 0.000 0.140
384500 0.026 0.834 0.000 0.140
385000 0.026 0.834 0.000 0.140
385500 0.026 0.834 0.000 0.140
386000 0.026 0.834 0.000 0.140
386500 0.026 0.834 0.000 0.140
387000 0.026 0.834 0.000 0.140
387500 0.026 0.834 0.000 0.140
388000 0.026 0.834 0.000 0.140
388500 0.026 0.834 0.000 0.140
389000 0.026 0.834 0.000 0.140
389500 0.026 0.834 0.000 0.140
390000 0.026 0.834 0.000 0.140
390500 0.026 0.834 0.000 0.140
391000 0.026 0.834 0.000 0.140
391500 0.026 0.834 0.000 0.140
392000 0.026 0.834 0.000 0.140
392500 0.026 0.834 0.000 0.140
393000 0.026 0.834 0.000 0.140
393500 0.026 0.834 0.000 0.140
394000 0.026 0.834 0.000 0.140
394500 0.026 0.834 0.000 0.140
395000 0.026 0.834 0.000 0.140
395500 0.026 0.834 0.000 0.140
396000 0.026 0.834 0.000 0.140
396500 0.026 0.834 0.000 0.140
397000 0.026 0.834 0.000 0.140
397500 0.026 0.834 0.000 0.140
398000 0.026 0.834 0.000 0.140
398500 0.026 0.834 0.000 0.140
399000 0.026 0.834 0.000 0.140
399500 0.026 0.834 0.000 0.140
400000 0.026 0.834 0.000 0.140
400500 0.026 0.834 0.000 0.140
401000 0.026 0.834 0.000 0.140
401500 0.026 0.834 0.000 0.140
402000 0.026 0.834 0.000 0.140
402500 0.026 0.834 0.000 0.140
403000 0.026 0.834 0.000 0.140
403500 0.026 0.834 0.000 0.140
404000 0.026 0.834 0.000 0.140
404500 0.026 0.834 0.000 0.140
405000 0.026 0.834 0.000 0.140
405500 0.026 0.834 0.000 0.140
406000 0.026 0.834 0.000 0.140
406500 0.026 0.834 0.000 0.140
407000 0.026 0.834 0.000 0.140
407500 0.026 0.834 0.000 0.140
408000 0.026 0.834 0.000 0.140
408500 0.026 0.834 0.000 0.140
409000 0.026 0.834 0.000 0.140
409500 0.026 0.834 0.000 0.140
410000 0.026 0.834 0.000 0.140
410500 0.026 0.834 0.000 0.140
411000 0.026 0.834 0.000 0.140
411500 0.026 0.834 0.000 0.140
412000 0.026 0.834 0.000 0.140
412500 0.026 0.834 0.000 0.140
413000 0.026 0.834 0.000 0.140
413500 0.026 0.834 0.000 0.140
414000 0.026 0.834 0.000 0.140
414500 0.026 0.834 0.000 0.140
415000 0.026 0.834 0.000 0.140
415500 0.026 0.834 0.000 0.140
416000 0.026 0.834 0.000 0.140
416500 0.026 0.834 0.000 0.140
417000 0.026 0.834 0.000 0.140
417500 0.026 0.834 0.000 0.140
418000 0.026 0.834 0.000 0.140
418500 0.026 0.834 0.000 0.140
419000 0.026 0.834 0.000 0.140
419500 0.026 0.834 0.000 0.140
420000 0.026 0.834 0.000 0.140
420500 0.026 0.834 0.000 0.140
421000 0.026 0.834 0.000 0.140
421500 0.026 0.834 0.000 0.140
422000 0.026 0.834 0.000 0.140
422500 0.026 0.834 0.000 0.140
423000 0.026 0.834 0.000 0.140
423500 0.026 0.834 0.000 0.140
424000 0.026 0.834 0.000 0.140
424500 0.026 0.834 0.000 0.140
425000 0.026 0.834 0.000 0.140
425500 0.026 0.834 0.000 0.140
426000 0.026 0.834 0.000 0.140
426500 0.026 0.834 0.000 0.140
427000 0.026 0.834 0.000 0.140
427500 0.026 0.834 0.000 0.140
428000 0.026 0.834 0.000 0.140
428500 0.026 0.834 0.000 0.140
429000 0.026 0.834 0.000 0.140
429500 0.026 0.834 0.000 0.140
430000 0.026 0.834 0.000 0.140
430500 0.026 0.834 0.000 0.140
431000 0.026 0.834 0.000 0.140
431500 0.026 0.834 0.000 0.140
432000 0.026 0.834 0.000 0.140
432500 0.026 0.834 0.000 0.140
433000 0.026 0.834 0.000 0.140
433500 0.026 0.834 0.000 0.140
434000 0.026 0.834 0.000 0.140
434500 0.026 0.834 0.000 0.140
435000 0.026 0.834 0.000 0.140
435500 0.026 0.834 0.000 0.140
436000 0.026 0.834 0.000 0.140
436500 0.026 0.834 0.000 0.140
437000 0.026 0.834 0.000 0.140
437500 0.026 0.834 0.000 0.140
438000 0.026 0.834 0.000 0.140
438500 0.026 0.834 0.000 0.140
439000 0.026 0.834 0.000 0.140
439500 0.026 0.834 0.000 0.140
440000 0.026 0.834 0.000 0.140
440500 0.026 0.834 0.000 0.140
441000 0.026 0.834 0.000 0.140
441500 0.026 0.834 0.000 0.140
442000 0.026 0.834 0.000 0.140
442500 0.026 0.834 0.000 0.140
443000 0.026 0.834 0.000 0.140
443500 0.026 0.834 0.000 0.140
444000 0.026 0.834 0.000 0.140
444500 0.026 0.834 0.000 0.140
445000 0.026 0.834 0.000 0.140
445500 0.026 0.834 0.000 0.140
446000 0.026 0.834 0.000 0.140
446500 0.026 0.834 0.000 0.140
447000 0.026 0.834 0.000 0.140
447500 0.026 0.834 0.000 0.140
448000 0.026 0.834 0.000 0.140
448500 0.026 0.834 0.000 0.140
449000 0.026 0.834 0.000 0.140
449500 0.026 0.834 0.000 0.140
450000 0.026 0.834 0.000 0.140
450500 0.026 0.834 0.000 0.140
451000 0.026 0.834 0.000 0.140
451500 0.026 0.834 0.000 0.140
452000 0.026 0.834 0.000 0.140
452500 0.026 0.834 0.000 0.140
453000 0.026 0.834 0.000 0.140
453500 0.026 0.834 0.000 0.140
454000 0.026 0.834 0.000 0.140
454500 0.026 0.834 0.000 0.140
455000 0.026 0.834 0.000 0.140
455500 0.026 0.834 0.000 0.140
456000 0.026 0.834 0.000 0.140
456500 0.026 0.834 0.000 0.140
457000 0.026 0.834 0.000 0.140
457500 0.026 0.834 0.000 0.140
458000 0.026 0.834 0.000 0.140
458500 0.026 0.834 0.000 0.140
459000 0.026 0.834 0.000 0.140
459500 0.026 0.834 0.000 0.140
460000 0.026 0.834 0.000 0.140
460500 0.026 0.834 0.000 0.140
461000 0.026 0.834 0.000 0.140
461500 0.026 0.834 0.000 0.140
462000 0.026 0.834 0.000 0.140
462500 0.026 0.834 0.000 0.140
463000 0.026 0.834 0.000 0.140
463500 0.026 0.834 0.000 0.140
464000 0.026 0.834 0.000 0.140
464500 0.026 0.834 0.000 0.140
465000 0.026 0.834 0.000 0.140
465500 0.026 0.834 0.000 0.140
466000 0.026 0.834 0.000 0.140
466500 0.026 0.834 0.000 0.140
467000 0.026 0.834 0.000 0.140
467500 0.026 0.834 0.000 0.140
468000 0.026 0.834 0.000 0.140
468500 0.026 0.834 0.000 0.140
469000 0.026 0.834 0.000 0.140
469500 0.026 0.834 0.000 0.140
470000 0.026 0.834 0.000 0.140
470500 0.026 0.834 0.000 0.140
471000 0.026 0.834 0.000 0.140
471500 0.026 0.834 0.000 0.140
472000 0.026 0.834 0.000 0.140
472500 0.026 0.834 0.000 0.140
473000 0.026 0.834 0.000 0.140
473500 0.026 0.834 0.000 0.140
474000 0.026 0.834 0.000 0.140
474500 0.026 0.834 0.000 0.140
475000 0.026 0.834 0.000 0.140
475500 0.026 0.834 0.000 0.140
476000 0.026 0.834 0.000 0.140
476500 0.026 0.834 0.000 0.140
477000 0.026 0.834 0.000 0.140
477500 0.026 0.834 0.000 0.140
478000 0.026 0.834 0.000 0.140
478500 0.026 0.834 0.000 0.140
479000 0.026 0.834 0.000 0.140
479500 0.026 0.834 0.000 0.140
480000 0.026 0.834 0.000 0.140
480500 0.026 0.834 0.000 0.140
481000 0.026 0.834 0.000 0.140
481500 0.026 0.834 0.000 0.140
482000 0.026 0.834 0.000 0.140
482500 0.026 0.834 0.000 0.140
483000 0.026 0.834 0.000 0.140
483500 0.026 0.834 0.000 0.140
484000 0.026 0.834 0.000 0.140
484500 0.026 0.834 0.000 0.140
485000 0.026 0.834 0.000 0.140
485500 0.026 0.834 0.000 0.140
486000 0.026 0.834 0.000 0.140
486500 0.026 0.834 0.000 0.140
487000 0.026 0.834 0.000 0.140
487500 0.026 0.834 0.000 0.140
488000 0.026 0.834 0.000 0.140
488500 0.026 0.834 0.000 0.140
489000 0.026 0.834 0.000 0.140
489500 0.026 0.834 0.000 0.140
490000 0.026 0.834 0.000 0.140
490500 0.026 0.834 0.000 0.140
491000 0.026 0.834 0.000 0.140
491500 0.026 0.834 0.000 0.140
492000 0.026 0.834 0.000 0.140
492500 0.026 0.834 0.000 0.140
493000 0.026 0.834 0.000 0.140
493500 0.026 0.834 0.000 0.140
494000 0.026 0.834 0.000 0.140
494500 0.026 0.834 0.000 0.140
495000 0.026 0.834 0.000 0.140
495500 0.026 0.834 0.000 0.140
496000 0.026 0.834 0.000 0.140
496500 0.026 0.834 0.000 0.140
497000 0.026 0.834 0.000 0.140
497500 0.026 0.834 0.000 0.140
498000 0.026 0.834 0.000 0.140
498500 0.026 0.834 0.000 0.140
499000 0.026 0.834 0.000 0.140
499500 0.026 0.834 0.000 0.140
500000 0.026 0.834 0.000 0.140
