000000 0.250 0.250 0.250 0.250
000500 0.196 0.404 0.000 0.400
001000 0.196 0.403 0.000 0.402
001500 0.196 0.406 0.000 0.398
002000 0.196 0.407 0.000 0.398
002500 0.196 0.408 0.000 0.397
003000 0.196 0.409 0.000 0.395
003500 0.196 0.411 0.000 0.393
004000 0.196 0.411 0.000 0.394
004500 0.196 0.411 0.000 0.394
005000 0.196 0.411 0.000 0.394
005500 0.196 0.411 0.000 0.394
006000 0.196 0.411 0.000 0.394
006500 0.196 0.411 0.000 0.394
007000 0.196 0.411 0.000 0.394
007500 0.196 0.411 0.000 0.394
008000 0.196 0.411 0.000 0.394
008500 0.196 0.411 0.000 0.394
009000 0.196 0.411 0.000 0.394
009500 0.196 0.411 0.000 0.394
010000 0.196 0.411 0.000 0.394
010500 0.196 0.411 0.000 0.394
011000 0.196 0.411 0.000 0.394
011500 0.196 0.411 0.000 0.394
012000 0.196 0.411 0.000 0.394
012500 0.196 0.411 0.000 0.394
013000 0.196 0.411 0.000 0.394
013500 0.196 0.411 0.000 0.394
014000 0.196 0.411 0.000 0.394
014500 0.196 0.411 0.000 0.394
015000 0.196 0.411 0.000 0.394
015500 0.196 0.411 0.000 0.394
016000 0.196 0.411 0.000 0.394
016500 0.196 0.411 0.000 0.394
017000 0.196 0.411 0.000 0.394
017500 0.196 0.411 0.000 0.394
018000 0.196 0.411 0.000 0.394
018500 0.196 0.411 0.000 0.394
019000 0.196 0.411 0.000 0.394
019500 0.196 0.411 0.000 0.394
020000 0.196 0.411 0.000 0.394
020500 0.196 0.411 0.000 0.394
021000 0.196 0.411 0.000 0.394
021500 0.196 0.411 0.000 0.394
022000 0.196 0.411 0.000 0.394
022500 0.196 0.411 0.000 0.394
023000 0.196 0.411 0.000 0.394
023500 0.196 0.411 0.000 0.394
024000 0.196 0.411 0.000 0.394
024500 0.196 0.411 0.000 0.394
025000 0.196 0.411 0.000 0.394
025500 0.196 0.411 0.000 0.394
026000 0.196 0.411 0.000 0.394
026500 0.196 0.411 0.000 0.394
027000 0.196 0.411 0.000 0.394
027500 0.196 0.411 0.000 0.394
028000 0.196 0.411 0.000 0.394
028500 0.196 0.411 0.000 0.394
029000 0.196 0.411 0.000 0.394
029500 0.196 0.411 0.000 0.394
030000 0.196 0.411 0.000 0.394
030500 0.196 0.411 0.000 0.394
031000 0.196 0.411 0.000 0.394
031500 0.196 0.411 0.000 0.394
032000 0.196 0.411 0.000 0.394
032500 0.196 0.411 0.000 0.394
033000 0.196 0.411 0.000 0.394
033500 0.196 0.411 0.000 0.394
034000 0.196 0.411 0.000 0.394
034500 0.196 0.411 0.000 0.394
035000 0.196 0.411 0.000 0.394
035500 0.196 0.411 0.000 0.394
036000 0.196 0.411 0.000 0.394
036500 0.196 0.411 0.000 0.394
037000 0.196 0.411 0.000 0.394
037500 0.196 0.411 0.000 0.394
038000 0.196 0.411 0.000 0.394
038500 0.196 0.411 0.000 0.394
039000 0.196 0.411 0.000 0.394
039500 0.196 0.411 0.000 0.394
040000 0.196 0.411 0.000 0.394
040500 0.196 0.411 0.000 0.394
041000 0.196 0.411 0.000 0.394
041500 0.196 0.411 0.000 0.394
042000 0.196 0.411 0.000 0.394
042500 0.196 0.411 0.000 0.394
043000 0.196 0.411 0.000 0.394
043500 0.196 0.411 0.000 0.394
044000 0.196 0.411 0.000 0.394
044500 0.196 0.411 0.000 0.394
045000 0.196 0.411 0.000 0.394
045500 0.196 0.411 0.000 0.394
046000 0.196 0.411 0.000 0.394
046500 0.196 0.411 0.000 0.394
047000 0.196 0.411 0.000 0.394
047500 0.196 0.411 0.000 0.394
048000 0.196 0.411 0.000 0.394
048500 0.196 0.411 0.000 0.394
049000 0.196 0.411 0.000 0.394
049500 0.196 0.411 0.000 0.394
050000 0.196 0.411 0.000 0.394
050500 0.196 0.411 0.000 0.394
051000 0.196 0.411 0.000 0.394
051500 0.196 0.411 0.000 0.394
052000 0.196 0.411 0.000 0.394
052500 0.196 0.411 0.000 0.394
053000 0.196 0.411 0.000 0.394
053500 0.196 0.411 0.000 0.394
054000 0.196 0.411 0.000 0.394
054500 0.196 0.411 0.000 0.394
055000 0.196 0.411 0.000 0.394
055500 0.196 0.411 0.000 0.394
056000 0.196 0.411 0.000 0.394
056500 0.196 0.411 0.000 0.394
057000 0.196 0.411 0.000 0.394
057500 0.196 0.411 0.000 0.394
058000 0.196 0.411 0.000 0.394
058500 0.196 0.411 0.000 0.394
059000 0.196 0.411 0.000 0.394
059500 0.196 0.411 0.000 0.394
060000 0.196 0.411 0.000 0.394
060500 0.196 0.411 0.000 0.394
061000 0.196 0.411 0.000 0.394
061500 0.196 0.411 0.000 0.394
062000 0.196 0.411 0.000 0.394
062500 0.196 0.411 0.000 0.394
063000 0.196 0.411 0.000 0.394
063500 0.196 0.411 0.000 0.394
064000 0.196 0.411 0.000 0.394
064500 0.196 0.411 0.000 0.394
065000 0.196 0.411 0.000 0.394
065500 0.196 0.411 0.000 0.394
066000 0.196 0.411 0.000 0.394
066500 0.196 0.411 0.000 0.394
067000 0.196 0.411 0.000 0.394
067500 0.196 0.411 0.000 0.394
068000 0.196 0.411 0.000 0.394
068500 0.196 0.411 0.000 0.394
069000 0.196 0.411 0.000 0.394
069500 0.196 0.411 0.000 0.394
070000 0.196 0.411 0.000 0.394
070500 0.196 0.411 0.000 0.394
071000 0.196 0.411 0.000 0.394
071500 0.196 0.411 0.000 0.394
072000 0.196 0.411 0.000 0.394
072500 0.196 0.411 0.000 0.394
073000 0.196 0.411 0.000 0.394
073500 0.196 0.411 0.000 0.394
074000 0.196 0.411 0.000 0.394
074500 0.196 0.411 0.000 0.394
075000 0.196 0.411 0.000 0.394
075500 0.196 0.411 0.000 0.394
076000 0.196 0.411 0.000 0.394
076500 0.196 0.411 0.000 0.394
077000 0.196 0.411 0.000 0.394
077500 0.196 0.411 0.000 0.394
078000 0.196 0.411 0.000 0.394
078500 0.196 0.411 0.000 0.394
079000 0.196 0.411 0.000 0.394
079500 0.196 0.411 0.000 0.394
080000 0.196 0.411 0.000 0.394
080500 0.196 0.411 0.000 0.394
081000 0.196 0.411 0.000 0.394
081500 0.196 0.411 0.000 0.394
082000 0.196 0.411 0.000 0.394
082500 0.196 0.411 0.000 0.394
083000 0.196 0.411 0.000 0.394
083500 0.196 0.411 0.000 0.394
084000 0.196 0.411 0.000 0.394
084500 0.196 0.411 0.000 0.394
085000 0.196 0.411 0.000 0.394
085500 0.196 0.411 0.000 0.394
086000 0.196 0.411 0.000 0.394
086500 0.196 0.411 0.000 0.394
087000 0.196 0.411 0.000 0.394
087500 0.196 0.411 0.000 0.394
088000 0.196 0.411 0.000 0.394
088500 0.196 0.411 0.000 0.394
089000 0.196 0.411 0.000 0.394
089500 0.196 0.411 0.000 0.394
090000 0.196 0.411 0.000 0.394
090500 0.196 0.411 0.000 0.394
091000 0.196 0.411 0.000 0.394
091500 0.196 0.411 0.000 0.394
092000 0.196 0.411 0.000 0.394
092500 0.196 0.411 0.000 0.394
093000 0.196 0.411 0.000 0.394
093500 0.196 0.411 0.000 0.394
094000 0.196 0.411 0.000 0.394
094500 0.196 0.411 0.000 0.394
095000 0.196 0.411 0.000 0.394
095500 0.196 0.411 0.000 0.394
096000 0.196 0.411 0.000 0.394
096500 0.196 0.411 0.000 0.394
097000 0.196 0.411 0.000 0.394
097500 0.196 0.411 0.000 0.394
098000 0.196 0.411 0.000 0.394
098500 0.196 0.411 0.000 0.394
099000 0.196 0.411 0.000 0.394
099500 0.196 0.411 0.000 0.394
100000 0.196 0.411 0.000 0.394
100500 0.196 0.411 0.000 0.394
101000 0.196 0.411 0.000 0.394
101500 0.196 0.411 0.000 0.394
102000 0.196 0.411 0.000 0.394
102500 0.196 0.411 0.000 0.394
103000 0.196 0.411 0.000 0.394
103500 0.196 0.411 0.000 0.394
104000 0.196 0.411 0.000 0.394
104500 0.196 0.411 0.000 0.394
105000 0.196 0.411 0.000 0.394
105500 0.196 0.411 0.000 0.394
106000 0.196 0.411 0.000 0.394
106500 0.196 0.411 0.000 0.394
107000 0.196 0.411 0.000 0.394
107500 0.196 0.411 0.000 0.394
108000 0.196 0.411 0.000 0.394
108500 0.196 0.411 0.000 0.394
109000 0.196 0.411 0.000 0.394
109500 0.196 0.411 0.000 0.394
110000 0.196 0.411 0.000 0.394
110500 0.196 0.411 0.000 0.394
111000 0.196 0.411 0.000 0.394
111500 0.196 0.411 0.000 0.394
112000 0.196 0.411 0.000 0.394
112500 0.196 0.411 0.000 0.394
113000 0.196 0.411 0.000 0.394
113500 0.196 0.411 0.000 0.394
114000 0.196 0.411 0.000 0.394
114500 0.196 0.411 0.000 0.394
115000 0.196 0.411 0.000 0.394
115500 0.196 0.411 0.000 0.394
116000 0.196 0.411 0.000 0.394
116500 0.196 0.411 0.000 0.394
117000 0.196 0.411 0.000 0.394
117500 0.196 0.411 0.000 0.394
118000 0.196 0.411 0.000 0.394
118500 0.196 0.411 0.000 0.394
119000 0.196 0.411 0.000 0.394
119500 0.196 0.411 0.000 0.394
120000 0.196 0.411 0.000 0.394
120500 0.196 0.411 0.000 0.394
121000 0.196 0.411 0.000 0.394
121500 0.196 0.411 0.000 0.394
122000 0.196 0.411 0.000 0.394
122500 0.196 0.411 0.000 0.394
123000 0.196 0.411 0.000 0.394
123500 0.196 0.411 0.000 0.394
124000 0.196 0.411 0.000 0.394
124500 0.196 0.411 0.000 0.394
125000 0.196 0.411 0.000 0.394
125500 0.196 0.411 0.000 0.394
126000 0.196 0.411 0.000 0.394
126500 0.196 0.411 0.000 0.394
127000 0.196 0.411 0.000 0.394
127500 0.196 0.411 0.000 0.394
128000 0.196 0.411 0.000 0.394
128500 0.196 0.411 0.000 0.394
129000 0.196 0.411 0.000 0.394
129500 0.196 0.411 0.000 0.394
130000 0.196 0.411 0.000 0.394
130500 0.196 0.411 0.000 0.394
131000 0.196 0.411 0.000 0.394
131500 0.196 0.411 0.000 0.394
132000 0.196 0.411 0.000 0.394
132500 0.196 0.411 0.000 0.394
133000 0.196 0.411 0.000 0.394
133500 0.196 0.411 0.000 0.394
134000 0.196 0.411 0.000 0.394
134500 0.196 0.411 0.000 0.394
135000 0.196 0.411 0.000 0.394
135500 0.196 0.411 0.000 0.394
136000 0.196 0.411 0.000 0.394
136500 0.196 0.411 0.000 0.394
137000 0.196 0.411 0.000 0.394
137500 0.196 0.411 0.000 0.394
138000 0.196 0.411 0.000 0.394
138500 0.196 0.411 0.000 0.394
139000 0.196 0.411 0.000 0.394
139500 0.196 0.411 0.000 0.394
140000 0.196 0.411 0.000 0.394
140500 0.196 0.411 0.000 0.394
141000 0.196 0.411 0.000 0.394
141500 0.196 0.411 0.000 0.394
142000 0.196 0.411 0.000 0.394
142500 0.196 0.411 0.000 0.394
143000 0.196 0.411 0.000 0.394
143500 0.196 0.411 0.000 0.394
144000 0.196 0.411 0.000 0.394
144500 0.196 0.411 0.000 0.394
145000 0.196 0.411 0.000 0.394
145500 0.196 0.411 0.000 0.394
146000 0.196 0.411 0.000 0.394
146500 0.196 0.411 0.000 0.394
147000 0.196 0.411 0.000 0.394
147500 0.196 0.411 0.000 0.394
148000 0.196 0.411 0.000 0.394
148500 0.196 0.411 0.000 0.394
149000 0.196 0.411 0.000 0.394
149500 0.196 0.411 0.000 0.394
150000 0.196 0.411 0.000 0.394
150500 0.196 0.411 0.000 0.394
151000 0.196 0.411 0.000 0.394
151500 0.196 0.411 0.000 0.394
152000 0.196 0.411 0.000 0.394
152500 0.196 0.411 0.000 0.394
153000 0.196 0.411 0.000 0.394
153500 0.196 0.411 0.000 0.394
154000 0.196 0.411 0.000 0.394
154500 0.196 0.411 0.000 0.394
155000 0.196 0.411 0.000 0.394
155500 0.196 0.411 0.000 0.394
156000 0.196 0.411 0.000 0.394
156500 0.196 0.411 0.000 0.394
157000 0.196 0.411 0.000 0.394
157500 0.196 0.411 0.000 0.394
158000 0.196 0.411 0.000 0.394
158500 0.196 0.411 0.000 0.394
159000 0.196 0.411 0.000 0.394
159500 0.196 0.411 0.000 0.394
160000 0.196 0.411 0.000 0.394
160500 0.196 0.411 0.000 0.394
161000 0.196 0.411 0.000 0.394
161500 0.196 0.411 0.000 0.394
162000 0.196 0.411 0.000 0.394
162500 0.196 0.411 0.000 0.394
163000 0.196 0.411 0.000 0.394
163500 0.196 0.411 0.000 0.394
164000 0.196 0.411 0.000 0.394
164500 0.196 0.411 0.000 0.394
165000 0.196 0.411 0.000 0.394
165500 0.196 0.411 0.000 0.394
166000 0.196 0.411 0.000 0.394
166500 0.196 0.411 0.000 0.394
167000 0.196 0.411 0.000 0.394
167500 0.196 0.411 0.000 0.394
168000 0.196 0.411 0.000 0.394
168500 0.196 0.411 0.000 0.394
169000 0.196 0.411 0.000 0.394
169500 0.196 0.411 0.000 0.394
170000 0.196 0.411 0.000 0.394
170500 0.196 0.411 0.000 0.394
171000 0.196 0.411 0.000 0.394
171500 0.196 0.411 0.000 0.394
172000 0.196 0.411 0.000 0.394
172500 0.196 0.411 0.000 0.394
173000 0.196 0.411 0.000 0.394
173500 0.196 0.411 0.000 0.394
174000 0.196 0.411 0.000 0.394
174500 0.196 0.411 0.000 0.394
175000 0.196 0.411 0.000 0.394
175500 0.196 0.411 0.000 0.394
176000 0.196 0.411 0.000 0.394
176500 0.196 0.411 0.000 0.394
177000 0.196 0.411 0.000 0.394
177500 0.196 0.411 0.000 0.394
178000 0.196 0.411 0.000 0.394
178500 0.196 0.411 0.000 0.394
179000 0.196 0.411 0.000 0.394
179500 0.196 0.411 0.000 0.394
180000 0.196 0.411 0.000 0.394
180500 0.196 0.411 0.000 0.394
181000 0.196 0.411 0.000 0.394
181500 0.196 0.411 0.000 0.394
182000 0.196 0.411 0.000 0.394
182500 0.196 0.411 0.000 0.394
183000 0.196 0.411 0.000 0.394
183500 0.196 0.411 0.000 0.394
184000 0.196 0.411 0.000 0.394
184500 0.196 0.411 0.000 0.394
185000 0.196 0.411 0.000 0.394
185500 0.196 0.411 0.000 0.394
186000 0.196 0.411 0.000 0.394
186500 0.196 0.411 0.000 0.394
187000 0.196 0.411 0.000 0.394
187500 0.196 0.411 0.000 0.394
188000 0.196 0.411 0.000 0.394
188500 0.196 0.411 0.000 0.394
189000 0.196 0.411 0.000 0.394
189500 0.196 0.411 0.000 0.394
190000 0.196 0.411 0.000 0.394
190500 0.196 0.411 0.000 0.394
191000 0.196 0.411 0.000 0.394
191500 0.196 0.411 0.000 0.394
192000 0.196 0.411 0.000 0.394
192500 0.196 0.411 0.000 0.394
193000 0.196 0.411 0.000 0.394
193500 0.196 0.411 0.000 0.394
194000 0.196 0.411 0.000 0.394
194500 0.196 0.411 0.000 0.394
195000 0.196 0.411 0.000 0.394
195500 0.196 0.411 0.000 0.394
196000 0.196 0.411 0.000 0.394
196500 0.196 0.411 0.000 0.394
197000 0.196 0.411 0.000 0.394
197500 0.196 0.411 0.000 0.394
198000 0.196 0.411 0.000 0.394
198500 0.196 0.411 0.000 0.394
199000 0.196 0.411 0.000 0.394
199500 0.196 0.411 0.000 0.394
200000 0.196 0.411 0.000 0.394
200500 0.196 0.411 0.000 0.394
201000 0.196 0.411 0.000 0.394
201500 0.196 0.411 0.000 0.394
202000 0.196 0.411 0.000 0.394
202500 0.196 0.411 0.000 0.394
203000 0.196 0.411 0.000 0.394
203500 0.196 0.411 0.000 0.394
204000 0.196 0.411 0.000 0.394
204500 0.196 0.411 0.000 0.394
205000 0.196 0.411 0.000 0.394
205500 0.196 0.411 0.000 0.394
206000 0.196 0.411 0.000 0.394
206500 0.196 0.411 0.000 0.394
207000 0.196 0.411 0.000 0.394
207500 0.196 0.411 0.000 0.394
208000 0.196 0.411 0.000 0.394
208500 0.196 0.411 0.000 0.394
209000 0.196 0.411 0.000 0.394
209500 0.196 0.411 0.000 0.394
210000 0.196 0.411 0.000 0.394
210500 0.196 0.411 0.000 0.394
211000 0.196 0.411 0.000 0.394
211500 0.196 0.411 0.000 0.394
212000 0.196 0.411 0.000 0.394
212500 0.196 0.411 0.000 0.394
213000 0.196 0.411 0.000 0.394
213500 0.196 0.411 0.000 0.394
214000 0.196 0.411 0.000 0.394
214500 0.196 0.411 0.000 0.394
215000 0.196 0.411 0.000 0.394
215500 0.196 0.411 0.000 0.394
216000 0.196 0.411 0.000 0.394
216500 0.196 0.411 0.000 0.394
217000 0.196 0.411 0.000 0.394
217500 0.196 0.411 0.000 0.394
218000 0.196 0.411 0.000 0.394
218500 0.196 0.411 0.000 0.394
219000 0.196 0.411 0.000 0.394
219500 0.196 0.411 0.000 0.394
220000 0.196 0.411 0.000 0.394
220500 0.196 0.411 0.000 0.394
221000 0.196 0.411 0.000 0.394
221500 0.196 0.411 0.000 0.394
222000 0.196 0.411 0.000 0.394
222500 0.196 0.411 0.000 0.394
223000 0.196 0.411 0.000 0.394
223500 0.196 0.411 0.000 0.394
224000 0.196 0.411 0.000 0.394
224500 0.196 0.411 0.000 0.394
225000 0.196 0.411 0.000 0.394
225500 0.196 0.411 0.000 0.394
226000 0.196 0.411 0.000 0.394
226500 0.196 0.411 0.000 0.394
227000 0.196 0.411 0.000 0.394
227500 0.196 0.411 0.000 0.394
228000 0.196 0.411 0.000 0.394
228500 0.196 0.411 0.000 0.394
229000 0.196 0.411 0.000 0.394
229500 0.196 0.411 0.000 0.394
230000 0.196 0.411 0.000 0.394
230500 0.196 0.411 0.000 0.394
231000 0.196 0.411 0.000 0.394
231500 0.196 0.411 0.000 0.394
232000 0.196 0.411 0.000 0.394
232500 0.196 0.411 0.000 0.394
233000 0.196 0.411 0.000 0.394
233500 0.196 0.411 0.000 0.394
234000 0.196 0.411 0.000 0.394
234500 0.196 0.411 0.000 0.394
235000 0.196 0.411 0.000 0.394
235500 0.196 0.411 0.000 0.394
236000 0.196 0.411 0.000 0.394
236500 0.196 0.411 0.000 0.394
237000 0.196 0.411 0.000 0.394
237500 0.196 0.411 0.000 0.394
238000 0.196 0.411 0.000 0.394
238500 0.196 0.411 0.000 0.394
239000 0.196 0.411 0.000 0.394
239500 0.196 0.411 0.000 0.394
240000 0.196 0.411 0.000 0.394
240500 0.196 0.411 0.000 0.394
241000 0.196 0.411 0.000 0.394
241500 0.196 0.411 0.000 0.394
242000 0.196 0.411 0.000 0.394
242500 0.196 0.411 0.000 0.394
243000 0.196 0.411 0.000 0.394
243500 0.196 0.411 0.000 0.394
244000 0.196 0.411 0.000 0.394
244500 0.196 0.411 0.000 0.394
245000 0.196 0.411 0.000 0.394
245500 0.196 0.411 0.000 0.394
246000 0.196 0.411 0.000 0.394
246500 0.196 0.411 0.000 0.394
247000 0.196 0.411 0.000 0.394
247500 0.196 0.411 0.000 0.394
248000 0.196 0.411 0.000 0.394
248500 0.196 0.411 0.000 0.394
249000 0.196 0.411 0.000 0.394
249500 0.196 0.411 0.000 0.394
250000 0.196 0.411 0.000 0.394
250500 0.196 0.411 0.000 0.394
251000 0.196 0.411 0.000 0.394
251500 0.196 0.411 0.000 0.394
252000 0.196 0.411 0.000 0.394
252500 0.196 0.411 0.000 0.394
253000 0.196 0.411 0.000 0.394
253500 0.196 0.411 0.000 0.394
254000 0.196 0.411 0.000 0.394
254500 0.196 0.411 0.000 0.394
255000 0.196 0.411 0.000 0.394
255500 0.196 0.411 0.000 0.394
256000 0.196 0.411 0.000 0.394
256500 0.196 0.411 0.000 0.394
257000 0.196 0.411 0.000 0.394
257500 0.196 0.411 0.000 0.394
258000 0.196 0.411 0.000 0.394
258500 0.196 0.411 0.000 0.394
259000 0.196 0.411 0.000 0.394
259500 0.196 0.411 0.000 0.394
260000 0.196 0.411 0.000 0.394
260500 0.196 0.411 0.000 0.394
261000 0.196 0.411 0.000 0.394
261500 0.196 0.411 0.000 0.394
262000 0.196 0.411 0.000 0.394
262500 0.196 0.411 0.000 0.394
263000 0.196 0.411 0.000 0.394
263500 0.196 0.411 0.000 0.394
264000 0.196 0.411 0.000 0.394
264500 0.196 0.411 0.000 0.394
265000 0.196 0.411 0.000 0.394
265500 0.196 0.411 0.000 0.394
266000 0.196 0.411 0.000 0.394
266500 0.196 0.411 0.000 0.394
267000 0.196 0.411 0.000 0.394
267500 0.196 0.411 0.000 0.394
268000 0.196 0.411 0.000 0.394
268500 0.196 0.411 0.000 0.394
269000 0.196 0.411 0.000 0.394
269500 0.196 0.411 0.000 0.394
270000 0.196 0.411 0.000 0.394
270500 0.196 0.411 0.000 0.394
271000 0.196 0.411 0.000 0.394
271500 0.196 0.411 0.000 0.394
272000 0.196 0.411 0.000 0.394
272500 0.196 0.411 0.000 0.394
273000 0.196 0.411 0.000 0.394
273500 0.196 0.411 0.000 0.394
274000 0.196 0.411 0.000 0.394
274500 0.196 0.411 0.000 0.394
275000 0.196 0.411 0.000 0.394
275500 0.196 0.411 0.000 0.394
276000 0.196 0.411 0.000 0.394
276500 0.196 0.411 0.000 0.394
277000 0.196 0.411 0.000 0.394
277500 0.196 0.411 0.000 0.394
278000 0.196 0.411 0.000 0.394
278500 0.196 0.411 0.000 0.394
279000 0.196 0.411 0.000 0.394
279500 0.196 0.411 0.000 0.394
280000 0.196 0.411 0.000 0.394
280500 0.196 0.411 0.000 0.394
281000 0.196 0.411 0.000 0.394
281500 0.196 0.411 0.000 0.394
282000 0.196 0.411 0.000 0.394
282500 0.196 0.411 0.000 0.394
283000 0.196 0.411 0.000 0.394
283500 0.196 0.411 0.000 0.394
284000 0.196 0.411 0.000 0.394
284500 0.196 0.411 0.000 0.394
285000 0.196 0.411 0.000 0.394
285500 0.196 0.411 0.000 0.394
286000 0.196 0.411 0.000 0.394
286500 0.196 0.411 0.000 0.394
287000 0.196 0.411 0.000 0.394
287500 0.196 0.411 0.000 0.394
288000 0.196 0.411 0.000 0.394
288500 0.196 0.411 0.000 0.394
289000 0.196 0.411 0.000 0.394
289500 0.196 0.411 0.000 0.394
290000 0.196 0.411 0.000 0.394
290500 0.196 0.411 0.000 0.394
291000 0.196 0.411 0.000 0.394
291500 0.196 0.411 0.000 0.394
292000 0.196 0.411 0.000 0.394
292500 0.196 0.411 0.000 0.394
293000 0.196 0.411 0.000 0.394
293500 0.196 0.411 0.000 0.394
294000 0.196 0.411 0.000 0.394
294500 0.196 0.411 0.000 0.394
295000 0.196 0.411 0.000 0.394
295500 0.196 0.411 0.000 0.394
296000 0.196 0.411 0.000 0.394
296500 0.196 0.411 0.000 0.394
297000 0.196 0.411 0.000 0.394
297500 0.196 0.411 0.000 0.394
298000 0.196 0.411 0.000 0.394
298500 0.196 0.411 0.000 0.394
299000 0.196 0.411 0.000 0.394
299500 0.196 0.411 0.000 0.394
300000 0.196 0.411 0.000 0.394
300500 0.196 0.411 0.000 0.394
301000 0.196 0.411 0.000 0.394
301500 0.196 0.411 0.000 0.394
302000 0.196 0.411 0.000 0.394
302500 0.196 0.411 0.000 0.394
303000 0.196 0.411 0.000 0.394
303500 0.196 0.411 0.000 0.394
304000 0.196 0.411 0.000 0.394
304500 0.196 0.411 0.000 0.394
305000 0.196 0.411 0.000 0.394
305500 0.196 0.411 0.000 0.394
306000 0.196 0.411 0.000 0.394
306500 0.196 0.411 0.000 0.394
307000 0.196 0.411 0.000 0.394
307500 0.196 0.411 0.000 0.394
308000 0.196 0.411 0.000 0.394
308500 0.196 0.411 0.000 0.394
309000 0.196 0.411 0.000 0.394
309500 0.196 0.411 0.000 0.394
310000 0.196 0.411 0.000 0.394
310500 0.196 0.411 0.000 0.394
311000 0.196 0.411 0.000 0.394
311500 0.196 0.411 0.000 0.394
312000 0.196 0.411 0.000 0.394
312500 0.196 0.411 0.000 0.394
313000 0.196 0.411 0.000 0.394
313500 0.196 0.411 0.000 0.394
314000 0.196 0.411 0.000 0.394
314500 0.196 0.411 0.000 0.394
315000 0.196 0.411 0.000 0.394
315500 0.196 0.411 0.000 0.394
316000 0.196 0.411 0.000 0.394
316500 0.196 0.411 0.000 0.394
317000 0.196 0.411 0.000 0.394
317500 0.196 0.411 0.000 0.394
318000 0.196 0.411 0.000 0.394
318500 0.196 0.411 0.000 0.394
319000 0.196 0.411 0.000 0.394
319500 0.196 0.411 0.000 0.394
320000 0.196 0.411 0.000 0.394
320500 0.196 0.411 0.000 0.394
321000 0.196 0.411 0.000 0.394
321500 0.196 0.411 0.000 0.394
322000 0.196 0.411 0.000 0.394
322500 0.196 0.411 0.000 0.394
323000 0.196 0.411 0.000 0.394
323500 0.196 0.411 0.000 0.394
324000 0.196 0.411 0.000 0.394
324500 0.196 0.411 0.000 0.394
325000 0.196 0.411 0.000 0.394
325500 0.196 0.411 0.000 0.394
326000 0.196 0.411 0.000 0.394
326500 0.196 0.411 0.000 0.394
327000 0.196 0.411 0.000 0.394
327500 0.196 0.411 0.000 0.394
328000 0.196 0.411 0.000 0.394
328500 0.196 0.411 0.000 0.394
329000 0.196 0.411 0.000 0.394
329500 0.196 0.411 0.000 0.394
330000 0.196 0.411 0.000 0.394
330500 0.196 0.411 0.000 0.394
331000 0.196 0.411 0.000 0.394
331500 0.196 0.411 0.000 0.394
332000 0.196 0.411 0.000 0.394
332500 0.196 0.411 0.000 0.394
333000 0.196 0.411 0.000 0.394
333500 0.196 0.411 0.000 0.394
334000 0.196 0.411 0.000 0.394
334500 0.196 0.411 0.000 0.394
335000 0.196 0.411 0.000 0.394
335500 0.196 0.411 0.000 0.394
336000 0.196 0.411 0.000 0.394
336500 0.196 0.411 0.000 0.394
337000 0.196 0.411 0.000 0.394
337500 0.196 0.411 0.000 0.394
338000 0.196 0.411 0.000 0.394
338500 0.196 0.411 0.000 0.394
339000 0.196 0.411 0.000 0.394
339500 0.196 0.411 0.000 0.394
340000 0.196 0.411 0.000 0.394
340500 0.196 0.411 0.000 0.394
341000 0.196 0.411 0.000 0.394
341500 0.196 0.411 0.000 0.394
342000 0.196 0.411 0.000 0.394
342500 0.196 0.411 0.000 0.394
343000 0.196 0.411 0.000 0.394
343500 0.196 0.411 0.000 0.394
344000 0.196 0.411 0.000 0.394
344500 0.196 0.411 0.000 0.394
345000 0.196 0.411 0.000 0.394
345500 0.196 0.411 0.000 0.394
346000 0.196 0.411 0.000 0.394
346500 0.196 0.411 0.000 0.394
347000 0.196 0.411 0.000 0.394
347500 0.196 0.411 0.000 0.394
348000 0.196 0.411 0.000 0.394
348500 0.196 0.411 0.000 0.394
349000 0.196 0.411 0.000 0.394
349500 0.196 0.411 0.000 0.394
350000 0.196 0.411 0.000 0.394
350500 0.196 0.411 0.000 0.394
351000 0.196 0.411 0.000 0.394
351500 0.196 0.411 0.000 0.394
352000 0.196 0.411 0.000 0.394
352500 0.196 0.411 0.000 0.394
353000 0.196 0.411 0.000 0.394
353500 0.196 0.411 0.000 0.394
354000 0.196 0.411 0.000 0.394
354500 0.196 0.411 0.000 0.394
355000 0.196 0.411 0.000 0.394
355500 0.196 0.411 0.000 0.394
356000 0.196 0.411 0.000 0.394
356500 0.196 0.411 0.000 0.394
357000 0.196 0.411 0.000 0.394
357500 0.196 0.411 0.000 0.394
358000 0.196 0.411 0.000 0.394
358500 0.196 0.411 0.000 0.394
359000 0.196 0.411 0.000 0.394
359500 0.196 0.411 0.000 0.394
360000 0.196 0.411 0.000 0.394
360500 0.196 0.411 0.000 0.394
361000 0.196 0.411 0.000 0.394
361500 0.196 0.411 0.000 0.394
362000 0.196 0.411 0.000 0.394
362500 0.196 0.411 0.000 0.394
363000 0.196 0.411 0.000 0.394
363500 0.196 0.411 0.000 0.394
364000 0.196 0.411 0.000 0.394
364500 0.196 0.411 0.000 0.394
365000 0.196 0.411 0.000 0.394
365500 0.196 0.411 0.000 0.394
366000 0.196 0.411 0.000 0.394
366500 0.196 0.411 0.000 0.394
367000 0.196 0.411 0.000 0.394
367500 0.196 0.411 0.000 0.394
368000 0.196 0.411 0.000 0.394
368500 0.196 0.411 0.000 0.394
369000 0.196 0.411 0.000 0.394
369500 0.196 0.411 0.000 0.394
370000 0.196 0.411 0.000 0.394
370500 0.196 0.411 0.000 0.394
371000 0.196 0.411 0.000 0.394
371500 0.196 0.411 0.000 0.394
372000 0.196 0.411 0.000 0.394
372500 0.196 0.411 0.000 0.394
373000 0.196 0.411 0.000 0.394
373500 0.196 0.411 0.000 0.394
374000 0.196 0.411 0.000 0.394
374500 0.196 0.411 0.000 0.394
375000 0.196 0.411 0.000 0.394
375500 0.196 0.411 0.000 0.394
376000 0.196 0.411 0.000 0.394
376500 0.196 0.411 0.000 0.394
377000 0.196 0.411 0.000 0.394
377500 0.196 0.411 0.000 0.394
378000 0.196 0.411 0.000 0.394
378500 0.196 0.411 0.000 0.394
379000 0.196 0.411 0.000 0.394
379500 0.196 0.411 0.000 0.394
380000 0.196 0.411 0.000 0.394
380500 0.196 0.411 0.000 0.394
381000 0.196 0.411 0.000 0.394
381500 0.196 0.411 0.000 0.394
382000 0.196 0.411 0.000 0.394
382500 0.196 0.411 0.000 0.394
383000 0.196 0.411 0.000 0.394
383500 0.196 0.411 0.000 0.394
384000 0.196 0.411 0.000 0.394
384500 0.196 0.411 0.000 0.394
385000 0.196 0.411 0.000 0.394
385500 0.196 0.411 0.000 0.394
386000 0.196 0.411 0.000 0.394
386500 0.196 0.411 0.000 0.394
387000 0.196 0.411 0.000 0.394
387500 0.196 0.411 0.000 0.394
388000 0.196 0.411 0.000 0.394
388500 0.196 0.411 0.000 0.394
389000 0.196 0.411 0.000 0.394
389500 0.196 0.411 0.000 0.394
390000 0.196 0.411 0.000 0.394
390500 0.196 0.411 0.000 0.394
391000 0.196 0.411 0.000 0.394
391500 0.196 0.411 0.000 0.394
392000 0.196 0.411 0.000 0.394
392500 0.196 0.411 0.000 0.394
393000 0.196 0.411 0.000 0.394
393500 0.196 0.411 0.000 0.394
394000 0.196 0.411 0.000 0.394
394500 0.196 0.411 0.000 0.394
395000 0.196 0.411 0.000 0.394
395500 0.196 0.411 0.000 0.394
396000 0.196 0.411 0.000 0.394
396500 0.196 0.411 0.000 0.394
397000 0.196 0.411 0.000 0.394
397500 0.196 0.411 0.000 0.394
398000 0.196 0.411 0.000 0.394
398500 0.196 0.411 0.000 0.394
399000 0.196 0.411 0.000 0.394
399500 0.196 0.411 0.000 0.394
400000 0.196 0.411 0.000 0.394
400500 0.196 0.411 0.000 0.394
401000 0.196 0.411 0.000 0.394
401500 0.196 0.411 0.000 0.394
402000 0.196 0.411 0.000 0.394
402500 0.196 0.411 0.000 0.394
403000 0.196 0.411 0.000 0.394
403500 0.196 0.411 0.000 0.394
404000 0.196 0.411 0.000 0.394
404500 0.196 0.411 0.000 0.394
405000 0.196 0.411 0.000 0.394
405500 0.196 0.411 0.000 0.394
406000 0.196 0.411 0.000 0.394
406500 0.196 0.411 0.000 0.394
407000 0.196 0.411 0.000 0.394
407500 0.196 0.411 0.000 0.394
408000 0.196 0.411 0.000 0.394
408500 0.196 0.411 0.000 0.394
409000 0.196 0.411 0.000 0.394
409500 0.196 0.411 0.000 0.394
410000 0.196 0.411 0.000 0.394
410500 0.196 0.411 0.000 0.394
411000 0.196 0.411 0.000 0.394
411500 0.196 0.411 0.000 0.394
412000 0.196 0.411 0.000 0.394
412500 0.196 0.411 0.000 0.394
413000 0.196 0.411 0.000 0.394
413500 0.196 0.411 0.000 0.394
414000 0.196 0.411 0.000 0.394
414500 0.196 0.411 0.000 0.394
415000 0.196 0.411 0.000 0.394
415500 0.196 0.411 0.000 0.394
416000 0.196 0.411 0.000 0.394
416500 0.196 0.411 0.000 0.394
417000 0.196 0.411 0.000 0.394
417500 0.196 0.411 0.000 0.394
418000 0.196 0.411 0.000 0.394
418500 0.196 0.411 0.000 0.394
419000 0.196 0.411 0.000 0.394
419500 0.196 0.411 0.000 0.394
420000 0.196 0.411 0.000 0.394
420500 0.196 0.411 0.000 0.394
421000 0.196 0.411 0.000 0.394
421500 0.196 0.411 0.000 0.394
422000 0.196 0.411 0.000 0.394
422500 0.196 0.411 0.000 0.394
423000 0.196 0.411 0.000 0.394
423500 0.196 0.411 0.000 0.394
424000 0.196 0.411 0.000 0.394
424500 0.196 0.411 0.000 0.394
425000 0.196 0.411 0.000 0.394
425500 0.196 0.411 0.000 0.394
426000 0.196 0.411 0.000 0.394
426500 0.196 0.411 0.000 0.394
427000 0.196 0.411 0.000 0.394
427500 0.196 0.411 0.000 0.394
428000 0.196 0.411 0.000 0.394
428500 0.196 0.411 0.000 0.394
429000 0.196 0.411 0.000 0.394
429500 0.196 0.411 0.000 0.394
430000 0.196 0.411 0.000 0.394
430500 0.196 0.411 0.000 0.394
431000 0.196 0.411 0.000 0.394
431500 0.196 0.411 0.000 0.394
432000 0.196 0.411 0.000 0.394
432500 0.196 0.411 0.000 0.394
433000 0.196 0.411 0.000 0.394
433500 0.196 0.411 0.000 0.394
434000 0.196 0.411 0.000 0.394
434500 0.196 0.411 0.000 0.394
435000 0.196 0.411 0.000 0.394
435500 0.196 0.411 0.000 0.394
436000 0.196 0.411 0.000 0.394
436500 0.196 0.411 0.000 0.394
437000 0.196 0.411 0.000 0.394
437500 0.196 0.411 0.000 0.394
438000 0.196 0.411 0.000 0.394
438500 0.196 0.411 0.000 0.394
439000 0.196 0.411 0.000 0.394
439500 0.196 0.411 0.000 0.394
440000 0.196 0.411 0.000 0.394
440500 0.196 0.411 0.000 0.394
441000 0.196 0.411 0.000 0.394
441500 0.196 0.411 0.000 0.394
442000 0.196 0.411 0.000 0.394
442500 0.196 0.411 0.000 0.394
443000 0.196 0.411 0.000 0.394
443500 0.196 0.411 0.000 0.394
444000 0.196 0.411 0.000 0.394
444500 0.196 0.411 0.000 0.394
445000 0.196 0.411 0.000 0.394
445500 0.196 0.411 0.000 0.394
446000 0.196 0.411 0.000 0.394
446500 0.196 0.411 0.000 0.394
447000 0.196 0.411 0.000 0.394
447500 0.196 0.411 0.000 0.394
448000 0.196 0.411 0.000 0.394
448500 0.196 0.411 0.000 0.394
449000 0.196 0.411 0.000 0.394
449500 0.196 0.411 0.000 0.394
450000 0.196 0.411 0.000 0.394
450500 0.196 0.411 0.000 0.394
451000 0.196 0.411 0.000 0.394
451500 0.196 0.411 0.000 0.394
452000 0.196 0.411 0.000 0.394
452500 0.196 0.411 0.000 0.394
453000 0.196 0.411 0.000 0.394
453500 0.196 0.411 0.000 0.394
454000 0.196 0.411 0.000 0.394
454500 0.196 0.411 0.000 0.394
455000 0.196 0.411 0.000 0.394
455500 0.196 0.411 0.000 0.394
456000 0.196 0.411 0.000 0.394
456500 0.196 0.411 0.000 0.394
457000 0.196 0.411 0.000 0.394
457500 0.196 0.411 0.000 0.394
458000 0.196 0.411 0.000 0.394
458500 0.196 0.411 0.000 0.394
459000 0.196 0.411 0.000 0.394
459500 0.196 0.411 0.000 0.394
460000 0.196 0.411 0.000 0.394
460500 0.196 0.411 0.000 0.394
461000 0.196 0.411 0.000 0.394
461500 0.196 0.411 0.000 0.394
462000 0.196 0.411 0.000 0.394
462500 0.196 0.411 0.000 0.394
463000 0.196 0.411 0.000 0.394
463500 0.196 0.411 0.000 0.394
464000 0.196 0.411 0.000 0.394
464500 0.196 0.411 0.000 0.394
465000 0.196 0.411 0.000 0.394
465500 0.196 0.411 0.000 0.394
466000 0.196 0.411 0.000 0.394
466500 0.196 0.411 0.000 0.394
467000 0.196 0.411 0.000 0.394
467500 0.196 0.411 0.000 0.394
468000 0.196 0.411 0.000 0.394
468500 0.196 0.411 0.000 0.394
469000 0.196 0.411 0.000 0.394
469500 0.196 0.411 0.000 0.394
470000 0.196 0.411 0.000 0.394
470500 0.196 0.411 0.000 0.394
471000 0.196 0.411 0.000 0.394
471500 0.196 0.411 0.000 0.394
472000 0.196 0.411 0.000 0.394
472500 0.196 0.411 0.000 0.394
473000 0.196 0.411 0.000 0.394
473500 0.196 0.411 0.000 0.394
474000 0.196 0.411 0.000 0.394
474500 0.196 0.411 0.000 0.394
475000 0.196 0.411 0.000 0.394
475500 0.196 0.411 0.000 0.394
476000 0.196 0.411 0.000 0.394
476500 0.196 0.411 0.000 0.394
477000 0.196 0.411 0.000 0.394
477500 0.196 0.411 0.000 0.394
478000 0.196 0.411 0.000 0.394
478500 0.196 0.411 0.000 0.394
479000 0.196 0.411 0.000 0.394
479500 0.196 0.411 0.000 0.394
480000 0.196 0.411 0.000 0.394
480500 0.196 0.411 0.000 0.394
481000 0.196 0.411 0.000 0.394
481500 0.196 0.411 0.000 0.394
482000 0.196 0.411 0.000 0.394
482500 0.196 0.411 0.000 0.394
483000 0.196 0.411 0.000 0.394
483500 0.196 0.411 0.000 0.394
484000 0.196 0.411 0.000 0.394
484500 0.196 0.411 0.000 0.394
485000 0.196 0.411 0.000 0.394
485500 0.196 0.411 0.000 0.394
486000 0.196 0.411 0.000 0.394
486500 0.196 0.411 0.000 0.394
487000 0.196 0.411 0.000 0.394
487500 0.196 0.411 0.000 0.394
488000 0.196 0.411 0.000 0.394
488500 0.196 0.411 0.000 0.394
489000 0.196 0.411 0.000 0.394
489500 0.196 0.411 0.000 0.394
490000 0.196 0.411 0.000 0.394
490500 0.196 0.411 0.000 0.394
491000 0.196 0.411 0.000 0.394
491500 0.196 0.411 0.000 0.394
492000 0.196 0.411 0.000 0.394
492500 0.196 0.411 0.000 0.394
493000 0.196 0.411 0.000 0.394
493500 0.196 0.411 0.000 0.394
494000 0.196 0.411 0.000 0.394
494500 0.196 0.411 0.000 0.394
495000 0.196 0.411 0.000 0.394
495500 0.196 0.411 0.000 0.394
496000 0.196 0.411 0.000 0.394
496500 0.196 0.411 0.000 0.394
497000 0.196 0.411 0.000 0.394
497500 0.196 0.411 0.000 0.394
498000 0.196 0.411 0.000 0.394
498500 0.196 0.411 0.000 0.394
499000 0.196 0.411 0.000 0.394
499500 0.196 0.411 0.000 0.394
500000 0.196 0.411 0.000 0.394
