000000 0.250 0.250 0.250 0.250
000500 0.052 0.577 0.000 0.371
001000 0.052 0.584 0.000 0.364
001500 0.052 0.589 0.000 0.360
002000 0.052 0.596 0.000 0.352
002500 0.052 0.601 0.000 0.348
003000 0.052 0.605 0.000 0.343
003500 0.052 0.608 0.000 0.341
004000 0.052 0.612 0.000 0.336
004500 0.052 0.616 0.000 0.332
005000 0.052 0.619 0.000 0.329
005500 0.052 0.622 0.000 0.326
006000 0.052 0.623 0.000 0.326
006500 0.052 0.627 0.000 0.321
007000 0.052 0.629 0.000 0.319
007500 0.052 0.631 0.000 0.317
008000 0.052 0.633 0.000 0.316
008500 0.052 0.634 0.000 0.314
009000 0.052 0.635 0.000 0.313
009500 0.052 0.638 0.000 0.310
010000 0.052 0.641 0.000 0.307
010500 0.052 0.642 0.000 0.306
011000 0.052 0.643 0.000 0.305
011500 0.052 0.644 0.000 0.304
012000 0.052 0.645 0.000 0.303
012500 0.052 0.646 0.000 0.302
013000 0.052 0.647 0.000 0.301
013500 0.052 0.647 0.000 0.301
014000 0.052 0.648 0.000 0.301
014500 0.052 0.648 0.000 0.301
015000 0.052 0.648 0.000 0.301
015500 0.052 0.648 0.000 0.301
016000 0.052 0.648 0.000 0.301
016500 0.052 0.648 0.000 0.301
017000 0.052 0.648 0.000 0.301
017500 0.052 0.648 0.000 0.301
018000 0.052 0.648 0.000 0.301
018500 0.052 0.648 0.000 0.301
019000 0.052 0.648 0.000 0.301
019500 0.052 0.648 0.000 0.301
020000 0.052 0.648 0.000 0.301
020500 0.052 0.648 0.000 0.301
021000 0.052 0.648 0.000 0.301
021500 0.052 0.648 0.000 0.301
022000 0.052 0.648 0.000 0.301
022500 0.052 0.648 0.000 0.301
023000 0.052 0.648 0.000 0.301
023500 0.052 0.648 0.000 0.301
024000 0.052 0.648 0.000 0.301
024500 0.052 0.648 0.000 0.301
025000 0.052 0.648 0.000 0.301
025500 0.052 0.648 0.000 0.301
026000 0.052 0.648 0.000 0.301
026500 0.052 0.648 0.000 0.301
027000 0.052 0.648 0.000 0.301
027500 0.052 0.648 0.000 0.301
028000 0.052 0.648 0.000 0.301
028500 0.052 0.648 0.000 0.301
029000 0.052 0.648 0.000 0.301
029500 0.052 0.648 0.000 0.301
030000 0.052 0.648 0.000 0.301
030500 0.052 0.648 0.000 0.301
031000 0.052 0.648 0.000 0.301
031500 0.052 0.648 0.000 0.301
032000 0.052 0.648 0.000 0.301
032500 0.052 0.648 0.000 0.301
033000 0.052 0.648 0.000 0.301
033500 0.052 0.648 0.000 0.301
034000 0.052 0.648 0.000 0.301
034500 0.052 0.648 0.000 0.301
035000 0.052 0.648 0.000 0.301
035500 0.052 0.648 0.000 0.301
036000 0.052 0.648 0.000 0.301
036500 0.052 0.648 0.000 0.301
037000 0.052 0.648 0.000 0.301
037500 0.052 0.648 0.000 0.301
038000 0.052 0.648 0.000 0.301
038500 0.052 0.648 0.000 0.301
039000 0.052 0.648 0.000 0.301
039500 0.052 0.648 0.000 0.301
040000 0.052 0.648 0.000 0.301
040500 0.052 0.648 0.000 0.301
041000 0.052 0.648 0.000 0.301
041500 0.052 0.648 0.000 0.301
042000 0.052 0.648 0.000 0.301
042500 0.052 0.648 0.000 0.301
043000 0.052 0.648 0.000 0.301
043500 0.052 0.648 0.000 0.301
044000 0.052 0.648 0.000 0.301
044500 0.052 0.648 0.000 0.301
045000 0.052 0.648 0.000 0.301
045500 0.052 0.648 0.000 0.301
046000 0.052 0.648 0.000 0.301
046500 0.052 0.648 0.000 0.301
047000 0.052 0.648 0.000 0.301
047500 0.052 0.648 0.000 0.301
048000 0.052 0.648 0.000 0.301
048500 0.052 0.648 0.000 0.301
049000 0.052 0.648 0.000 0.301
049500 0.052 0.648 0.000 0.301
050000 0.052 0.648 0.000 0.301
050500 0.052 0.648 0.000 0.301
051000 0.052 0.648 0.000 0.301
051500 0.052 0.648 0.000 0.301
052000 0.052 0.648 0.000 0.301
052500 0.052 0.648 0.000 0.301
053000 0.052 0.648 0.000 0.301
053500 0.052 0.648 0.000 0.301
054000 0.052 0.648 0.000 0.301
054500 0.052 0.648 0.000 0.301
055000 0.052 0.648 0.000 0.301
055500 0.052 0.648 0.000 0.301
056000 0.052 0.648 0.000 0.301
056500 0.052 0.648 0.000 0.301
057000 0.052 0.648 0.000 0.301
057500 0.052 0.648 0.000 0.301
058000 0.052 0.648 0.000 0.301
058500 0.052 0.648 0.000 0.301
059000 0.052 0.648 0.000 0.301
059500 0.052 0.648 0.000 0.301
060000 0.052 0.648 0.000 0.301
060500 0.052 0.648 0.000 0.301
061000 0.052 0.648 0.000 0.301
061500 0.052 0.648 0.000 0.301
062000 0.052 0.648 0.000 0.301
062500 0.052 0.648 0.000 0.301
063000 0.052 0.648 0.000 0.301
063500 0.052 0.648 0.000 0.301
064000 0.052 0.648 0.000 0.301
064500 0.052 0.648 0.000 0.301
065000 0.052 0.648 0.000 0.301
065500 0.052 0.648 0.000 0.301
066000 0.052 0.648 0.000 0.301
066500 0.052 0.648 0.000 0.301
067000 0.052 0.648 0.000 0.301
067500 0.052 0.648 0.000 0.301
068000 0.052 0.648 0.000 0.301
068500 0.052 0.648 0.000 0.301
069000 0.052 0.648 0.000 0.301
069500 0.052 0.648 0.000 0.301
070000 0.052 0.648 0.000 0.301
070500 0.052 0.648 0.000 0.301
071000 0.052 0.648 0.000 0.301
071500 0.052 0.648 0.000 0.301
072000 0.052 0.648 0.000 0.301
072500 0.052 0.648 0.000 0.301
073000 0.052 0.648 0.000 0.301
073500 0.052 0.648 0.000 0.301
074000 0.052 0.648 0.000 0.301
074500 0.052 0.648 0.000 0.301
075000 0.052 0.648 0.000 0.301
075500 0.052 0.648 0.000 0.301
076000 0.052 0.648 0.000 0.301
076500 0.052 0.648 0.000 0.301
077000 0.052 0.648 0.000 0.301
077500 0.052 0.648 0.000 0.301
078000 0.052 0.648 0.000 0.301
078500 0.052 0.648 0.000 0.301
079000 0.052 0.648 0.000 0.301
079500 0.052 0.648 0.000 0.301
080000 0.052 0.648 0.000 0.301
080500 0.052 0.648 0.000 0.301
081000 0.052 0.648 0.000 0.301
081500 0.052 0.648 0.000 0.301
082000 0.052 0.648 0.000 0.301
082500 0.052 0.648 0.000 0.301
083000 0.052 0.648 0.000 0.301
083500 0.052 0.648 0.000 0.301
084000 0.052 0.648 0.000 0.301
084500 0.052 0.648 0.000 0.301
085000 0.052 0.648 0.000 0.301
085500 0.052 0.648 0.000 0.301
086000 0.052 0.648 0.000 0.301
086500 0.052 0.648 0.000 0.301
087000 0.052 0.648 0.000 0.301
087500 0.052 0.648 0.000 0.301
088000 0.052 0.648 0.000 0.301
088500 0.052 0.648 0.000 0.301
089000 0.052 0.648 0.000 0.301
089500 0.052 0.648 0.000 0.301
090000 0.052 0.648 0.000 0.301
090500 0.052 0.648 0.000 0.301
091000 0.052 0.648 0.000 0.301
091500 0.052 0.648 0.000 0.301
092000 0.052 0.648 0.000 0.301
092500 0.052 0.648 0.000 0.301
093000 0.052 0.648 0.000 0.301
093500 0.052 0.648 0.000 0.301
094000 0.052 0.648 0.000 0.301
094500 0.052 0.648 0.000 0.301
095000 0.052 0.648 0.000 0.301
095500 0.052 0.648 0.000 0.301
096000 0.052 0.648 0.000 0.301
096500 0.052 0.648 0.000 0.301
097000 0.052 0.648 0.000 0.301
097500 0.052 0.648 0.000 0.301
098000 0.052 0.648 0.000 0.301
098500 0.052 0.648 0.000 0.301
099000 0.052 0.648 0.000 0.301
099500 0.052 0.648 0.000 0.301
100000 0.052 0.648 0.000 0.301
100500 0.052 0.648 0.000 0.301
101000 0.052 0.648 0.000 0.301
101500 0.052 0.648 0.000 0.301
102000 0.052 0.648 0.000 0.301
102500 0.052 0.648 0.000 0.301
103000 0.052 0.648 0.000 0.301
103500 0.052 0.648 0.000 0.301
104000 0.052 0.648 0.000 0.301
104500 0.052 0.648 0.000 0.301
105000 0.052 0.648 0.000 0.301
105500 0.052 0.648 0.000 0.301
106000 0.052 0.648 0.000 0.301
106500 0.052 0.648 0.000 0.301
107000 0.052 0.648 0.000 0.301
107500 0.052 0.648 0.000 0.301
108000 0.052 0.648 0.000 0.301
108500 0.052 0.648 0.000 0.301
109000 0.052 0.648 0.000 0.301
109500 0.052 0.648 0.000 0.301
110000 0.052 0.648 0.000 0.301
110500 0.052 0.648 0.000 0.301
111000 0.052 0.648 0.000 0.301
111500 0.052 0.648 0.000 0.301
112000 0.052 0.648 0.000 0.301
112500 0.052 0.648 0.000 0.301
113000 0.052 0.648 0.000 0.301
113500 0.052 0.648 0.000 0.301
114000 0.052 0.648 0.000 0.301
114500 0.052 0.648 0.000 0.301
115000 0.052 0.648 0.000 0.301
115500 0.052 0.648 0.000 0.301
116000 0.052 0.648 0.000 0.301
116500 0.052 0.648 0.000 0.301
117000 0.052 0.648 0.000 0.301
117500 0.052 0.648 0.000 0.301
118000 0.052 0.648 0.000 0.301
118500 0.052 0.648 0.000 0.301
119000 0.052 0.648 0.000 0.301
119500 0.052 0.648 0.000 0.301
120000 0.052 0.648 0.000 0.301
120500 0.052 0.648 0.000 0.301
121000 0.052 0.648 0.000 0.301
121500 0.052 0.648 0.000 0.301
122000 0.052 0.648 0.000 0.301
122500 0.052 0.648 0.000 0.301
123000 0.052 0.648 0.000 0.301
123500 0.052 0.648 0.000 0.301
124000 0.052 0.648 0.000 0.301
124500 0.052 0.648 0.000 0.301
125000 0.052 0.648 0.000 0.301
125500 0.052 0.648 0.000 0.301
126000 0.052 0.648 0.000 0.301
126500 0.052 0.648 0.000 0.301
127000 0.052 0.648 0.000 0.301
127500 0.052 0.648 0.000 0.301
128000 0.052 0.648 0.000 0.301
128500 0.052 0.648 0.000 0.301
129000 0.052 0.648 0.000 0.301
129500 0.052 0.648 0.000 0.301
130000 0.052 0.648 0.000 0.301
130500 0.052 0.648 0.000 0.301
131000 0.052 0.648 0.000 0.301
131500 0.052 0.648 0.000 0.301
132000 0.052 0.648 0.000 0.301
132500 0.052 0.648 0.000 0.301
133000 0.052 0.648 0.000 0.301
133500 0.052 0.648 0.000 0.301
134000 0.052 0.648 0.000 0.301
134500 0.052 0.648 0.000 0.301
135000 0.052 0.648 0.000 0.301
135500 0.052 0.648 0.000 0.301
136000 0.052 0.648 0.000 0.301
136500 0.052 0.648 0.000 0.301
137000 0.052 0.648 0.000 0.301
137500 0.052 0.648 0.000 0.301
138000 0.052 0.648 0.000 0.301
138500 0.052 0.648 0.000 0.301
139000 0.052 0.648 0.000 0.301
139500 0.052 0.648 0.000 0.301
140000 0.052 0.648 0.000 0.301
140500 0.052 0.648 0.000 0.301
141000 0.052 0.648 0.000 0.301
141500 0.052 0.648 0.000 0.301
142000 0.052 0.648 0.000 0.301
142500 0.052 0.648 0.000 0.301
143000 0.052 0.648 0.000 0.301
143500 0.052 0.648 0.000 0.301
144000 0.052 0.648 0.000 0.301
144500 0.052 0.648 0.000 0.301
145000 0.052 0.648 0.000 0.301
145500 0.052 0.648 0.000 0.301
146000 0.052 0.648 0.000 0.301
146500 0.052 0.648 0.000 0.301
147000 0.052 0.648 0.000 0.301
147500 0.052 0.648 0.000 0.301
148000 0.052 0.648 0.000 0.301
148500 0.052 0.648 0.000 0.301
149000 0.052 0.648 0.000 0.301
149500 0.052 0.648 0.000 0.301
150000 0.052 0.648 0.000 0.301
150500 0.052 0.648 0.000 0.301
151000 0.052 0.648 0.000 0.301
151500 0.052 0.648 0.000 0.301
152000 0.052 0.648 0.000 0.301
152500 0.052 0.648 0.000 0.301
153000 0.052 0.648 0.000 0.301
153500 0.052 0.648 0.000 0.301
154000 0.052 0.648 0.000 0.301
154500 0.052 0.648 0.000 0.301
155000 0.052 0.648 0.000 0.301
155500 0.052 0.648 0.000 0.301
156000 0.052 0.648 0.000 0.301
156500 0.052 0.648 0.000 0.301
157000 0.052 0.648 0.000 0.301
157500 0.052 0.648 0.000 0.301
158000 0.052 0.648 0.000 0.301
158500 0.052 0.648 0.000 0.301
159000 0.052 0.648 0.000 0.301
159500 0.052 0.648 0.000 0.301
160000 0.052 0.648 0.000 0.301
160500 0.052 0.648 0.000 0.301
161000 0.052 0.648 0.000 0.301
161500 0.052 0.648 0.000 0.301
162000 0.052 0.648 0.000 0.301
162500 0.052 0.648 0.000 0.301
163000 0.052 0.648 0.000 0.301
163500 0.052 0.648 0.000 0.301
164000 0.052 0.648 0.000 0.301
164500 0.052 0.648 0.000 0.301
165000 0.052 0.648 0.000 0.301
165500 0.052 0.648 0.000 0.301
166000 0.052 0.648 0.000 0.301
166500 0.052 0.648 0.000 0.301
167000 0.052 0.648 0.000 0.301
167500 0.052 0.648 0.000 0.301
168000 0.052 0.648 0.000 0.301
168500 0.052 0.648 0.000 0.301
169000 0.052 0.648 0.000 0.301
169500 0.052 0.648 0.000 0.301
170000 0.052 0.648 0.000 0.301
170500 0.052 0.648 0.000 0.301
171000 0.052 0.648 0.000 0.301
171500 0.052 0.648 0.000 0.301
172000 0.052 0.648 0.000 0.301
172500 0.052 0.648 0.000 0.301
173000 0.052 0.648 0.000 0.301
173500 0.052 0.648 0.000 0.301
174000 0.052 0.648 0.000 0.301
174500 0.052 0.648 0.000 0.301
175000 0.052 0.648 0.000 0.301
175500 0.052 0.648 0.000 0.301
176000 0.052 0.648 0.000 0.301
176500 0.052 0.648 0.000 0.301
177000 0.052 0.648 0.000 0.301
177500 0.052 0.648 0.000 0.301
178000 0.052 0.648 0.000 0.301
178500 0.052 0.648 0.000 0.301
179000 0.052 0.648 0.000 0.301
179500 0.052 0.648 0.000 0.301
180000 0.052 0.648 0.000 0.301
180500 0.052 0.648 0.000 0.301
181000 0.052 0.648 0.000 0.301
181500 0.052 0.648 0.000 0.301
182000 0.052 0.648 0.000 0.301
182500 0.052 0.648 0.000 0.301
183000 0.052 0.648 0.000 0.301
183500 0.052 0.648 0.000 0.301
184000 0.052 0.648 0.000 0.301
184500 0.052 0.648 0.000 0.301
185000 0.052 0.648 0.000 0.301
185500 0.052 0.648 0.000 0.301
186000 0.052 0.648 0.000 0.301
186500 0.052 0.648 0.000 0.301
187000 0.052 0.648 0.000 0.301
187500 0.052 0.648 0.000 0.301
188000 0.052 0.648 0.000 0.301
188500 0.052 0.648 0.000 0.301
189000 0.052 0.648 0.000 0.301
189500 0.052 0.648 0.000 0.301
190000 0.052 0.648 0.000 0.301
190500 0.052 0.648 0.000 0.301
191000 0.052 0.648 0.000 0.301
191500 0.052 0.648 0.000 0.301
192000 0.052 0.648 0.000 0.301
192500 0.052 0.648 0.000 0.301
193000 0.052 0.648 0.000 0.301
193500 0.052 0.648 0.000 0.301
194000 0.052 0.648 0.000 0.301
194500 0.052 0.648 0.000 0.301
195000 0.052 0.648 0.000 0.301
195500 0.052 0.648 0.000 0.301
196000 0.052 0.648 0.000 0.301
196500 0.052 0.648 0.000 0.301
197000 0.052 0.648 0.000 0.301
197500 0.052 0.648 0.000 0.301
198000 0.052 0.648 0.000 0.301
198500 0.052 0.648 0.000 0.301
199000 0.052 0.648 0.000 0.301
199500 0.052 0.648 0.000 0.301
200000 0.052 0.648 0.000 0.301
200500 0.052 0.648 0.000 0.301
201000 0.052 0.648 0.000 0.301
201500 0.052 0.648 0.000 0.301
202000 0.052 0.648 0.000 0.301
202500 0.052 0.648 0.000 0.301
203000 0.052 0.648 0.000 0.301
203500 0.052 0.648 0.000 0.301
204000 0.052 0.648 0.000 0.301
204500 0.052 0.648 0.000 0.301
205000 0.052 0.648 0.000 0.301
205500 0.052 0.648 0.000 0.301
206000 0.052 0.648 0.000 0.301
206500 0.052 0.648 0.000 0.301
207000 0.052 0.648 0.000 0.301
207500 0.052 0.648 0.000 0.301
208000 0.052 0.648 0.000 0.301
208500 0.052 0.648 0.000 0.301
209000 0.052 0.648 0.000 0.301
209500 0.052 0.648 0.000 0.301
210000 0.052 0.648 0.000 0.301
210500 0.052 0.648 0.000 0.301
211000 0.052 0.648 0.000 0.301
211500 0.052 0.648 0.000 0.301
212000 0.052 0.648 0.000 0.301
212500 0.052 0.648 0.000 0.301
213000 0.052 0.648 0.000 0.301
213500 0.052 0.648 0.000 0.301
214000 0.052 0.648 0.000 0.301
214500 0.052 0.648 0.000 0.301
215000 0.052 0.648 0.000 0.301
215500 0.052 0.648 0.000 0.301
216000 0.052 0.648 0.000 0.301
216500 0.052 0.648 0.000 0.301
217000 0.052 0.648 0.000 0.301
217500 0.052 0.648 0.000 0.301
218000 0.052 0.648 0.000 0.301
218500 0.052 0.648 0.000 0.301
219000 0.052 0.648 0.000 0.301
219500 0.052 0.648 0.000 0.301
220000 0.052 0.648 0.000 0.301
220500 0.052 0.648 0.000 0.301
221000 0.052 0.648 0.000 0.301
221500 0.052 0.648 0.000 0.301
222000 0.052 0.648 0.000 0.301
222500 0.052 0.648 0.000 0.301
223000 0.052 0.648 0.000 0.301
223500 0.052 0.648 0.000 0.301
224000 0.052 0.648 0.000 0.301
224500 0.052 0.648 0.000 0.301
225000 0.052 0.648 0.000 0.301
225500 0.052 0.648 0.000 0.301
226000 0.052 0.648 0.000 0.301
226500 0.052 0.648 0.000 0.301
227000 0.052 0.648 0.000 0.301
227500 0.052 0.648 0.000 0.301
228000 0.052 0.648 0.000 0.301
228500 0.052 0.648 0.000 0.301
229000 0.052 0.648 0.000 0.301
229500 0.052 0.648 0.000 0.301
230000 0.052 0.648 0.000 0.301
230500 0.052 0.648 0.000 0.301
231000 0.052 0.648 0.000 0.301
231500 0.052 0.648 0.000 0.301
232000 0.052 0.648 0.000 0.301
232500 0.052 0.648 0.000 0.301
233000 0.052 0.648 0.000 0.301
233500 0.052 0.648 0.000 0.301
234000 0.052 0.648 0.000 0.301
234500 0.052 0.648 0.000 0.301
235000 0.052 0.648 0.000 0.301
235500 0.052 0.648 0.000 0.301
236000 0.052 0.648 0.000 0.301
236500 0.052 0.648 0.000 0.301
237000 0.052 0.648 0.000 0.301
237500 0.052 0.648 0.000 0.301
238000 0.052 0.648 0.000 0.301
238500 0.052 0.648 0.000 0.301
239000 0.052 0.648 0.000 0.301
239500 0.052 0.648 0.000 0.301
240000 0.052 0.648 0.000 0.301
240500 0.052 0.648 0.000 0.301
241000 0.052 0.648 0.000 0.301
241500 0.052 0.648 0.000 0.301
242000 0.052 0.648 0.000 0.301
242500 0.052 0.648 0.000 0.301
243000 0.052 0.648 0.000 0.301
243500 0.052 0.648 0.000 0.301
244000 0.052 0.648 0.000 0.301
244500 0.052 0.648 0.000 0.301
245000 0.052 0.648 0.000 0.301
245500 0.052 0.648 0.000 0.301
246000 0.052 0.648 0.000 0.301
246500 0.052 0.648 0.000 0.301
247000 0.052 0.648 0.000 0.301
247500 0.052 0.648 0.000 0.301
248000 0.052 0.648 0.000 0.301
248500 0.052 0.648 0.000 0.301
249000 0.052 0.648 0.000 0.301
249500 0.052 0.648 0.000 0.301
250000 0.052 0.648 0.000 0.301
250500 0.052 0.648 0.000 0.301
251000 0.052 0.648 0.000 0.301
251500 0.052 0.648 0.000 0.301
252000 0.052 0.648 0.000 0.301
252500 0.052 0.648 0.000 0.301
253000 0.052 0.648 0.000 0.301
253500 0.052 0.648 0.000 0.301
254000 0.052 0.648 0.000 0.301
254500 0.052 0.648 0.000 0.301
255000 0.052 0.648 0.000 0.301
255500 0.052 0.648 0.000 0.301
256000 0.052 0.648 0.000 0.301
256500 0.052 0.648 0.000 0.301
257000 0.052 0.648 0.000 0.301
257500 0.052 0.648 0.000 0.301
258000 0.052 0.648 0.000 0.301
258500 0.052 0.648 0.000 0.301
259000 0.052 0.648 0.000 0.301
259500 0.052 0.648 0.000 0.301
260000 0.052 0.648 0.000 0.301
260500 0.052 0.648 0.000 0.301
261000 0.052 0.648 0.000 0.301
261500 0.052 0.648 0.000 0.301
262000 0.052 0.648 0.000 0.301
262500 0.052 0.648 0.000 0.301
263000 0.052 0.648 0.000 0.301
263500 0.052 0.648 0.000 0.301
264000 0.052 0.648 0.000 0.301
264500 0.052 0.648 0.000 0.301
265000 0.052 0.648 0.000 0.301
265500 0.052 0.648 0.000 0.301
266000 0.052 0.648 0.000 0.301
266500 0.052 0.648 0.000 0.301
267000 0.052 0.648 0.000 0.301
267500 0.052 0.648 0.000 0.301
268000 0.052 0.648 0.000 0.301
268500 0.052 0.648 0.000 0.301
269000 0.052 0.648 0.000 0.301
269500 0.052 0.648 0.000 0.301
270000 0.052 0.648 0.000 0.301
270500 0.052 0.648 0.000 0.301
271000 0.052 0.648 0.000 0.301
271500 0.052 0.648 0.000 0.301
272000 0.052 0.648 0.000 0.301
272500 0.052 0.648 0.000 0.301
273000 0.052 0.648 0.000 0.301
273500 0.052 0.648 0.000 0.301
274000 0.052 0.648 0.000 0.301
274500 0.052 0.648 0.000 0.301
275000 0.052 0.648 0.000 0.301
275500 0.052 0.648 0.000 0.301
276000 0.052 0.648 0.000 0.301
276500 0.052 0.648 0.000 0.301
277000 0.052 0.648 0.000 0.301
277500 0.052 0.648 0.000 0.301
278000 0.052 0.648 0.000 0.301
278500 0.052 0.648 0.000 0.301
279000 0.052 0.648 0.000 0.301
279500 0.052 0.648 0.000 0.301
280000 0.052 0.648 0.000 0.301
280500 0.052 0.648 0.000 0.301
281000 0.052 0.648 0.000 0.301
281500 0.052 0.648 0.000 0.301
282000 0.052 0.648 0.000 0.301
282500 0.052 0.648 0.000 0.301
283000 0.052 0.648 0.000 0.301
283500 0.052 0.648 0.000 0.301
284000 0.052 0.648 0.000 0.301
284500 0.052 0.648 0.000 0.301
285000 0.052 0.648 0.000 0.301
285500 0.052 0.648 0.000 0.301
286000 0.052 0.648 0.000 0.301
286500 0.052 0.648 0.000 0.301
287000 0.052 0.648 0.000 0.301
287500 0.052 0.648 0.000 0.301
288000 0.052 0.648 0.000 0.301
288500 0.052 0.648 0.000 0.301
289000 0.052 0.648 0.000 0.301
289500 0.052 0.648 0.000 0.301
290000 0.052 0.648 0.000 0.301
290500 0.052 0.648 0.000 0.301
291000 0.052 0.648 0.000 0.301
291500 0.052 0.648 0.000 0.301
292000 0.052 0.648 0.000 0.301
292500 0.052 0.648 0.000 0.301
293000 0.052 0.648 0.000 0.301
293500 0.052 0.648 0.000 0.301
294000 0.052 0.648 0.000 0.301
294500 0.052 0.648 0.000 0.301
295000 0.052 0.648 0.000 0.301
295500 0.052 0.648 0.000 0.301
296000 0.052 0.648 0.000 0.301
296500 0.052 0.648 0.000 0.301
297000 0.052 0.648 0.000 0.301
297500 0.052 0.648 0.000 0.301
298000 0.052 0.648 0.000 0.301
298500 0.052 0.648 0.000 0.301
299000 0.052 0.648 0.000 0.301
299500 0.052 0.648 0.000 0.301
300000 0.052 0.648 0.000 0.301
300500 0.052 0.648 0.000 0.301
301000 0.052 0.648 0.000 0.301
301500 0.052 0.648 0.000 0.301
302000 0.052 0.648 0.000 0.301
302500 0.052 0.648 0.000 0.301
303000 0.052 0.648 0.000 0.301
303500 0.052 0.648 0.000 0.301
304000 0.052 0.648 0.000 0.301
304500 0.052 0.648 0.000 0.301
305000 0.052 0.648 0.000 0.301
305500 0.052 0.648 0.000 0.301
306000 0.052 0.648 0.000 0.301
306500 0.052 0.648 0.000 0.301
307000 0.052 0.648 0.000 0.301
307500 0.052 0.648 0.000 0.301
308000 0.052 0.648 0.000 0.301
308500 0.052 0.648 0.000 0.301
309000 0.052 0.648 0.000 0.301
309500 0.052 0.648 0.000 0.301
310000 0.052 0.648 0.000 0.301
310500 0.052 0.648 0.000 0.301
311000 0.052 0.648 0.000 0.301
311500 0.052 0.648 0.000 0.301
312000 0.052 0.648 0.000 0.301
312500 0.052 0.648 0.000 0.301
313000 0.052 0.648 0.000 0.301
313500 0.052 0.648 0.000 0.301
314000 0.052 0.648 0.000 0.301
314500 0.052 0.648 0.000 0.301
315000 0.052 0.648 0.000 0.301
315500 0.052 0.648 0.000 0.301
316000 0.052 0.648 0.000 0.301
316500 0.052 0.648 0.000 0.301
317000 0.052 0.648 0.000 0.301
317500 0.052 0.648 0.000 0.301
318000 0.052 0.648 0.000 0.301
318500 0.052 0.648 0.000 0.301
319000 0.052 0.648 0.000 0.301
319500 0.052 0.648 0.000 0.301
320000 0.052 0.648 0.000 0.301
320500 0.052 0.648 0.000 0.301
321000 0.052 0.648 0.000 0.301
321500 0.052 0.648 0.000 0.301
322000 0.052 0.648 0.000 0.301
322500 0.052 0.648 0.000 0.301
323000 0.052 0.648 0.000 0.301
323500 0.052 0.648 0.000 0.301
324000 0.052 0.648 0.000 0.301
324500 0.052 0.648 0.000 0.301
325000 0.052 0.648 0.000 0.301
325500 0.052 0.648 0.000 0.301
326000 0.052 0.648 0.000 0.301
326500 0.052 0.648 0.000 0.301
327000 0.052 0.648 0.000 0.301
327500 0.052 0.648 0.000 0.301
328000 0.052 0.648 0.000 0.301
328500 0.052 0.648 0.000 0.301
329000 0.052 0.648 0.000 0.301
329500 0.052 0.648 0.000 0.301
330000 0.052 0.648 0.000 0.301
330500 0.052 0.648 0.000 0.301
331000 0.052 0.648 0.000 0.301
331500 0.052 0.648 0.000 0.301
332000 0.052 0.648 0.000 0.301
332500 0.052 0.648 0.000 0.301
333000 0.052 0.648 0.000 0.301
333500 0.052 0.648 0.000 0.301
334000 0.052 0.648 0.000 0.301
334500 0.052 0.648 0.000 0.301
335000 0.052 0.648 0.000 0.301
335500 0.052 0.648 0.000 0.301
336000 0.052 0.648 0.000 0.301
336500 0.052 0.648 0.000 0.301
337000 0.052 0.648 0.000 0.301
337500 0.052 0.648 0.000 0.301
338000 0.052 0.648 0.000 0.301
338500 0.052 0.648 0.000 0.301
339000 0.052 0.648 0.000 0.301
339500 0.052 0.648 0.000 0.301
340000 0.052 0.648 0.000 0.301
340500 0.052 0.648 0.000 0.301
341000 0.052 0.648 0.000 0.301
341500 0.052 0.648 0.000 0.301
342000 0.052 0.648 0.000 0.301
342500 0.052 0.648 0.000 0.301
343000 0.052 0.648 0.000 0.301
343500 0.052 0.648 0.000 0.301
344000 0.052 0.648 0.000 0.301
344500 0.052 0.648 0.000 0.301
345000 0.052 0.648 0.000 0.301
345500 0.052 0.648 0.000 0.301
346000 0.052 0.648 0.000 0.301
346500 0.052 0.648 0.000 0.301
347000 0.052 0.648 0.000 0.301
347500 0.052 0.648 0.000 0.301
348000 0.052 0.648 0.000 0.301
348500 0.052 0.648 0.000 0.301
349000 0.052 0.648 0.000 0.301
349500 0.052 0.648 0.000 0.301
350000 0.052 0.648 0.000 0.301
350500 0.052 0.648 0.000 0.301
351000 0.052 0.648 0.000 0.301
351500 0.052 0.648 0.000 0.301
352000 0.052 0.648 0.000 0.301
352500 0.052 0.648 0.000 0.301
353000 0.052 0.648 0.000 0.301
353500 0.052 0.648 0.000 0.301
354000 0.052 0.648 0.000 0.301
354500 0.052 0.648 0.000 0.301
355000 0.052 0.648 0.000 0.301
355500 0.052 0.648 0.000 0.301
356000 0.052 0.648 0.000 0.301
356500 0.052 0.648 0.000 0.301
357000 0.052 0.648 0.000 0.301
357500 0.052 0.648 0.000 0.301
358000 0.052 0.648 0.000 0.301
358500 0.052 0.648 0.000 0.301
359000 0.052 0.648 0.000 0.301
359500 0.052 0.648 0.000 0.301
360000 0.052 0.648 0.000 0.301
360500 0.052 0.648 0.000 0.301
361000 0.052 0.648 0.000 0.301
361500 0.052 0.648 0.000 0.301
362000 0.052 0.648 0.000 0.301
362500 0.052 0.648 0.000 0.301
363000 0.052 0.648 0.000 0.301
363500 0.052 0.648 0.000 0.301
364000 0.052 0.648 0.000 0.301
364500 0.052 0.648 0.000 0.301
365000 0.052 0.648 0.000 0.301
365500 0.052 0.648 0.000 0.301
366000 0.052 0.648 0.000 0.301
366500 0.052 0.648 0.000 0.301
367000 0.052 0.648 0.000 0.301
367500 0.052 0.648 0.000 0.301
368000 0.052 0.648 0.000 0.301
368500 0.052 0.648 0.000 0.301
369000 0.052 0.648 0.000 0.301
369500 0.052 0.648 0.000 0.301
370000 0.052 0.648 0.000 0.301
370500 0.052 0.648 0.000 0.301
371000 0.052 0.648 0.000 0.301
371500 0.052 0.648 0.000 0.301
372000 0.052 0.648 0.000 0.301
372500 0.052 0.648 0.000 0.301
373000 0.052 0.648 0.000 0.301
373500 0.052 0.648 0.000 0.301
374000 0.052 0.648 0.000 0.301
374500 0.052 0.648 0.000 0.301
375000 0.052 0.648 0.000 0.301
375500 0.052 0.648 0.000 0.301
376000 0.052 0.648 0.000 0.301
376500 0.052 0.648 0.000 0.301
377000 0.052 0.648 0.000 0.301
377500 0.052 0.648 0.000 0.301
378000 0.052 0.648 0.000 0.301
378500 0.052 0.648 0.000 0.301
379000 0.052 0.648 0.000 0.301
379500 0.052 0.648 0.000 0.301
380000 0.052 0.648 0.000 0.301
380500 0.052 0.648 0.000 0.301
381000 0.052 0.648 0.000 0.301
381500 0.052 0.648 0.000 0.301
382000 0.052 0.648 0.000 0.301
382500 0.052 0.648 0.000 0.301
383000 0.052 0.648 0.000 0.301
383500 0.052 0.648 0.000 0.301
384000 0.052 0.648 0.000 0.301
384500 0.052 0.648 0.000 0.301
385000 0.052 0.648 0.000 0.301
385500 0.052 0.648 0.000 0.301
386000 0.052 0.648 0.000 0.301
386500 0.052 0.648 0.000 0.301
387000 0.052 0.648 0.000 0.301
387500 0.052 0.648 0.000 0.301
388000 0.052 0.648 0.000 0.301
388500 0.052 0.648 0.000 0.301
389000 0.052 0.648 0.000 0.301
389500 0.052 0.648 0.000 0.301
390000 0.052 0.648 0.000 0.301
390500 0.052 0.648 0.000 0.301
391000 0.052 0.648 0.000 0.301
391500 0.052 0.648 0.000 0.301
392000 0.052 0.648 0.000 0.301
392500 0.052 0.648 0.000 0.301
393000 0.052 0.648 0.000 0.301
393500 0.052 0.648 0.000 0.301
394000 0.052 0.648 0.000 0.301
394500 0.052 0.648 0.000 0.301
395000 0.052 0.648 0.000 0.301
395500 0.052 0.648 0.000 0.301
396000 0.052 0.648 0.000 0.301
396500 0.052 0.648 0.000 0.301
397000 0.052 0.648 0.000 0.301
397500 0.052 0.648 0.000 0.301
398000 0.052 0.648 0.000 0.301
398500 0.052 0.648 0.000 0.301
399000 0.052 0.648 0.000 0.301
399500 0.052 0.648 0.000 0.301
400000 0.052 0.648 0.000 0.301
400500 0.052 0.648 0.000 0.301
401000 0.052 0.648 0.000 0.301
401500 0.052 0.648 0.000 0.301
402000 0.052 0.648 0.000 0.301
402500 0.052 0.648 0.000 0.301
403000 0.052 0.648 0.000 0.301
403500 0.052 0.648 0.000 0.301
404000 0.052 0.648 0.000 0.301
404500 0.052 0.648 0.000 0.301
405000 0.052 0.648 0.000 0.301
405500 0.052 0.648 0.000 0.301
406000 0.052 0.648 0.000 0.301
406500 0.052 0.648 0.000 0.301
407000 0.052 0.648 0.000 0.301
407500 0.052 0.648 0.000 0.301
408000 0.052 0.648 0.000 0.301
408500 0.052 0.648 0.000 0.301
409000 0.052 0.648 0.000 0.301
409500 0.052 0.648 0.000 0.301
410000 0.052 0.648 0.000 0.301
410500 0.052 0.648 0.000 0.301
411000 0.052 0.648 0.000 0.301
411500 0.052 0.648 0.000 0.301
412000 0.052 0.648 0.000 0.301
412500 0.052 0.648 0.000 0.301
413000 0.052 0.648 0.000 0.301
413500 0.052 0.648 0.000 0.301
414000 0.052 0.648 0.000 0.301
414500 0.052 0.648 0.000 0.301
415000 0.052 0.648 0.000 0.301
415500 0.052 0.648 0.000 0.301
416000 0.052 0.648 0.000 0.301
416500 0.052 0.648 0.000 0.301
417000 0.052 0.648 0.000 0.301
417500 0.052 0.648 0.000 0.301
418000 0.052 0.648 0.000 0.301
418500 0.052 0.648 0.000 0.301
419000 0.052 0.648 0.000 0.301
419500 0.052 0.648 0.000 0.301
420000 0.052 0.648 0.000 0.301
420500 0.052 0.648 0.000 0.301
421000 0.052 0.648 0.000 0.301
421500 0.052 0.648 0.000 0.301
422000 0.052 0.648 0.000 0.301
422500 0.052 0.648 0.000 0.301
423000 0.052 0.648 0.000 0.301
423500 0.052 0.648 0.000 0.301
424000 0.052 0.648 0.000 0.301
424500 0.052 0.648 0.000 0.301
425000 0.052 0.648 0.000 0.301
425500 0.052 0.648 0.000 0.301
426000 0.052 0.648 0.000 0.301
426500 0.052 0.648 0.000 0.301
427000 0.052 0.648 0.000 0.301
427500 0.052 0.648 0.000 0.301
428000 0.052 0.648 0.000 0.301
428500 0.052 0.648 0.000 0.301
429000 0.052 0.648 0.000 0.301
429500 0.052 0.648 0.000 0.301
430000 0.052 0.648 0.000 0.301
430500 0.052 0.648 0.000 0.301
431000 0.052 0.648 0.000 0.301
431500 0.052 0.648 0.000 0.301
432000 0.052 0.648 0.000 0.301
432500 0.052 0.648 0.000 0.301
433000 0.052 0.648 0.000 0.301
433500 0.052 0.648 0.000 0.301
434000 0.052 0.648 0.000 0.301
434500 0.052 0.648 0.000 0.301
435000 0.052 0.648 0.000 0.301
435500 0.052 0.648 0.000 0.301
436000 0.052 0.648 0.000 0.301
436500 0.052 0.648 0.000 0.301
437000 0.052 0.648 0.000 0.301
437500 0.052 0.648 0.000 0.301
438000 0.052 0.648 0.000 0.301
438500 0.052 0.648 0.000 0.301
439000 0.052 0.648 0.000 0.301
439500 0.052 0.648 0.000 0.301
440000 0.052 0.648 0.000 0.301
440500 0.052 0.648 0.000 0.301
441000 0.052 0.648 0.000 0.301
441500 0.052 0.648 0.000 0.301
442000 0.052 0.648 0.000 0.301
442500 0.052 0.648 0.000 0.301
443000 0.052 0.648 0.000 0.301
443500 0.052 0.648 0.000 0.301
444000 0.052 0.648 0.000 0.301
444500 0.052 0.648 0.000 0.301
445000 0.052 0.648 0.000 0.301
445500 0.052 0.648 0.000 0.301
446000 0.052 0.648 0.000 0.301
446500 0.052 0.648 0.000 0.301
447000 0.052 0.648 0.000 0.301
447500 0.052 0.648 0.000 0.301
448000 0.052 0.648 0.000 0.301
448500 0.052 0.648 0.000 0.301
449000 0.052 0.648 0.000 0.301
449500 0.052 0.648 0.000 0.301
450000 0.052 0.648 0.000 0.301
450500 0.052 0.648 0.000 0.301
451000 0.052 0.648 0.000 0.301
451500 0.052 0.648 0.000 0.301
452000 0.052 0.648 0.000 0.301
452500 0.052 0.648 0.000 0.301
453000 0.052 0.648 0.000 0.301
453500 0.052 0.648 0.000 0.301
454000 0.052 0.648 0.000 0.301
454500 0.052 0.648 0.000 0.301
455000 0.052 0.648 0.000 0.301
455500 0.052 0.648 0.000 0.301
456000 0.052 0.648 0.000 0.301
456500 0.052 0.648 0.000 0.301
457000 0.052 0.648 0.000 0.301
457500 0.052 0.648 0.000 0.301
458000 0.052 0.648 0.000 0.301
458500 0.052 0.648 0.000 0.301
459000 0.052 0.648 0.000 0.301
459500 0.052 0.648 0.000 0.301
460000 0.052 0.648 0.000 0.301
460500 0.052 0.648 0.000 0.301
461000 0.052 0.648 0.000 0.301
461500 0.052 0.648 0.000 0.301
462000 0.052 0.648 0.000 0.301
462500 0.052 0.648 0.000 0.301
463000 0.052 0.648 0.000 0.301
463500 0.052 0.648 0.000 0.301
464000 0.052 0.648 0.000 0.301
464500 0.052 0.648 0.000 0.301
465000 0.052 0.648 0.000 0.301
465500 0.052 0.648 0.000 0.301
466000 0.052 0.648 0.000 0.301
466500 0.052 0.648 0.000 0.301
467000 0.052 0.648 0.000 0.301
467500 0.052 0.648 0.000 0.301
468000 0.052 0.648 0.000 0.301
468500 0.052 0.648 0.000 0.301
469000 0.052 0.648 0.000 0.301
469500 0.052 0.648 0.000 0.301
470000 0.052 0.648 0.000 0.301
470500 0.052 0.648 0.000 0.301
471000 0.052 0.648 0.000 0.301
471500 0.052 0.648 0.000 0.301
472000 0.052 0.648 0.000 0.301
472500 0.052 0.648 0.000 0.301
473000 0.052 0.648 0.000 0.301
473500 0.052 0.648 0.000 0.301
474000 0.052 0.648 0.000 0.301
474500 0.052 0.648 0.000 0.301
475000 0.052 0.648 0.000 0.301
475500 0.052 0.648 0.000 0.301
476000 0.052 0.648 0.000 0.301
476500 0.052 0.648 0.000 0.301
477000 0.052 0.648 0.000 0.301
477500 0.052 0.648 0.000 0.301
478000 0.052 0.648 0.000 0.301
478500 0.052 0.648 0.000 0.301
479000 0.052 0.648 0.000 0.301
479500 0.052 0.648 0.000 0.301
480000 0.052 0.648 0.000 0.301
480500 0.052 0.648 0.000 0.301
481000 0.052 0.648 0.000 0.301
481500 0.052 0.648 0.000 0.301
482000 0.052 0.648 0.000 0.301
482500 0.052 0.648 0.000 0.301
483000 0.052 0.648 0.000 0.301
483500 0.052 0.648 0.000 0.301
484000 0.052 0.648 0.000 0.301
484500 0.052 0.648 0.000 0.301
485000 0.052 0.648 0.000 0.301
485500 0.052 0.648 0.000 0.301
486000 0.052 0.648 0.000 0.301
486500 0.052 0.648 0.000 0.301
487000 0.052 0.648 0.000 0.301
487500 0.052 0.648 0.000 0.301
488000 0.052 0.648 0.000 0.301
488500 0.052 0.648 0.000 0.301
489000 0.052 0.648 0.000 0.301
489500 0.052 0.648 0.000 0.301
490000 0.052 0.648 0.000 0.301
490500 0.052 0.648 0.000 0.301
491000 0.052 0.648 0.000 0.301
491500 0.052 0.648 0.000 0.301
492000 0.052 0.648 0.000 0.301
492500 0.052 0.648 0.000 0.301
493000 0.052 0.648 0.000 0.301
493500 0.052 0.648 0.000 0.301
494000 0.052 0.648 0.000 0.301
494500 0.052 0.648 0.000 0.301
495000 0.052 0.648 0.000 0.301
495500 0.052 0.648 0.000 0.301
496000 0.052 0.648 0.000 0.301
496500 0.052 0.648 0.000 0.301
497000 0.052 0.648 0.000 0.301
497500 0.052 0.648 0.000 0.301
498000 0.052 0.648 0.000 0.301
498500 0.052 0.648 0.000 0.301
499000 0.052 0.648 0.000 0.301
499500 0.052 0.648 0.000 0.301
500000 0.052 0.648 0.000 0.301
