000000 0.250 0.250 0.250 0.250
000500 0.231 0.384 0.000 0.385
001000 0.231 0.384 0.000 0.385
001500 0.231 0.385 0.000 0.384
002000 0.231 0.385 0.000 0.384
002500 0.231 0.386 0.000 0.383
003000 0.231 0.387 0.000 0.383
003500 0.231 0.386 0.000 0.384
004000 0.231 0.386 0.000 0.383
004500 0.231 0.386 0.000 0.384
005000 0.231 0.386 0.000 0.383
005500 0.231 0.386 0.000 0.383
006000 0.231 0.387 0.000 0.383
006500 0.231 0.387 0.000 0.383
007000 0.231 0.387 0.000 0.383
007500 0.231 0.387 0.000 0.383
008000 0.231 0.386 0.000 0.383
008500 0.231 0.386 0.000 0.383
009000 0.231 0.387 0.000 0.383
009500 0.231 0.386 0.000 0.383
010000 0.231 0.385 0.000 0.384
010500 0.231 0.386 0.000 0.384
011000 0.231 0.386 0.000 0.383
011500 0.231 0.386 0.000 0.384
012000 0.231 0.386 0.000 0.383
012500 0.231 0.386 0.000 0.383
013000 0.231 0.386 0.000 0.384
013500 0.231 0.386 0.000 0.383
014000 0.231 0.386 0.000 0.383
014500 0.231 0.386 0.000 0.383
015000 0.231 0.386 0.000 0.383
015500 0.231 0.386 0.000 0.383
016000 0.231 0.386 0.000 0.383
016500 0.231 0.386 0.000 0.383
017000 0.231 0.386 0.000 0.384
017500 0.231 0.385 0.000 0.385
018000 0.231 0.386 0.000 0.384
018500 0.231 0.386 0.000 0.384
019000 0.231 0.385 0.000 0.384
019500 0.231 0.385 0.000 0.384
020000 0.231 0.386 0.000 0.384
020500 0.231 0.385 0.000 0.384
021000 0.231 0.386 0.000 0.384
021500 0.231 0.385 0.000 0.384
022000 0.231 0.386 0.000 0.384
022500 0.231 0.386 0.000 0.384
023000 0.231 0.385 0.000 0.384
023500 0.231 0.385 0.000 0.385
024000 0.231 0.385 0.000 0.384
024500 0.231 0.385 0.000 0.384
025000 0.231 0.385 0.000 0.385
025500 0.231 0.385 0.000 0.384
026000 0.231 0.385 0.000 0.385
026500 0.231 0.385 0.000 0.385
027000 0.231 0.385 0.000 0.384
027500 0.231 0.385 0.000 0.384
028000 0.231 0.385 0.000 0.384
028500 0.231 0.385 0.000 0.384
029000 0.231 0.385 0.000 0.384
029500 0.231 0.385 0.000 0.384
030000 0.231 0.385 0.000 0.384
030500 0.231 0.385 0.000 0.384
031000 0.231 0.385 0.000 0.384
031500 0.231 0.385 0.000 0.384
032000 0.231 0.385 0.000 0.385
032500 0.231 0.385 0.000 0.385
033000 0.231 0.385 0.000 0.384
033500 0.231 0.385 0.000 0.384
034000 0.231 0.385 0.000 0.385
034500 0.231 0.384 0.000 0.385
035000 0.231 0.384 0.000 0.385
035500 0.231 0.385 0.000 0.385
036000 0.231 0.385 0.000 0.385
036500 0.231 0.384 0.000 0.385
037000 0.231 0.385 0.000 0.385
037500 0.231 0.385 0.000 0.385
038000 0.231 0.385 0.000 0.385
038500 0.231 0.385 0.000 0.385
039000 0.231 0.385 0.000 0.385
039500 0.231 0.384 0.000 0.385
040000 0.231 0.385 0.000 0.385
040500 0.231 0.385 0.000 0.385
041000 0.231 0.385 0.000 0.384
041500 0.231 0.385 0.000 0.384
042000 0.231 0.385 0.000 0.384
042500 0.231 0.385 0.000 0.384
043000 0.231 0.385 0.000 0.384
043500 0.231 0.385 0.000 0.385
044000 0.231 0.385 0.000 0.385
044500 0.231 0.384 0.000 0.385
045000 0.231 0.385 0.000 0.385
045500 0.231 0.385 0.000 0.385
046000 0.231 0.385 0.000 0.385
046500 0.231 0.385 0.000 0.384
047000 0.231 0.385 0.000 0.384
047500 0.231 0.385 0.000 0.384
048000 0.231 0.385 0.000 0.384
048500 0.231 0.385 0.000 0.384
049000 0.231 0.385 0.000 0.385
049500 0.231 0.385 0.000 0.384
050000 0.231 0.385 0.000 0.385
050500 0.231 0.385 0.000 0.384
051000 0.231 0.385 0.000 0.384
051500 0.231 0.385 0.000 0.384
052000 0.231 0.385 0.000 0.384
052500 0.231 0.385 0.000 0.384
053000 0.231 0.385 0.000 0.384
053500 0.231 0.385 0.000 0.384
054000 0.231 0.385 0.000 0.384
054500 0.231 0.385 0.000 0.384
055000 0.231 0.385 0.000 0.384
055500 0.231 0.385 0.000 0.384
056000 0.231 0.385 0.000 0.384
056500 0.231 0.385 0.000 0.384
057000 0.231 0.385 0.000 0.385
057500 0.231 0.385 0.000 0.384
058000 0.231 0.386 0.000 0.384
058500 0.231 0.385 0.000 0.384
059000 0.231 0.386 0.000 0.384
059500 0.231 0.386 0.000 0.384
060000 0.231 0.385 0.000 0.384
060500 0.231 0.385 0.000 0.384
061000 0.231 0.385 0.000 0.385
061500 0.231 0.385 0.000 0.384
062000 0.231 0.385 0.000 0.384
062500 0.231 0.385 0.000 0.384
063000 0.231 0.385 0.000 0.385
063500 0.231 0.385 0.000 0.384
064000 0.231 0.385 0.000 0.384
064500 0.231 0.385 0.000 0.384
065000 0.231 0.385 0.000 0.384
065500 0.231 0.385 0.000 0.384
066000 0.231 0.385 0.000 0.384
066500 0.231 0.385 0.000 0.384
067000 0.231 0.385 0.000 0.384
067500 0.231 0.386 0.000 0.384
068000 0.231 0.385 0.000 0.384
068500 0.231 0.386 0.000 0.384
069000 0.231 0.385 0.000 0.384
069500 0.231 0.385 0.000 0.384
070000 0.231 0.385 0.000 0.384
070500 0.231 0.386 0.000 0.384
071000 0.231 0.386 0.000 0.384
071500 0.231 0.385 0.000 0.384
072000 0.231 0.385 0.000 0.384
072500 0.231 0.385 0.000 0.384
073000 0.231 0.385 0.000 0.384
073500 0.231 0.385 0.000 0.384
074000 0.231 0.385 0.000 0.384
074500 0.231 0.385 0.000 0.384
075000 0.231 0.385 0.000 0.384
075500 0.231 0.384 0.000 0.385
076000 0.231 0.385 0.000 0.385
076500 0.231 0.385 0.000 0.385
077000 0.231 0.385 0.000 0.384
077500 0.231 0.385 0.000 0.384
078000 0.231 0.385 0.000 0.385
078500 0.231 0.385 0.000 0.384
079000 0.231 0.385 0.000 0.384
079500 0.231 0.385 0.000 0.385
080000 0.231 0.385 0.000 0.385
080500 0.231 0.384 0.000 0.385
081000 0.231 0.385 0.000 0.385
081500 0.231 0.385 0.000 0.385
082000 0.231 0.385 0.000 0.385
082500 0.231 0.385 0.000 0.385
083000 0.231 0.385 0.000 0.384
083500 0.231 0.385 0.000 0.384
084000 0.231 0.385 0.000 0.384
084500 0.231 0.385 0.000 0.384
085000 0.231 0.385 0.000 0.385
085500 0.231 0.385 0.000 0.384
086000 0.231 0.385 0.000 0.384
086500 0.231 0.385 0.000 0.384
087000 0.231 0.385 0.000 0.385
087500 0.231 0.385 0.000 0.384
088000 0.231 0.385 0.000 0.385
088500 0.231 0.385 0.000 0.384
089000 0.231 0.385 0.000 0.384
089500 0.231 0.385 0.000 0.385
090000 0.231 0.385 0.000 0.384
090500 0.231 0.385 0.000 0.385
091000 0.231 0.385 0.000 0.384
091500 0.231 0.385 0.000 0.384
092000 0.231 0.385 0.000 0.385
092500 0.231 0.385 0.000 0.385
093000 0.231 0.385 0.000 0.385
093500 0.231 0.385 0.000 0.385
094000 0.231 0.385 0.000 0.384
094500 0.231 0.385 0.000 0.385
095000 0.231 0.385 0.000 0.384
095500 0.231 0.385 0.000 0.385
096000 0.231 0.385 0.000 0.384
096500 0.231 0.385 0.000 0.384
097000 0.231 0.385 0.000 0.385
097500 0.231 0.385 0.000 0.384
098000 0.231 0.385 0.000 0.385
098500 0.231 0.385 0.000 0.385
099000 0.231 0.385 0.000 0.384
099500 0.231 0.386 0.000 0.384
100000 0.231 0.385 0.000 0.384
100500 0.231 0.385 0.000 0.385
101000 0.231 0.385 0.000 0.385
101500 0.231 0.385 0.000 0.384
102000 0.231 0.385 0.000 0.385
102500 0.231 0.385 0.000 0.385
103000 0.231 0.385 0.000 0.384
103500 0.231 0.385 0.000 0.385
104000 0.231 0.385 0.000 0.384
104500 0.231 0.385 0.000 0.384
105000 0.231 0.385 0.000 0.384
105500 0.231 0.385 0.000 0.384
106000 0.231 0.385 0.000 0.385
106500 0.231 0.385 0.000 0.384
107000 0.231 0.385 0.000 0.385
107500 0.231 0.385 0.000 0.384
108000 0.231 0.385 0.000 0.384
108500 0.231 0.385 0.000 0.384
109000 0.231 0.384 0.000 0.385
109500 0.231 0.385 0.000 0.385
110000 0.231 0.385 0.000 0.385
110500 0.231 0.384 0.000 0.385
111000 0.231 0.385 0.000 0.385
111500 0.231 0.385 0.000 0.385
112000 0.231 0.385 0.000 0.385
112500 0.231 0.385 0.000 0.385
113000 0.231 0.385 0.000 0.385
113500 0.231 0.385 0.000 0.385
114000 0.231 0.385 0.000 0.384
114500 0.231 0.385 0.000 0.385
115000 0.231 0.385 0.000 0.385
115500 0.231 0.385 0.000 0.384
116000 0.231 0.385 0.000 0.384
116500 0.231 0.385 0.000 0.385
117000 0.231 0.385 0.000 0.384
117500 0.231 0.385 0.000 0.384
118000 0.231 0.385 0.000 0.384
118500 0.231 0.385 0.000 0.385
119000 0.231 0.385 0.000 0.385
119500 0.231 0.385 0.000 0.385
120000 0.231 0.385 0.000 0.384
120500 0.231 0.385 0.000 0.384
121000 0.231 0.385 0.000 0.385
121500 0.231 0.385 0.000 0.384
122000 0.231 0.385 0.000 0.384
122500 0.231 0.385 0.000 0.385
123000 0.231 0.385 0.000 0.385
123500 0.231 0.385 0.000 0.384
124000 0.231 0.385 0.000 0.384
124500 0.231 0.385 0.000 0.384
125000 0.231 0.385 0.000 0.384
125500 0.231 0.385 0.000 0.384
126000 0.231 0.385 0.000 0.384
126500 0.231 0.385 0.000 0.384
127000 0.231 0.386 0.000 0.384
127500 0.231 0.385 0.000 0.384
128000 0.231 0.385 0.000 0.384
128500 0.231 0.385 0.000 0.384
129000 0.231 0.385 0.000 0.384
129500 0.231 0.386 0.000 0.384
130000 0.231 0.385 0.000 0.384
130500 0.231 0.385 0.000 0.384
131000 0.231 0.385 0.000 0.384
131500 0.231 0.385 0.000 0.384
132000 0.231 0.385 0.000 0.384
132500 0.231 0.386 0.000 0.384
133000 0.231 0.385 0.000 0.384
133500 0.231 0.386 0.000 0.384
134000 0.231 0.386 0.000 0.384
134500 0.231 0.386 0.000 0.384
135000 0.231 0.385 0.000 0.384
135500 0.231 0.385 0.000 0.384
136000 0.231 0.386 0.000 0.384
136500 0.231 0.386 0.000 0.384
137000 0.231 0.386 0.000 0.384
137500 0.231 0.385 0.000 0.384
138000 0.231 0.386 0.000 0.384
138500 0.231 0.386 0.000 0.384
139000 0.231 0.385 0.000 0.384
139500 0.231 0.386 0.000 0.384
140000 0.231 0.385 0.000 0.384
140500 0.231 0.385 0.000 0.384
141000 0.231 0.385 0.000 0.384
141500 0.231 0.386 0.000 0.384
142000 0.231 0.385 0.000 0.384
142500 0.231 0.386 0.000 0.384
143000 0.231 0.385 0.000 0.384
143500 0.231 0.385 0.000 0.384
144000 0.231 0.385 0.000 0.384
144500 0.231 0.385 0.000 0.384
145000 0.231 0.385 0.000 0.384
145500 0.231 0.386 0.000 0.384
146000 0.231 0.385 0.000 0.384
146500 0.231 0.386 0.000 0.384
147000 0.231 0.385 0.000 0.384
147500 0.231 0.386 0.000 0.384
148000 0.231 0.386 0.000 0.384
148500 0.231 0.386 0.000 0.384
149000 0.231 0.386 0.000 0.384
149500 0.231 0.385 0.000 0.384
150000 0.231 0.386 0.000 0.384
150500 0.231 0.385 0.000 0.384
151000 0.231 0.385 0.000 0.384
151500 0.231 0.385 0.000 0.384
152000 0.231 0.385 0.000 0.384
152500 0.231 0.386 0.000 0.384
153000 0.231 0.386 0.000 0.384
153500 0.231 0.386 0.000 0.384
154000 0.231 0.386 0.000 0.384
154500 0.231 0.385 0.000 0.384
155000 0.231 0.386 0.000 0.384
155500 0.231 0.386 0.000 0.384
156000 0.231 0.386 0.000 0.384
156500 0.231 0.386 0.000 0.384
157000 0.231 0.386 0.000 0.384
157500 0.231 0.386 0.000 0.384
158000 0.231 0.385 0.000 0.384
158500 0.231 0.385 0.000 0.384
159000 0.231 0.386 0.000 0.384
159500 0.231 0.386 0.000 0.384
160000 0.231 0.386 0.000 0.384
160500 0.231 0.386 0.000 0.384
161000 0.231 0.386 0.000 0.384
161500 0.231 0.386 0.000 0.384
162000 0.231 0.386 0.000 0.384
162500 0.231 0.386 0.000 0.384
163000 0.231 0.386 0.000 0.384
163500 0.231 0.386 0.000 0.384
164000 0.231 0.386 0.000 0.384
164500 0.231 0.385 0.000 0.384
165000 0.231 0.385 0.000 0.384
165500 0.231 0.385 0.000 0.384
166000 0.231 0.386 0.000 0.384
166500 0.231 0.385 0.000 0.384
167000 0.231 0.386 0.000 0.384
167500 0.231 0.385 0.000 0.384
168000 0.231 0.385 0.000 0.384
168500 0.231 0.385 0.000 0.384
169000 0.231 0.386 0.000 0.384
169500 0.231 0.385 0.000 0.384
170000 0.231 0.386 0.000 0.384
170500 0.231 0.385 0.000 0.384
171000 0.231 0.385 0.000 0.384
171500 0.231 0.386 0.000 0.383
172000 0.231 0.385 0.000 0.384
172500 0.231 0.385 0.000 0.384
173000 0.231 0.385 0.000 0.384
173500 0.231 0.385 0.000 0.384
174000 0.231 0.385 0.000 0.384
174500 0.231 0.385 0.000 0.384
175000 0.231 0.386 0.000 0.384
175500 0.231 0.386 0.000 0.384
176000 0.231 0.386 0.000 0.384
176500 0.231 0.386 0.000 0.384
177000 0.231 0.385 0.000 0.384
177500 0.231 0.386 0.000 0.384
178000 0.231 0.385 0.000 0.384
178500 0.231 0.386 0.000 0.384
179000 0.231 0.386 0.000 0.384
179500 0.231 0.385 0.000 0.384
180000 0.231 0.385 0.000 0.384
180500 0.231 0.386 0.000 0.384
181000 0.231 0.386 0.000 0.384
181500 0.231 0.386 0.000 0.384
182000 0.231 0.386 0.000 0.384
182500 0.231 0.385 0.000 0.384
183000 0.231 0.385 0.000 0.384
183500 0.231 0.385 0.000 0.384
184000 0.231 0.386 0.000 0.384
184500 0.231 0.385 0.000 0.384
185000 0.231 0.385 0.000 0.384
185500 0.231 0.385 0.000 0.384
186000 0.231 0.385 0.000 0.384
186500 0.231 0.385 0.000 0.384
187000 0.231 0.385 0.000 0.384
187500 0.231 0.386 0.000 0.384
188000 0.231 0.386 0.000 0.384
188500 0.231 0.385 0.000 0.384
189000 0.231 0.385 0.000 0.384
189500 0.231 0.385 0.000 0.384
190000 0.231 0.385 0.000 0.384
190500 0.231 0.385 0.000 0.384
191000 0.231 0.385 0.000 0.384
191500 0.231 0.385 0.000 0.384
192000 0.231 0.386 0.000 0.384
192500 0.231 0.385 0.000 0.384
193000 0.231 0.385 0.000 0.384
193500 0.231 0.386 0.000 0.384
194000 0.231 0.386 0.000 0.383
194500 0.231 0.386 0.000 0.384
195000 0.231 0.386 0.000 0.384
195500 0.231 0.386 0.000 0.384
196000 0.231 0.385 0.000 0.384
196500 0.231 0.386 0.000 0.384
197000 0.231 0.386 0.000 0.384
197500 0.231 0.386 0.000 0.384
198000 0.231 0.385 0.000 0.384
198500 0.231 0.385 0.000 0.384
199000 0.231 0.385 0.000 0.384
199500 0.231 0.385 0.000 0.384
200000 0.231 0.386 0.000 0.384
200500 0.231 0.385 0.000 0.384
201000 0.231 0.385 0.000 0.384
201500 0.231 0.385 0.000 0.384
202000 0.231 0.385 0.000 0.384
202500 0.231 0.385 0.000 0.384
203000 0.231 0.385 0.000 0.384
203500 0.231 0.386 0.000 0.384
204000 0.231 0.386 0.000 0.384
204500 0.231 0.385 0.000 0.384
205000 0.231 0.385 0.000 0.384
205500 0.231 0.385 0.000 0.384
206000 0.231 0.386 0.000 0.383
206500 0.231 0.386 0.000 0.383
207000 0.231 0.386 0.000 0.384
207500 0.231 0.386 0.000 0.384
208000 0.231 0.386 0.000 0.384
208500 0.231 0.386 0.000 0.384
209000 0.231 0.386 0.000 0.384
209500 0.231 0.386 0.000 0.384
210000 0.231 0.385 0.000 0.384
210500 0.231 0.386 0.000 0.384
211000 0.231 0.385 0.000 0.384
211500 0.231 0.385 0.000 0.384
212000 0.231 0.386 0.000 0.384
212500 0.231 0.386 0.000 0.384
213000 0.231 0.385 0.000 0.384
213500 0.231 0.385 0.000 0.384
214000 0.231 0.386 0.000 0.384
214500 0.231 0.386 0.000 0.384
215000 0.231 0.385 0.000 0.384
215500 0.231 0.386 0.000 0.384
216000 0.231 0.385 0.000 0.384
216500 0.231 0.386 0.000 0.384
217000 0.231 0.386 0.000 0.384
217500 0.231 0.386 0.000 0.384
218000 0.231 0.386 0.000 0.384
218500 0.231 0.386 0.000 0.384
219000 0.231 0.386 0.000 0.384
219500 0.231 0.386 0.000 0.384
220000 0.231 0.386 0.000 0.384
220500 0.231 0.386 0.000 0.384
221000 0.231 0.386 0.000 0.384
221500 0.231 0.386 0.000 0.384
222000 0.231 0.386 0.000 0.383
222500 0.231 0.386 0.000 0.384
223000 0.231 0.385 0.000 0.384
223500 0.231 0.386 0.000 0.384
224000 0.231 0.385 0.000 0.384
224500 0.231 0.386 0.000 0.384
225000 0.231 0.386 0.000 0.383
225500 0.231 0.386 0.000 0.383
226000 0.231 0.386 0.000 0.384
226500 0.231 0.386 0.000 0.384
227000 0.231 0.386 0.000 0.383
227500 0.231 0.386 0.000 0.384
228000 0.231 0.386 0.000 0.384
228500 0.231 0.386 0.000 0.384
229000 0.231 0.386 0.000 0.384
229500 0.231 0.386 0.000 0.383
230000 0.231 0.386 0.000 0.384
230500 0.231 0.386 0.000 0.384
231000 0.231 0.386 0.000 0.384
231500 0.231 0.386 0.000 0.384
232000 0.231 0.386 0.000 0.384
232500 0.231 0.386 0.000 0.384
233000 0.231 0.386 0.000 0.384
233500 0.231 0.386 0.000 0.384
234000 0.231 0.386 0.000 0.384
234500 0.231 0.386 0.000 0.384
235000 0.231 0.386 0.000 0.383
235500 0.231 0.386 0.000 0.383
236000 0.231 0.386 0.000 0.384
236500 0.231 0.386 0.000 0.384
237000 0.231 0.386 0.000 0.383
237500 0.231 0.386 0.000 0.384
238000 0.231 0.386 0.000 0.384
238500 0.231 0.386 0.000 0.384
239000 0.231 0.386 0.000 0.384
239500 0.231 0.386 0.000 0.384
240000 0.231 0.386 0.000 0.384
240500 0.231 0.386 0.000 0.383
241000 0.231 0.386 0.000 0.384
241500 0.231 0.386 0.000 0.383
242000 0.231 0.385 0.000 0.384
242500 0.231 0.385 0.000 0.384
243000 0.231 0.385 0.000 0.384
243500 0.231 0.385 0.000 0.384
244000 0.231 0.385 0.000 0.384
244500 0.231 0.385 0.000 0.384
245000 0.231 0.385 0.000 0.384
245500 0.231 0.385 0.000 0.384
246000 0.231 0.386 0.000 0.384
246500 0.231 0.386 0.000 0.384
247000 0.231 0.386 0.000 0.384
247500 0.231 0.386 0.000 0.384
248000 0.231 0.386 0.000 0.384
248500 0.231 0.386 0.000 0.384
249000 0.231 0.386 0.000 0.384
249500 0.231 0.386 0.000 0.384
250000 0.231 0.386 0.000 0.384
250500 0.231 0.386 0.000 0.384
251000 0.231 0.386 0.000 0.384
251500 0.231 0.386 0.000 0.384
252000 0.231 0.385 0.000 0.384
252500 0.231 0.386 0.000 0.384
253000 0.231 0.386 0.000 0.384
253500 0.231 0.386 0.000 0.384
254000 0.231 0.386 0.000 0.383
254500 0.231 0.386 0.000 0.384
255000 0.231 0.386 0.000 0.384
255500 0.231 0.386 0.000 0.384
256000 0.231 0.386 0.000 0.383
256500 0.231 0.386 0.000 0.384
257000 0.231 0.386 0.000 0.384
257500 0.231 0.386 0.000 0.383
258000 0.231 0.386 0.000 0.383
258500 0.231 0.386 0.000 0.384
259000 0.231 0.386 0.000 0.384
259500 0.231 0.386 0.000 0.383
260000 0.231 0.386 0.000 0.384
260500 0.231 0.386 0.000 0.384
261000 0.231 0.386 0.000 0.384
261500 0.231 0.386 0.000 0.384
262000 0.231 0.386 0.000 0.384
262500 0.231 0.386 0.000 0.384
263000 0.231 0.386 0.000 0.383
263500 0.231 0.386 0.000 0.384
264000 0.231 0.386 0.000 0.384
264500 0.231 0.386 0.000 0.384
265000 0.231 0.386 0.000 0.384
265500 0.231 0.386 0.000 0.384
266000 0.231 0.386 0.000 0.384
266500 0.231 0.386 0.000 0.384
267000 0.231 0.386 0.000 0.383
267500 0.231 0.386 0.000 0.384
268000 0.231 0.386 0.000 0.383
268500 0.231 0.386 0.000 0.383
269000 0.231 0.386 0.000 0.383
269500 0.231 0.386 0.000 0.383
270000 0.231 0.386 0.000 0.384
270500 0.231 0.386 0.000 0.383
271000 0.231 0.386 0.000 0.383
271500 0.231 0.387 0.000 0.383
272000 0.231 0.386 0.000 0.383
272500 0.231 0.386 0.000 0.383
273000 0.231 0.386 0.000 0.383
273500 0.231 0.386 0.000 0.383
274000 0.231 0.386 0.000 0.383
274500 0.231 0.386 0.000 0.383
275000 0.231 0.386 0.000 0.383
275500 0.231 0.386 0.000 0.383
276000 0.231 0.386 0.000 0.383
276500 0.231 0.386 0.000 0.383
277000 0.231 0.386 0.000 0.383
277500 0.231 0.386 0.000 0.383
278000 0.231 0.386 0.000 0.383
278500 0.231 0.386 0.000 0.383
279000 0.231 0.387 0.000 0.382
279500 0.231 0.387 0.000 0.382
280000 0.231 0.387 0.000 0.383
280500 0.231 0.387 0.000 0.383
281000 0.231 0.387 0.000 0.382
281500 0.231 0.387 0.000 0.382
282000 0.231 0.387 0.000 0.382
282500 0.231 0.387 0.000 0.383
283000 0.231 0.387 0.000 0.382
283500 0.231 0.387 0.000 0.383
284000 0.231 0.387 0.000 0.383
284500 0.231 0.387 0.000 0.383
285000 0.231 0.387 0.000 0.383
285500 0.231 0.387 0.000 0.382
286000 0.231 0.387 0.000 0.382
286500 0.231 0.387 0.000 0.382
287000 0.231 0.387 0.000 0.382
287500 0.231 0.387 0.000 0.382
288000 0.231 0.387 0.000 0.382
288500 0.231 0.387 0.000 0.382
289000 0.231 0.387 0.000 0.382
289500 0.231 0.387 0.000 0.382
290000 0.231 0.387 0.000 0.382
290500 0.231 0.387 0.000 0.382
291000 0.231 0.387 0.000 0.382
291500 0.231 0.387 0.000 0.382
292000 0.231 0.387 0.000 0.382
292500 0.231 0.387 0.000 0.382
293000 0.231 0.387 0.000 0.382
293500 0.231 0.387 0.000 0.383
294000 0.231 0.387 0.000 0.383
294500 0.231 0.387 0.000 0.383
295000 0.231 0.387 0.000 0.383
295500 0.231 0.387 0.000 0.382
296000 0.231 0.387 0.000 0.383
296500 0.231 0.387 0.000 0.382
297000 0.231 0.387 0.000 0.382
297500 0.231 0.387 0.000 0.382
298000 0.231 0.387 0.000 0.382
298500 0.231 0.387 0.000 0.382
299000 0.231 0.387 0.000 0.382
299500 0.231 0.387 0.000 0.382
300000 0.231 0.387 0.000 0.383
300500 0.231 0.387 0.000 0.382
301000 0.231 0.387 0.000 0.382
301500 0.231 0.387 0.000 0.382
302000 0.231 0.387 0.000 0.382
302500 0.231 0.387 0.000 0.383
303000 0.231 0.387 0.000 0.382
303500 0.231 0.387 0.000 0.382
304000 0.231 0.386 0.000 0.383
304500 0.231 0.387 0.000 0.383
305000 0.231 0.387 0.000 0.383
305500 0.231 0.387 0.000 0.383
306000 0.231 0.387 0.000 0.383
306500 0.231 0.386 0.000 0.383
307000 0.231 0.386 0.000 0.383
307500 0.231 0.387 0.000 0.382
308000 0.231 0.387 0.000 0.383
308500 0.231 0.387 0.000 0.382
309000 0.231 0.387 0.000 0.382
309500 0.231 0.387 0.000 0.382
310000 0.231 0.387 0.000 0.382
310500 0.231 0.387 0.000 0.383
311000 0.231 0.387 0.000 0.382
311500 0.231 0.387 0.000 0.382
312000 0.231 0.387 0.000 0.382
312500 0.231 0.387 0.000 0.382
313000 0.231 0.387 0.000 0.382
313500 0.231 0.387 0.000 0.383
314000 0.231 0.387 0.000 0.382
314500 0.231 0.387 0.000 0.382
315000 0.231 0.387 0.000 0.382
315500 0.231 0.387 0.000 0.382
316000 0.231 0.387 0.000 0.382
316500 0.231 0.388 0.000 0.382
317000 0.231 0.387 0.000 0.383
317500 0.231 0.387 0.000 0.382
318000 0.231 0.387 0.000 0.383
318500 0.231 0.387 0.000 0.383
319000 0.231 0.387 0.000 0.382
319500 0.231 0.387 0.000 0.382
320000 0.231 0.387 0.000 0.382
320500 0.231 0.387 0.000 0.382
321000 0.231 0.387 0.000 0.382
321500 0.231 0.387 0.000 0.382
322000 0.231 0.387 0.000 0.382
322500 0.231 0.388 0.000 0.382
323000 0.231 0.387 0.000 0.382
323500 0.231 0.388 0.000 0.382
324000 0.231 0.387 0.000 0.382
324500 0.231 0.387 0.000 0.382
325000 0.231 0.387 0.000 0.383
325500 0.231 0.387 0.000 0.382
326000 0.231 0.387 0.000 0.382
326500 0.231 0.387 0.000 0.382
327000 0.231 0.387 0.000 0.382
327500 0.231 0.387 0.000 0.382
328000 0.231 0.387 0.000 0.382
328500 0.231 0.387 0.000 0.382
329000 0.231 0.387 0.000 0.382
329500 0.231 0.387 0.000 0.382
330000 0.231 0.387 0.000 0.383
330500 0.231 0.387 0.000 0.382
331000 0.231 0.387 0.000 0.382
331500 0.231 0.387 0.000 0.382
332000 0.231 0.387 0.000 0.383
332500 0.231 0.387 0.000 0.382
333000 0.231 0.387 0.000 0.383
333500 0.231 0.387 0.000 0.383
334000 0.231 0.387 0.000 0.382
334500 0.231 0.387 0.000 0.382
335000 0.231 0.387 0.000 0.382
335500 0.231 0.387 0.000 0.382
336000 0.231 0.387 0.000 0.382
336500 0.231 0.387 0.000 0.383
337000 0.231 0.387 0.000 0.383
337500 0.231 0.387 0.000 0.382
338000 0.231 0.387 0.000 0.383
338500 0.231 0.387 0.000 0.383
339000 0.231 0.387 0.000 0.382
339500 0.231 0.387 0.000 0.383
340000 0.231 0.387 0.000 0.383
340500 0.231 0.387 0.000 0.382
341000 0.231 0.387 0.000 0.382
341500 0.231 0.387 0.000 0.383
342000 0.231 0.387 0.000 0.383
342500 0.231 0.387 0.000 0.382
343000 0.231 0.387 0.000 0.382
343500 0.231 0.387 0.000 0.383
344000 0.231 0.387 0.000 0.382
344500 0.231 0.387 0.000 0.383
345000 0.231 0.387 0.000 0.383
345500 0.231 0.387 0.000 0.382
346000 0.231 0.387 0.000 0.382
346500 0.231 0.387 0.000 0.382
347000 0.231 0.387 0.000 0.382
347500 0.231 0.387 0.000 0.382
348000 0.231 0.387 0.000 0.382
348500 0.231 0.387 0.000 0.382
349000 0.231 0.387 0.000 0.382
349500 0.231 0.387 0.000 0.382
350000 0.231 0.387 0.000 0.382
350500 0.231 0.387 0.000 0.382
351000 0.231 0.387 0.000 0.382
351500 0.231 0.387 0.000 0.382
352000 0.231 0.387 0.000 0.382
352500 0.231 0.387 0.000 0.383
353000 0.231 0.388 0.000 0.382
353500 0.231 0.387 0.000 0.382
354000 0.231 0.387 0.000 0.383
354500 0.231 0.387 0.000 0.382
355000 0.231 0.387 0.000 0.382
355500 0.231 0.387 0.000 0.383
356000 0.231 0.387 0.000 0.383
356500 0.231 0.386 0.000 0.383
357000 0.231 0.386 0.000 0.383
357500 0.231 0.386 0.000 0.383
358000 0.231 0.387 0.000 0.383
358500 0.231 0.387 0.000 0.383
359000 0.231 0.387 0.000 0.383
359500 0.231 0.387 0.000 0.382
360000 0.231 0.387 0.000 0.382
360500 0.231 0.387 0.000 0.383
361000 0.231 0.387 0.000 0.383
361500 0.231 0.387 0.000 0.383
362000 0.231 0.387 0.000 0.383
362500 0.231 0.387 0.000 0.382
363000 0.231 0.387 0.000 0.382
363500 0.231 0.387 0.000 0.382
364000 0.231 0.387 0.000 0.382
364500 0.231 0.387 0.000 0.382
365000 0.231 0.387 0.000 0.382
365500 0.231 0.387 0.000 0.382
366000 0.231 0.387 0.000 0.382
366500 0.231 0.387 0.000 0.382
367000 0.231 0.387 0.000 0.382
367500 0.231 0.387 0.000 0.383
368000 0.231 0.387 0.000 0.382
368500 0.231 0.387 0.000 0.382
369000 0.231 0.387 0.000 0.382
369500 0.231 0.387 0.000 0.382
370000 0.231 0.387 0.000 0.382
370500 0.231 0.387 0.000 0.382
371000 0.231 0.387 0.000 0.382
371500 0.231 0.387 0.000 0.382
372000 0.231 0.387 0.000 0.382
372500 0.231 0.387 0.000 0.382
373000 0.231 0.387 0.000 0.382
373500 0.231 0.387 0.000 0.382
374000 0.231 0.387 0.000 0.383
374500 0.231 0.387 0.000 0.382
375000 0.231 0.387 0.000 0.382
375500 0.231 0.387 0.000 0.382
376000 0.231 0.387 0.000 0.382
376500 0.231 0.387 0.000 0.382
377000 0.231 0.387 0.000 0.382
377500 0.231 0.387 0.000 0.382
378000 0.231 0.387 0.000 0.383
378500 0.231 0.387 0.000 0.382
379000 0.231 0.387 0.000 0.383
379500 0.231 0.387 0.000 0.382
380000 0.231 0.387 0.000 0.382
380500 0.231 0.387 0.000 0.382
381000 0.231 0.387 0.000 0.382
381500 0.231 0.387 0.000 0.382
382000 0.231 0.387 0.000 0.382
382500 0.231 0.387 0.000 0.382
383000 0.231 0.387 0.000 0.382
383500 0.231 0.387 0.000 0.382
384000 0.231 0.387 0.000 0.382
384500 0.231 0.387 0.000 0.382
385000 0.231 0.387 0.000 0.382
385500 0.231 0.387 0.000 0.382
386000 0.231 0.387 0.000 0.382
386500 0.231 0.387 0.000 0.382
387000 0.231 0.387 0.000 0.382
387500 0.231 0.387 0.000 0.382
388000 0.231 0.387 0.000 0.383
388500 0.231 0.387 0.000 0.382
389000 0.231 0.387 0.000 0.383
389500 0.231 0.387 0.000 0.383
390000 0.231 0.387 0.000 0.382
390500 0.231 0.387 0.000 0.382
391000 0.231 0.387 0.000 0.383
391500 0.231 0.387 0.000 0.383
392000 0.231 0.387 0.000 0.383
392500 0.231 0.386 0.000 0.383
393000 0.231 0.386 0.000 0.383
393500 0.231 0.386 0.000 0.383
394000 0.231 0.386 0.000 0.383
394500 0.231 0.386 0.000 0.383
395000 0.231 0.387 0.000 0.383
395500 0.231 0.387 0.000 0.383
396000 0.231 0.387 0.000 0.382
396500 0.231 0.387 0.000 0.383
397000 0.231 0.387 0.000 0.383
397500 0.231 0.387 0.000 0.383
398000 0.231 0.387 0.000 0.383
398500 0.231 0.387 0.000 0.383
399000 0.231 0.387 0.000 0.383
399500 0.231 0.387 0.000 0.382
400000 0.231 0.387 0.000 0.382
400500 0.231 0.388 0.000 0.382
401000 0.231 0.388 0.000 0.382
401500 0.231 0.387 0.000 0.382
402000 0.231 0.388 0.000 0.382
402500 0.231 0.388 0.000 0.382
403000 0.231 0.388 0.000 0.382
403500 0.231 0.388 0.000 0.382
404000 0.231 0.387 0.000 0.382
404500 0.231 0.388 0.000 0.382
405000 0.231 0.387 0.000 0.382
405500 0.231 0.388 0.000 0.382
406000 0.231 0.388 0.000 0.382
406500 0.231 0.388 0.000 0.382
407000 0.231 0.388 0.000 0.382
407500 0.231 0.388 0.000 0.382
408000 0.231 0.387 0.000 0.382
408500 0.231 0.388 0.000 0.382
409000 0.231 0.388 0.000 0.382
409500 0.231 0.388 0.000 0.382
410000 0.231 0.387 0.000 0.382
410500 0.231 0.387 0.000 0.382
411000 0.231 0.387 0.000 0.382
411500 0.231 0.387 0.000 0.382
412000 0.231 0.387 0.000 0.382
412500 0.231 0.387 0.000 0.382
413000 0.231 0.387 0.000 0.382
413500 0.231 0.387 0.000 0.382
414000 0.231 0.387 0.000 0.382
414500 0.231 0.387 0.000 0.382
415000 0.231 0.387 0.000 0.382
415500 0.231 0.388 0.000 0.382
416000 0.231 0.388 0.000 0.382
416500 0.231 0.388 0.000 0.382
417000 0.231 0.387 0.000 0.382
417500 0.231 0.388 0.000 0.382
418000 0.231 0.388 0.000 0.382
418500 0.231 0.387 0.000 0.382
419000 0.231 0.388 0.000 0.382
419500 0.231 0.388 0.000 0.382
420000 0.231 0.388 0.000 0.382
420500 0.231 0.388 0.000 0.382
421000 0.231 0.387 0.000 0.382
421500 0.231 0.387 0.000 0.382
422000 0.231 0.388 0.000 0.382
422500 0.231 0.387 0.000 0.382
423000 0.231 0.387 0.000 0.382
423500 0.231 0.388 0.000 0.382
424000 0.231 0.388 0.000 0.382
424500 0.231 0.388 0.000 0.382
425000 0.231 0.387 0.000 0.382
425500 0.231 0.388 0.000 0.382
426000 0.231 0.387 0.000 0.382
426500 0.231 0.388 0.000 0.382
427000 0.231 0.388 0.000 0.382
427500 0.231 0.387 0.000 0.382
428000 0.231 0.388 0.000 0.382
428500 0.231 0.387 0.000 0.382
429000 0.231 0.388 0.000 0.382
429500 0.231 0.387 0.000 0.382
430000 0.231 0.387 0.000 0.382
430500 0.231 0.388 0.000 0.382
431000 0.231 0.387 0.000 0.382
431500 0.231 0.387 0.000 0.382
432000 0.231 0.387 0.000 0.382
432500 0.231 0.387 0.000 0.382
433000 0.231 0.387 0.000 0.383
433500 0.231 0.387 0.000 0.382
434000 0.231 0.387 0.000 0.382
434500 0.231 0.387 0.000 0.383
435000 0.231 0.387 0.000 0.382
435500 0.231 0.387 0.000 0.382
436000 0.231 0.387 0.000 0.382
436500 0.231 0.387 0.000 0.382
437000 0.231 0.387 0.000 0.382
437500 0.231 0.387 0.000 0.382
438000 0.231 0.387 0.000 0.382
438500 0.231 0.388 0.000 0.382
439000 0.231 0.387 0.000 0.382
439500 0.231 0.387 0.000 0.382
440000 0.231 0.387 0.000 0.382
440500 0.231 0.387 0.000 0.382
441000 0.231 0.387 0.000 0.382
441500 0.231 0.387 0.000 0.382
442000 0.231 0.387 0.000 0.382
442500 0.231 0.387 0.000 0.382
443000 0.231 0.387 0.000 0.382
443500 0.231 0.387 0.000 0.382
444000 0.231 0.388 0.000 0.382
444500 0.231 0.387 0.000 0.382
445000 0.231 0.388 0.000 0.382
445500 0.231 0.387 0.000 0.382
446000 0.231 0.387 0.000 0.382
446500 0.231 0.387 0.000 0.382
447000 0.231 0.387 0.000 0.382
447500 0.231 0.387 0.000 0.382
448000 0.231 0.387 0.000 0.382
448500 0.231 0.387 0.000 0.382
449000 0.231 0.387 0.000 0.382
449500 0.231 0.388 0.000 0.382
450000 0.231 0.387 0.000 0.382
450500 0.231 0.387 0.000 0.382
451000 0.231 0.387 0.000 0.382
451500 0.231 0.387 0.000 0.382
452000 0.231 0.387 0.000 0.382
452500 0.231 0.387 0.000 0.382
453000 0.231 0.387 0.000 0.382
453500 0.231 0.387 0.000 0.382
454000 0.231 0.387 0.000 0.383
454500 0.231 0.387 0.000 0.383
455000 0.231 0.387 0.000 0.382
455500 0.231 0.387 0.000 0.382
456000 0.231 0.387 0.000 0.382
456500 0.231 0.387 0.000 0.382
457000 0.231 0.387 0.000 0.382
457500 0.231 0.387 0.000 0.382
458000 0.231 0.387 0.000 0.382
458500 0.231 0.387 0.000 0.382
459000 0.231 0.387 0.000 0.382
459500 0.231 0.388 0.000 0.382
460000 0.231 0.388 0.000 0.382
460500 0.231 0.387 0.000 0.382
461000 0.231 0.388 0.000 0.382
461500 0.231 0.387 0.000 0.382
462000 0.231 0.388 0.000 0.382
462500 0.231 0.387 0.000 0.382
463000 0.231 0.387 0.000 0.382
463500 0.231 0.388 0.000 0.382
464000 0.231 0.388 0.000 0.382
464500 0.231 0.387 0.000 0.382
465000 0.231 0.387 0.000 0.383
465500 0.231 0.387 0.000 0.382
466000 0.231 0.387 0.000 0.382
466500 0.231 0.387 0.000 0.382
467000 0.231 0.387 0.000 0.382
467500 0.231 0.387 0.000 0.382
468000 0.231 0.387 0.000 0.382
468500 0.231 0.387 0.000 0.382
469000 0.231 0.387 0.000 0.382
469500 0.231 0.387 0.000 0.382
470000 0.231 0.388 0.000 0.382
470500 0.231 0.387 0.000 0.382
471000 0.231 0.387 0.000 0.382
471500 0.231 0.387 0.000 0.382
472000 0.231 0.388 0.000 0.382
472500 0.231 0.387 0.000 0.382
473000 0.231 0.387 0.000 0.382
473500 0.231 0.388 0.000 0.382
474000 0.231 0.387 0.000 0.382
474500 0.231 0.387 0.000 0.382
475000 0.231 0.388 0.000 0.382
475500 0.231 0.388 0.000 0.382
476000 0.231 0.388 0.000 0.382
476500 0.231 0.388 0.000 0.382
477000 0.231 0.388 0.000 0.382
477500 0.231 0.388 0.000 0.382
478000 0.231 0.387 0.000 0.382
478500 0.231 0.388 0.000 0.382
479000 0.231 0.387 0.000 0.382
479500 0.231 0.388 0.000 0.382
480000 0.231 0.387 0.000 0.382
480500 0.231 0.387 0.000 0.382
481000 0.231 0.388 0.000 0.381
481500 0.231 0.387 0.000 0.382
482000 0.231 0.388 0.000 0.382
482500 0.231 0.388 0.000 0.382
483000 0.231 0.388 0.000 0.382
483500 0.231 0.388 0.000 0.381
484000 0.231 0.388 0.000 0.382
484500 0.231 0.388 0.000 0.382
485000 0.231 0.388 0.000 0.382
485500 0.231 0.388 0.000 0.382
486000 0.231 0.388 0.000 0.382
486500 0.231 0.388 0.000 0.382
487000 0.231 0.388 0.000 0.382
487500 0.231 0.388 0.000 0.381
488000 0.231 0.388 0.000 0.382
488500 0.231 0.388 0.000 0.382
489000 0.231 0.388 0.000 0.382
489500 0.231 0.388 0.000 0.381
490000 0.231 0.388 0.000 0.381
490500 0.231 0.388 0.000 0.382
491000 0.231 0.388 0.000 0.381
491500 0.231 0.388 0.000 0.382
492000 0.231 0.388 0.000 0.382
492500 0.231 0.388 0.000 0.382
493000 0.231 0.388 0.000 0.382
493500 0.231 0.388 0.000 0.382
494000 0.231 0.388 0.000 0.381
494500 0.231 0.388 0.000 0.381
495000 0.231 0.388 0.000 0.381
495500 0.231 0.388 0.000 0.382
496000 0.231 0.388 0.000 0.382
496500 0.231 0.388 0.000 0.381
497000 0.231 0.388 0.000 0.381
497500 0.231 0.388 0.000 0.382
498000 0.231 0.388 0.000 0.382
498500 0.231 0.388 0.000 0.381
499000 0.231 0.388 0.000 0.382
499500 0.231 0.388 0.000 0.381
500000 0.231 0.388 0.000 0.382
