000000 0.250 0.250 0.250 0.250
000500 0.126 0.465 0.000 0.410
001000 0.126 0.465 0.000 0.410
001500 0.126 0.464 0.000 0.410
002000 0.126 0.466 0.000 0.408
002500 0.126 0.465 0.000 0.409
003000 0.126 0.465 0.000 0.409
003500 0.126 0.465 0.000 0.409
004000 0.126 0.465 0.000 0.409
004500 0.126 0.465 0.000 0.409
005000 0.126 0.465 0.000 0.409
005500 0.126 0.465 0.000 0.409
006000 0.126 0.465 0.000 0.409
006500 0.126 0.465 0.000 0.409
007000 0.126 0.465 0.000 0.409
007500 0.126 0.465 0.000 0.409
008000 0.126 0.465 0.000 0.409
008500 0.126 0.465 0.000 0.409
009000 0.126 0.465 0.000 0.409
009500 0.126 0.465 0.000 0.409
010000 0.126 0.465 0.000 0.409
010500 0.126 0.465 0.000 0.409
011000 0.126 0.465 0.000 0.409
011500 0.126 0.465 0.000 0.409
012000 0.126 0.465 0.000 0.409
012500 0.126 0.465 0.000 0.409
013000 0.126 0.465 0.000 0.409
013500 0.126 0.465 0.000 0.409
014000 0.126 0.465 0.000 0.409
014500 0.126 0.465 0.000 0.409
015000 0.126 0.465 0.000 0.409
015500 0.126 0.465 0.000 0.409
016000 0.126 0.465 0.000 0.409
016500 0.126 0.465 0.000 0.409
017000 0.126 0.465 0.000 0.409
017500 0.126 0.465 0.000 0.409
018000 0.126 0.465 0.000 0.409
018500 0.126 0.465 0.000 0.409
019000 0.126 0.465 0.000 0.409
019500 0.126 0.465 0.000 0.409
020000 0.126 0.465 0.000 0.409
020500 0.126 0.465 0.000 0.409
021000 0.126 0.465 0.000 0.409
021500 0.126 0.465 0.000 0.409
022000 0.126 0.465 0.000 0.409
022500 0.126 0.465 0.000 0.409
023000 0.126 0.465 0.000 0.409
023500 0.126 0.465 0.000 0.409
024000 0.126 0.465 0.000 0.409
024500 0.126 0.465 0.000 0.409
025000 0.126 0.465 0.000 0.409
025500 0.126 0.465 0.000 0.409
026000 0.126 0.465 0.000 0.409
026500 0.126 0.465 0.000 0.409
027000 0.126 0.465 0.000 0.409
027500 0.126 0.465 0.000 0.409
028000 0.126 0.465 0.000 0.409
028500 0.126 0.465 0.000 0.409
029000 0.126 0.465 0.000 0.409
029500 0.126 0.465 0.000 0.409
030000 0.126 0.465 0.000 0.409
030500 0.126 0.465 0.000 0.409
031000 0.126 0.465 0.000 0.409
031500 0.126 0.465 0.000 0.409
032000 0.126 0.465 0.000 0.409
032500 0.126 0.465 0.000 0.409
033000 0.126 0.465 0.000 0.409
033500 0.126 0.465 0.000 0.409
034000 0.126 0.465 0.000 0.409
034500 0.126 0.465 0.000 0.409
035000 0.126 0.465 0.000 0.409
035500 0.126 0.465 0.000 0.409
036000 0.126 0.465 0.000 0.409
036500 0.126 0.465 0.000 0.409
037000 0.126 0.465 0.000 0.409
037500 0.126 0.465 0.000 0.409
038000 0.126 0.465 0.000 0.409
038500 0.126 0.465 0.000 0.409
039000 0.126 0.465 0.000 0.409
039500 0.126 0.465 0.000 0.409
040000 0.126 0.465 0.000 0.409
040500 0.126 0.465 0.000 0.409
041000 0.126 0.465 0.000 0.409
041500 0.126 0.465 0.000 0.409
042000 0.126 0.465 0.000 0.409
042500 0.126 0.465 0.000 0.409
043000 0.126 0.465 0.000 0.409
043500 0.126 0.465 0.000 0.409
044000 0.126 0.465 0.000 0.409
044500 0.126 0.465 0.000 0.409
045000 0.126 0.465 0.000 0.409
045500 0.126 0.465 0.000 0.409
046000 0.126 0.465 0.000 0.409
046500 0.126 0.465 0.000 0.409
047000 0.126 0.465 0.000 0.409
047500 0.126 0.465 0.000 0.409
048000 0.126 0.465 0.000 0.409
048500 0.126 0.465 0.000 0.409
049000 0.126 0.465 0.000 0.409
049500 0.126 0.465 0.000 0.409
050000 0.126 0.465 0.000 0.409
050500 0.126 0.465 0.000 0.409
051000 0.126 0.465 0.000 0.409
051500 0.126 0.465 0.000 0.409
052000 0.126 0.465 0.000 0.409
052500 0.126 0.465 0.000 0.409
053000 0.126 0.465 0.000 0.409
053500 0.126 0.465 0.000 0.409
054000 0.126 0.465 0.000 0.409
054500 0.126 0.465 0.000 0.409
055000 0.126 0.465 0.000 0.409
055500 0.126 0.465 0.000 0.409
056000 0.126 0.465 0.000 0.409
056500 0.126 0.465 0.000 0.409
057000 0.126 0.465 0.000 0.409
057500 0.126 0.465 0.000 0.409
058000 0.126 0.465 0.000 0.409
058500 0.126 0.465 0.000 0.409
059000 0.126 0.465 0.000 0.409
059500 0.126 0.465 0.000 0.409
060000 0.126 0.465 0.000 0.409
060500 0.126 0.465 0.000 0.409
061000 0.126 0.465 0.000 0.409
061500 0.126 0.465 0.000 0.409
062000 0.126 0.465 0.000 0.409
062500 0.126 0.465 0.000 0.409
063000 0.126 0.465 0.000 0.409
063500 0.126 0.465 0.000 0.409
064000 0.126 0.465 0.000 0.409
064500 0.126 0.465 0.000 0.409
065000 0.126 0.465 0.000 0.409
065500 0.126 0.465 0.000 0.409
066000 0.126 0.465 0.000 0.409
066500 0.126 0.465 0.000 0.409
067000 0.126 0.465 0.000 0.409
067500 0.126 0.465 0.000 0.409
068000 0.126 0.465 0.000 0.409
068500 0.126 0.465 0.000 0.409
069000 0.126 0.465 0.000 0.409
069500 0.126 0.465 0.000 0.409
070000 0.126 0.465 0.000 0.409
070500 0.126 0.465 0.000 0.409
071000 0.126 0.465 0.000 0.409
071500 0.126 0.465 0.000 0.409
072000 0.126 0.465 0.000 0.409
072500 0.126 0.465 0.000 0.409
073000 0.126 0.465 0.000 0.409
073500 0.126 0.465 0.000 0.409
074000 0.126 0.465 0.000 0.409
074500 0.126 0.465 0.000 0.409
075000 0.126 0.465 0.000 0.409
075500 0.126 0.465 0.000 0.409
076000 0.126 0.465 0.000 0.409
076500 0.126 0.465 0.000 0.409
077000 0.126 0.465 0.000 0.409
077500 0.126 0.465 0.000 0.409
078000 0.126 0.465 0.000 0.409
078500 0.126 0.465 0.000 0.409
079000 0.126 0.465 0.000 0.409
079500 0.126 0.465 0.000 0.409
080000 0.126 0.465 0.000 0.409
080500 0.126 0.465 0.000 0.409
081000 0.126 0.465 0.000 0.409
081500 0.126 0.465 0.000 0.409
082000 0.126 0.465 0.000 0.409
082500 0.126 0.465 0.000 0.409
083000 0.126 0.465 0.000 0.409
083500 0.126 0.465 0.000 0.409
084000 0.126 0.465 0.000 0.409
084500 0.126 0.465 0.000 0.409
085000 0.126 0.465 0.000 0.409
085500 0.126 0.465 0.000 0.409
086000 0.126 0.465 0.000 0.409
086500 0.126 0.465 0.000 0.409
087000 0.126 0.465 0.000 0.409
087500 0.126 0.465 0.000 0.409
088000 0.126 0.465 0.000 0.409
088500 0.126 0.465 0.000 0.409
089000 0.126 0.465 0.000 0.409
089500 0.126 0.465 0.000 0.409
090000 0.126 0.465 0.000 0.409
090500 0.126 0.465 0.000 0.409
091000 0.126 0.465 0.000 0.409
091500 0.126 0.465 0.000 0.409
092000 0.126 0.465 0.000 0.409
092500 0.126 0.465 0.000 0.409
093000 0.126 0.465 0.000 0.409
093500 0.126 0.465 0.000 0.409
094000 0.126 0.465 0.000 0.409
094500 0.126 0.465 0.000 0.409
095000 0.126 0.465 0.000 0.409
095500 0.126 0.465 0.000 0.409
096000 0.126 0.465 0.000 0.409
096500 0.126 0.465 0.000 0.409
097000 0.126 0.465 0.000 0.409
097500 0.126 0.465 0.000 0.409
098000 0.126 0.465 0.000 0.409
098500 0.126 0.465 0.000 0.409
099000 0.126 0.465 0.000 0.409
099500 0.126 0.465 0.000 0.409
100000 0.126 0.465 0.000 0.409
100500 0.126 0.465 0.000 0.409
101000 0.126 0.465 0.000 0.409
101500 0.126 0.465 0.000 0.409
102000 0.126 0.465 0.000 0.409
102500 0.126 0.465 0.000 0.409
103000 0.126 0.465 0.000 0.409
103500 0.126 0.465 0.000 0.409
104000 0.126 0.465 0.000 0.409
104500 0.126 0.465 0.000 0.409
105000 0.126 0.465 0.000 0.409
105500 0.126 0.465 0.000 0.409
106000 0.126 0.465 0.000 0.409
106500 0.126 0.465 0.000 0.409
107000 0.126 0.465 0.000 0.409
107500 0.126 0.465 0.000 0.409
108000 0.126 0.465 0.000 0.409
108500 0.126 0.465 0.000 0.409
109000 0.126 0.465 0.000 0.409
109500 0.126 0.465 0.000 0.409
110000 0.126 0.465 0.000 0.409
110500 0.126 0.465 0.000 0.409
111000 0.126 0.465 0.000 0.409
111500 0.126 0.465 0.000 0.409
112000 0.126 0.465 0.000 0.409
112500 0.126 0.465 0.000 0.409
113000 0.126 0.465 0.000 0.409
113500 0.126 0.465 0.000 0.409
114000 0.126 0.465 0.000 0.409
114500 0.126 0.465 0.000 0.409
115000 0.126 0.465 0.000 0.409
115500 0.126 0.465 0.000 0.409
116000 0.126 0.465 0.000 0.409
116500 0.126 0.465 0.000 0.409
117000 0.126 0.465 0.000 0.409
117500 0.126 0.465 0.000 0.409
118000 0.126 0.465 0.000 0.409
118500 0.126 0.465 0.000 0.409
119000 0.126 0.465 0.000 0.409
119500 0.126 0.465 0.000 0.409
120000 0.126 0.465 0.000 0.409
120500 0.126 0.465 0.000 0.409
121000 0.126 0.465 0.000 0.409
121500 0.126 0.465 0.000 0.409
122000 0.126 0.465 0.000 0.409
122500 0.126 0.465 0.000 0.409
123000 0.126 0.465 0.000 0.409
123500 0.126 0.465 0.000 0.409
124000 0.126 0.465 0.000 0.409
124500 0.126 0.465 0.000 0.409
125000 0.126 0.465 0.000 0.409
125500 0.126 0.465 0.000 0.409
126000 0.126 0.465 0.000 0.409
126500 0.126 0.465 0.000 0.409
127000 0.126 0.465 0.000 0.409
127500 0.126 0.465 0.000 0.409
128000 0.126 0.465 0.000 0.409
128500 0.126 0.465 0.000 0.409
129000 0.126 0.465 0.000 0.409
129500 0.126 0.465 0.000 0.409
130000 0.126 0.465 0.000 0.409
130500 0.126 0.465 0.000 0.409
131000 0.126 0.465 0.000 0.409
131500 0.126 0.465 0.000 0.409
132000 0.126 0.465 0.000 0.409
132500 0.126 0.465 0.000 0.409
133000 0.126 0.465 0.000 0.409
133500 0.126 0.465 0.000 0.409
134000 0.126 0.465 0.000 0.409
134500 0.126 0.465 0.000 0.409
135000 0.126 0.465 0.000 0.409
135500 0.126 0.465 0.000 0.409
136000 0.126 0.465 0.000 0.409
136500 0.126 0.465 0.000 0.409
137000 0.126 0.465 0.000 0.409
137500 0.126 0.465 0.000 0.409
138000 0.126 0.465 0.000 0.409
138500 0.126 0.465 0.000 0.409
139000 0.126 0.465 0.000 0.409
139500 0.126 0.465 0.000 0.409
140000 0.126 0.465 0.000 0.409
140500 0.126 0.465 0.000 0.409
141000 0.126 0.465 0.000 0.409
141500 0.126 0.465 0.000 0.409
142000 0.126 0.465 0.000 0.409
142500 0.126 0.465 0.000 0.409
143000 0.126 0.465 0.000 0.409
143500 0.126 0.465 0.000 0.409
144000 0.126 0.465 0.000 0.409
144500 0.126 0.465 0.000 0.409
145000 0.126 0.465 0.000 0.409
145500 0.126 0.465 0.000 0.409
146000 0.126 0.465 0.000 0.409
146500 0.126 0.465 0.000 0.409
147000 0.126 0.465 0.000 0.409
147500 0.126 0.465 0.000 0.409
148000 0.126 0.465 0.000 0.409
148500 0.126 0.465 0.000 0.409
149000 0.126 0.465 0.000 0.409
149500 0.126 0.465 0.000 0.409
150000 0.126 0.465 0.000 0.409
150500 0.126 0.465 0.000 0.409
151000 0.126 0.465 0.000 0.409
151500 0.126 0.465 0.000 0.409
152000 0.126 0.465 0.000 0.409
152500 0.126 0.465 0.000 0.409
153000 0.126 0.465 0.000 0.409
153500 0.126 0.465 0.000 0.409
154000 0.126 0.465 0.000 0.409
154500 0.126 0.465 0.000 0.409
155000 0.126 0.465 0.000 0.409
155500 0.126 0.465 0.000 0.409
156000 0.126 0.465 0.000 0.409
156500 0.126 0.465 0.000 0.409
157000 0.126 0.465 0.000 0.409
157500 0.126 0.465 0.000 0.409
158000 0.126 0.465 0.000 0.409
158500 0.126 0.465 0.000 0.409
159000 0.126 0.465 0.000 0.409
159500 0.126 0.465 0.000 0.409
160000 0.126 0.465 0.000 0.409
160500 0.126 0.465 0.000 0.409
161000 0.126 0.465 0.000 0.409
161500 0.126 0.465 0.000 0.409
162000 0.126 0.465 0.000 0.409
162500 0.126 0.465 0.000 0.409
163000 0.126 0.465 0.000 0.409
163500 0.126 0.465 0.000 0.409
164000 0.126 0.465 0.000 0.409
164500 0.126 0.465 0.000 0.409
165000 0.126 0.465 0.000 0.409
165500 0.126 0.465 0.000 0.409
166000 0.126 0.465 0.000 0.409
166500 0.126 0.465 0.000 0.409
167000 0.126 0.465 0.000 0.409
167500 0.126 0.465 0.000 0.409
168000 0.126 0.465 0.000 0.409
168500 0.126 0.465 0.000 0.409
169000 0.126 0.465 0.000 0.409
169500 0.126 0.465 0.000 0.409
170000 0.126 0.465 0.000 0.409
170500 0.126 0.465 0.000 0.409
171000 0.126 0.465 0.000 0.409
171500 0.126 0.465 0.000 0.409
172000 0.126 0.465 0.000 0.409
172500 0.126 0.465 0.000 0.409
173000 0.126 0.465 0.000 0.409
173500 0.126 0.465 0.000 0.409
174000 0.126 0.465 0.000 0.409
174500 0.126 0.465 0.000 0.409
175000 0.126 0.465 0.000 0.409
175500 0.126 0.465 0.000 0.409
176000 0.126 0.465 0.000 0.409
176500 0.126 0.465 0.000 0.409
177000 0.126 0.465 0.000 0.409
177500 0.126 0.465 0.000 0.409
178000 0.126 0.465 0.000 0.409
178500 0.126 0.465 0.000 0.409
179000 0.126 0.465 0.000 0.409
179500 0.126 0.465 0.000 0.409
180000 0.126 0.465 0.000 0.409
180500 0.126 0.465 0.000 0.409
181000 0.126 0.465 0.000 0.409
181500 0.126 0.465 0.000 0.409
182000 0.126 0.465 0.000 0.409
182500 0.126 0.465 0.000 0.409
183000 0.126 0.465 0.000 0.409
183500 0.126 0.465 0.000 0.409
184000 0.126 0.465 0.000 0.409
184500 0.126 0.465 0.000 0.409
185000 0.126 0.465 0.000 0.409
185500 0.126 0.465 0.000 0.409
186000 0.126 0.465 0.000 0.409
186500 0.126 0.465 0.000 0.409
187000 0.126 0.465 0.000 0.409
187500 0.126 0.465 0.000 0.409
188000 0.126 0.465 0.000 0.409
188500 0.126 0.465 0.000 0.409
189000 0.126 0.465 0.000 0.409
189500 0.126 0.465 0.000 0.409
190000 0.126 0.465 0.000 0.409
190500 0.126 0.465 0.000 0.409
191000 0.126 0.465 0.000 0.409
191500 0.126 0.465 0.000 0.409
192000 0.126 0.465 0.000 0.409
192500 0.126 0.465 0.000 0.409
193000 0.126 0.465 0.000 0.409
193500 0.126 0.465 0.000 0.409
194000 0.126 0.465 0.000 0.409
194500 0.126 0.465 0.000 0.409
195000 0.126 0.465 0.000 0.409
195500 0.126 0.465 0.000 0.409
196000 0.126 0.465 0.000 0.409
196500 0.126 0.465 0.000 0.409
197000 0.126 0.465 0.000 0.409
197500 0.126 0.465 0.000 0.409
198000 0.126 0.465 0.000 0.409
198500 0.126 0.465 0.000 0.409
199000 0.126 0.465 0.000 0.409
199500 0.126 0.465 0.000 0.409
200000 0.126 0.465 0.000 0.409
200500 0.126 0.465 0.000 0.409
201000 0.126 0.465 0.000 0.409
201500 0.126 0.465 0.000 0.409
202000 0.126 0.465 0.000 0.409
202500 0.126 0.465 0.000 0.409
203000 0.126 0.465 0.000 0.409
203500 0.126 0.465 0.000 0.409
204000 0.126 0.465 0.000 0.409
204500 0.126 0.465 0.000 0.409
205000 0.126 0.465 0.000 0.409
205500 0.126 0.465 0.000 0.409
206000 0.126 0.465 0.000 0.409
206500 0.126 0.465 0.000 0.409
207000 0.126 0.465 0.000 0.409
207500 0.126 0.465 0.000 0.409
208000 0.126 0.465 0.000 0.409
208500 0.126 0.465 0.000 0.409
209000 0.126 0.465 0.000 0.409
209500 0.126 0.465 0.000 0.409
210000 0.126 0.465 0.000 0.409
210500 0.126 0.465 0.000 0.409
211000 0.126 0.465 0.000 0.409
211500 0.126 0.465 0.000 0.409
212000 0.126 0.465 0.000 0.409
212500 0.126 0.465 0.000 0.409
213000 0.126 0.465 0.000 0.409
213500 0.126 0.465 0.000 0.409
214000 0.126 0.465 0.000 0.409
214500 0.126 0.465 0.000 0.409
215000 0.126 0.465 0.000 0.409
215500 0.126 0.465 0.000 0.409
216000 0.126 0.465 0.000 0.409
216500 0.126 0.465 0.000 0.409
217000 0.126 0.465 0.000 0.409
217500 0.126 0.465 0.000 0.409
218000 0.126 0.465 0.000 0.409
218500 0.126 0.465 0.000 0.409
219000 0.126 0.465 0.000 0.409
219500 0.126 0.465 0.000 0.409
220000 0.126 0.465 0.000 0.409
220500 0.126 0.465 0.000 0.409
221000 0.126 0.465 0.000 0.409
221500 0.126 0.465 0.000 0.409
222000 0.126 0.465 0.000 0.409
222500 0.126 0.465 0.000 0.409
223000 0.126 0.465 0.000 0.409
223500 0.126 0.465 0.000 0.409
224000 0.126 0.465 0.000 0.409
224500 0.126 0.465 0.000 0.409
225000 0.126 0.465 0.000 0.409
225500 0.126 0.465 0.000 0.409
226000 0.126 0.465 0.000 0.409
226500 0.126 0.465 0.000 0.409
227000 0.126 0.465 0.000 0.409
227500 0.126 0.465 0.000 0.409
228000 0.126 0.465 0.000 0.409
228500 0.126 0.465 0.000 0.409
229000 0.126 0.465 0.000 0.409
229500 0.126 0.465 0.000 0.409
230000 0.126 0.465 0.000 0.409
230500 0.126 0.465 0.000 0.409
231000 0.126 0.465 0.000 0.409
231500 0.126 0.465 0.000 0.409
232000 0.126 0.465 0.000 0.409
232500 0.126 0.465 0.000 0.409
233000 0.126 0.465 0.000 0.409
233500 0.126 0.465 0.000 0.409
234000 0.126 0.465 0.000 0.409
234500 0.126 0.465 0.000 0.409
235000 0.126 0.465 0.000 0.409
235500 0.126 0.465 0.000 0.409
236000 0.126 0.465 0.000 0.409
236500 0.126 0.465 0.000 0.409
237000 0.126 0.465 0.000 0.409
237500 0.126 0.465 0.000 0.409
238000 0.126 0.465 0.000 0.409
238500 0.126 0.465 0.000 0.409
239000 0.126 0.465 0.000 0.409
239500 0.126 0.465 0.000 0.409
240000 0.126 0.465 0.000 0.409
240500 0.126 0.465 0.000 0.409
241000 0.126 0.465 0.000 0.409
241500 0.126 0.465 0.000 0.409
242000 0.126 0.465 0.000 0.409
242500 0.126 0.465 0.000 0.409
243000 0.126 0.465 0.000 0.409
243500 0.126 0.465 0.000 0.409
244000 0.126 0.465 0.000 0.409
244500 0.126 0.465 0.000 0.409
245000 0.126 0.465 0.000 0.409
245500 0.126 0.465 0.000 0.409
246000 0.126 0.465 0.000 0.409
246500 0.126 0.465 0.000 0.409
247000 0.126 0.465 0.000 0.409
247500 0.126 0.465 0.000 0.409
248000 0.126 0.465 0.000 0.409
248500 0.126 0.465 0.000 0.409
249000 0.126 0.465 0.000 0.409
249500 0.126 0.465 0.000 0.409
250000 0.126 0.465 0.000 0.409
250500 0.126 0.465 0.000 0.409
251000 0.126 0.465 0.000 0.409
251500 0.126 0.465 0.000 0.409
252000 0.126 0.465 0.000 0.409
252500 0.126 0.465 0.000 0.409
253000 0.126 0.465 0.000 0.409
253500 0.126 0.465 0.000 0.409
254000 0.126 0.465 0.000 0.409
254500 0.126 0.465 0.000 0.409
255000 0.126 0.465 0.000 0.409
255500 0.126 0.465 0.000 0.409
256000 0.126 0.465 0.000 0.409
256500 0.126 0.465 0.000 0.409
257000 0.126 0.465 0.000 0.409
257500 0.126 0.465 0.000 0.409
258000 0.126 0.465 0.000 0.409
258500 0.126 0.465 0.000 0.409
259000 0.126 0.465 0.000 0.409
259500 0.126 0.465 0.000 0.409
260000 0.126 0.465 0.000 0.409
260500 0.126 0.465 0.000 0.409
261000 0.126 0.465 0.000 0.409
261500 0.126 0.465 0.000 0.409
262000 0.126 0.465 0.000 0.409
262500 0.126 0.465 0.000 0.409
263000 0.126 0.465 0.000 0.409
263500 0.126 0.465 0.000 0.409
264000 0.126 0.465 0.000 0.409
264500 0.126 0.465 0.000 0.409
265000 0.126 0.465 0.000 0.409
265500 0.126 0.465 0.000 0.409
266000 0.126 0.465 0.000 0.409
266500 0.126 0.465 0.000 0.409
267000 0.126 0.465 0.000 0.409
267500 0.126 0.465 0.000 0.409
268000 0.126 0.465 0.000 0.409
268500 0.126 0.465 0.000 0.409
269000 0.126 0.465 0.000 0.409
269500 0.126 0.465 0.000 0.409
270000 0.126 0.465 0.000 0.409
270500 0.126 0.465 0.000 0.409
271000 0.126 0.465 0.000 0.409
271500 0.126 0.465 0.000 0.409
272000 0.126 0.465 0.000 0.409
272500 0.126 0.465 0.000 0.409
273000 0.126 0.465 0.000 0.409
273500 0.126 0.465 0.000 0.409
274000 0.126 0.465 0.000 0.409
274500 0.126 0.465 0.000 0.409
275000 0.126 0.465 0.000 0.409
275500 0.126 0.465 0.000 0.409
276000 0.126 0.465 0.000 0.409
276500 0.126 0.465 0.000 0.409
277000 0.126 0.465 0.000 0.409
277500 0.126 0.465 0.000 0.409
278000 0.126 0.465 0.000 0.409
278500 0.126 0.465 0.000 0.409
279000 0.126 0.465 0.000 0.409
279500 0.126 0.465 0.000 0.409
280000 0.126 0.465 0.000 0.409
280500 0.126 0.465 0.000 0.409
281000 0.126 0.465 0.000 0.409
281500 0.126 0.465 0.000 0.409
282000 0.126 0.465 0.000 0.409
282500 0.126 0.465 0.000 0.409
283000 0.126 0.465 0.000 0.409
283500 0.126 0.465 0.000 0.409
284000 0.126 0.465 0.000 0.409
284500 0.126 0.465 0.000 0.409
285000 0.126 0.465 0.000 0.409
285500 0.126 0.465 0.000 0.409
286000 0.126 0.465 0.000 0.409
286500 0.126 0.465 0.000 0.409
287000 0.126 0.465 0.000 0.409
287500 0.126 0.465 0.000 0.409
288000 0.126 0.465 0.000 0.409
288500 0.126 0.465 0.000 0.409
289000 0.126 0.465 0.000 0.409
289500 0.126 0.465 0.000 0.409
290000 0.126 0.465 0.000 0.409
290500 0.126 0.465 0.000 0.409
291000 0.126 0.465 0.000 0.409
291500 0.126 0.465 0.000 0.409
292000 0.126 0.465 0.000 0.409
292500 0.126 0.465 0.000 0.409
293000 0.126 0.465 0.000 0.409
293500 0.126 0.465 0.000 0.409
294000 0.126 0.465 0.000 0.409
294500 0.126 0.465 0.000 0.409
295000 0.126 0.465 0.000 0.409
295500 0.126 0.465 0.000 0.409
296000 0.126 0.465 0.000 0.409
296500 0.126 0.465 0.000 0.409
297000 0.126 0.465 0.000 0.409
297500 0.126 0.465 0.000 0.409
298000 0.126 0.465 0.000 0.409
298500 0.126 0.465 0.000 0.409
299000 0.126 0.465 0.000 0.409
299500 0.126 0.465 0.000 0.409
300000 0.126 0.465 0.000 0.409
300500 0.126 0.465 0.000 0.409
301000 0.126 0.465 0.000 0.409
301500 0.126 0.465 0.000 0.409
302000 0.126 0.465 0.000 0.409
302500 0.126 0.465 0.000 0.409
303000 0.126 0.465 0.000 0.409
303500 0.126 0.465 0.000 0.409
304000 0.126 0.465 0.000 0.409
304500 0.126 0.465 0.000 0.409
305000 0.126 0.465 0.000 0.409
305500 0.126 0.465 0.000 0.409
306000 0.126 0.465 0.000 0.409
306500 0.126 0.465 0.000 0.409
307000 0.126 0.465 0.000 0.409
307500 0.126 0.465 0.000 0.409
308000 0.126 0.465 0.000 0.409
308500 0.126 0.465 0.000 0.409
309000 0.126 0.465 0.000 0.409
309500 0.126 0.465 0.000 0.409
310000 0.126 0.465 0.000 0.409
310500 0.126 0.465 0.000 0.409
311000 0.126 0.465 0.000 0.409
311500 0.126 0.465 0.000 0.409
312000 0.126 0.465 0.000 0.409
312500 0.126 0.465 0.000 0.409
313000 0.126 0.465 0.000 0.409
313500 0.126 0.465 0.000 0.409
314000 0.126 0.465 0.000 0.409
314500 0.126 0.465 0.000 0.409
315000 0.126 0.465 0.000 0.409
315500 0.126 0.465 0.000 0.409
316000 0.126 0.465 0.000 0.409
316500 0.126 0.465 0.000 0.409
317000 0.126 0.465 0.000 0.409
317500 0.126 0.465 0.000 0.409
318000 0.126 0.465 0.000 0.409
318500 0.126 0.465 0.000 0.409
319000 0.126 0.465 0.000 0.409
319500 0.126 0.465 0.000 0.409
320000 0.126 0.465 0.000 0.409
320500 0.126 0.465 0.000 0.409
321000 0.126 0.465 0.000 0.409
321500 0.126 0.465 0.000 0.409
322000 0.126 0.465 0.000 0.409
322500 0.126 0.465 0.000 0.409
323000 0.126 0.465 0.000 0.409
323500 0.126 0.465 0.000 0.409
324000 0.126 0.465 0.000 0.409
324500 0.126 0.465 0.000 0.409
325000 0.126 0.465 0.000 0.409
325500 0.126 0.465 0.000 0.409
326000 0.126 0.465 0.000 0.409
326500 0.126 0.465 0.000 0.409
327000 0.126 0.465 0.000 0.409
327500 0.126 0.465 0.000 0.409
328000 0.126 0.465 0.000 0.409
328500 0.126 0.465 0.000 0.409
329000 0.126 0.465 0.000 0.409
329500 0.126 0.465 0.000 0.409
330000 0.126 0.465 0.000 0.409
330500 0.126 0.465 0.000 0.409
331000 0.126 0.465 0.000 0.409
331500 0.126 0.465 0.000 0.409
332000 0.126 0.465 0.000 0.409
332500 0.126 0.465 0.000 0.409
333000 0.126 0.465 0.000 0.409
333500 0.126 0.465 0.000 0.409
334000 0.126 0.465 0.000 0.409
334500 0.126 0.465 0.000 0.409
335000 0.126 0.465 0.000 0.409
335500 0.126 0.465 0.000 0.409
336000 0.126 0.465 0.000 0.409
336500 0.126 0.465 0.000 0.409
337000 0.126 0.465 0.000 0.409
337500 0.126 0.465 0.000 0.409
338000 0.126 0.465 0.000 0.409
338500 0.126 0.465 0.000 0.409
339000 0.126 0.465 0.000 0.409
339500 0.126 0.465 0.000 0.409
340000 0.126 0.465 0.000 0.409
340500 0.126 0.465 0.000 0.409
341000 0.126 0.465 0.000 0.409
341500 0.126 0.465 0.000 0.409
342000 0.126 0.465 0.000 0.409
342500 0.126 0.465 0.000 0.409
343000 0.126 0.465 0.000 0.409
343500 0.126 0.465 0.000 0.409
344000 0.126 0.465 0.000 0.409
344500 0.126 0.465 0.000 0.409
345000 0.126 0.465 0.000 0.409
345500 0.126 0.465 0.000 0.409
346000 0.126 0.465 0.000 0.409
346500 0.126 0.465 0.000 0.409
347000 0.126 0.465 0.000 0.409
347500 0.126 0.465 0.000 0.409
348000 0.126 0.465 0.000 0.409
348500 0.126 0.465 0.000 0.409
349000 0.126 0.465 0.000 0.409
349500 0.126 0.465 0.000 0.409
350000 0.126 0.465 0.000 0.409
350500 0.126 0.465 0.000 0.409
351000 0.126 0.465 0.000 0.409
351500 0.126 0.465 0.000 0.409
352000 0.126 0.465 0.000 0.409
352500 0.126 0.465 0.000 0.409
353000 0.126 0.465 0.000 0.409
353500 0.126 0.465 0.000 0.409
354000 0.126 0.465 0.000 0.409
354500 0.126 0.465 0.000 0.409
355000 0.126 0.465 0.000 0.409
355500 0.126 0.465 0.000 0.409
356000 0.126 0.465 0.000 0.409
356500 0.126 0.465 0.000 0.409
357000 0.126 0.465 0.000 0.409
357500 0.126 0.465 0.000 0.409
358000 0.126 0.465 0.000 0.409
358500 0.126 0.465 0.000 0.409
359000 0.126 0.465 0.000 0.409
359500 0.126 0.465 0.000 0.409
360000 0.126 0.465 0.000 0.409
360500 0.126 0.465 0.000 0.409
361000 0.126 0.465 0.000 0.409
361500 0.126 0.465 0.000 0.409
362000 0.126 0.465 0.000 0.409
362500 0.126 0.465 0.000 0.409
363000 0.126 0.465 0.000 0.409
363500 0.126 0.465 0.000 0.409
364000 0.126 0.465 0.000 0.409
364500 0.126 0.465 0.000 0.409
365000 0.126 0.465 0.000 0.409
365500 0.126 0.465 0.000 0.409
366000 0.126 0.465 0.000 0.409
366500 0.126 0.465 0.000 0.409
367000 0.126 0.465 0.000 0.409
367500 0.126 0.465 0.000 0.409
368000 0.126 0.465 0.000 0.409
368500 0.126 0.465 0.000 0.409
369000 0.126 0.465 0.000 0.409
369500 0.126 0.465 0.000 0.409
370000 0.126 0.465 0.000 0.409
370500 0.126 0.465 0.000 0.409
371000 0.126 0.465 0.000 0.409
371500 0.126 0.465 0.000 0.409
372000 0.126 0.465 0.000 0.409
372500 0.126 0.465 0.000 0.409
373000 0.126 0.465 0.000 0.409
373500 0.126 0.465 0.000 0.409
374000 0.126 0.465 0.000 0.409
374500 0.126 0.465 0.000 0.409
375000 0.126 0.465 0.000 0.409
375500 0.126 0.465 0.000 0.409
376000 0.126 0.465 0.000 0.409
376500 0.126 0.465 0.000 0.409
377000 0.126 0.465 0.000 0.409
377500 0.126 0.465 0.000 0.409
378000 0.126 0.465 0.000 0.409
378500 0.126 0.465 0.000 0.409
379000 0.126 0.465 0.000 0.409
379500 0.126 0.465 0.000 0.409
380000 0.126 0.465 0.000 0.409
380500 0.126 0.465 0.000 0.409
381000 0.126 0.465 0.000 0.409
381500 0.126 0.465 0.000 0.409
382000 0.126 0.465 0.000 0.409
382500 0.126 0.465 0.000 0.409
383000 0.126 0.465 0.000 0.409
383500 0.126 0.465 0.000 0.409
384000 0.126 0.465 0.000 0.409
384500 0.126 0.465 0.000 0.409
385000 0.126 0.465 0.000 0.409
385500 0.126 0.465 0.000 0.409
386000 0.126 0.465 0.000 0.409
386500 0.126 0.465 0.000 0.409
387000 0.126 0.465 0.000 0.409
387500 0.126 0.465 0.000 0.409
388000 0.126 0.465 0.000 0.409
388500 0.126 0.465 0.000 0.409
389000 0.126 0.465 0.000 0.409
389500 0.126 0.465 0.000 0.409
390000 0.126 0.465 0.000 0.409
390500 0.126 0.465 0.000 0.409
391000 0.126 0.465 0.000 0.409
391500 0.126 0.465 0.000 0.409
392000 0.126 0.465 0.000 0.409
392500 0.126 0.465 0.000 0.409
393000 0.126 0.465 0.000 0.409
393500 0.126 0.465 0.000 0.409
394000 0.126 0.465 0.000 0.409
394500 0.126 0.465 0.000 0.409
395000 0.126 0.465 0.000 0.409
395500 0.126 0.465 0.000 0.409
396000 0.126 0.465 0.000 0.409
396500 0.126 0.465 0.000 0.409
397000 0.126 0.465 0.000 0.409
397500 0.126 0.465 0.000 0.409
398000 0.126 0.465 0.000 0.409
398500 0.126 0.465 0.000 0.409
399000 0.126 0.465 0.000 0.409
399500 0.126 0.465 0.000 0.409
400000 0.126 0.465 0.000 0.409
400500 0.126 0.465 0.000 0.409
401000 0.126 0.465 0.000 0.409
401500 0.126 0.465 0.000 0.409
402000 0.126 0.465 0.000 0.409
402500 0.126 0.465 0.000 0.409
403000 0.126 0.465 0.000 0.409
403500 0.126 0.465 0.000 0.409
404000 0.126 0.465 0.000 0.409
404500 0.126 0.465 0.000 0.409
405000 0.126 0.465 0.000 0.409
405500 0.126 0.465 0.000 0.409
406000 0.126 0.465 0.000 0.409
406500 0.126 0.465 0.000 0.409
407000 0.126 0.465 0.000 0.409
407500 0.126 0.465 0.000 0.409
408000 0.126 0.465 0.000 0.409
408500 0.126 0.465 0.000 0.409
409000 0.126 0.465 0.000 0.409
409500 0.126 0.465 0.000 0.409
410000 0.126 0.465 0.000 0.409
410500 0.126 0.465 0.000 0.409
411000 0.126 0.465 0.000 0.409
411500 0.126 0.465 0.000 0.409
412000 0.126 0.465 0.000 0.409
412500 0.126 0.465 0.000 0.409
413000 0.126 0.465 0.000 0.409
413500 0.126 0.465 0.000 0.409
414000 0.126 0.465 0.000 0.409
414500 0.126 0.465 0.000 0.409
415000 0.126 0.465 0.000 0.409
415500 0.126 0.465 0.000 0.409
416000 0.126 0.465 0.000 0.409
416500 0.126 0.465 0.000 0.409
417000 0.126 0.465 0.000 0.409
417500 0.126 0.465 0.000 0.409
418000 0.126 0.465 0.000 0.409
418500 0.126 0.465 0.000 0.409
419000 0.126 0.465 0.000 0.409
419500 0.126 0.465 0.000 0.409
420000 0.126 0.465 0.000 0.409
420500 0.126 0.465 0.000 0.409
421000 0.126 0.465 0.000 0.409
421500 0.126 0.465 0.000 0.409
422000 0.126 0.465 0.000 0.409
422500 0.126 0.465 0.000 0.409
423000 0.126 0.465 0.000 0.409
423500 0.126 0.465 0.000 0.409
424000 0.126 0.465 0.000 0.409
424500 0.126 0.465 0.000 0.409
425000 0.126 0.465 0.000 0.409
425500 0.126 0.465 0.000 0.409
426000 0.126 0.465 0.000 0.409
426500 0.126 0.465 0.000 0.409
427000 0.126 0.465 0.000 0.409
427500 0.126 0.465 0.000 0.409
428000 0.126 0.465 0.000 0.409
428500 0.126 0.465 0.000 0.409
429000 0.126 0.465 0.000 0.409
429500 0.126 0.465 0.000 0.409
430000 0.126 0.465 0.000 0.409
430500 0.126 0.465 0.000 0.409
431000 0.126 0.465 0.000 0.409
431500 0.126 0.465 0.000 0.409
432000 0.126 0.465 0.000 0.409
432500 0.126 0.465 0.000 0.409
433000 0.126 0.465 0.000 0.409
433500 0.126 0.465 0.000 0.409
434000 0.126 0.465 0.000 0.409
434500 0.126 0.465 0.000 0.409
435000 0.126 0.465 0.000 0.409
435500 0.126 0.465 0.000 0.409
436000 0.126 0.465 0.000 0.409
436500 0.126 0.465 0.000 0.409
437000 0.126 0.465 0.000 0.409
437500 0.126 0.465 0.000 0.409
438000 0.126 0.465 0.000 0.409
438500 0.126 0.465 0.000 0.409
439000 0.126 0.465 0.000 0.409
439500 0.126 0.465 0.000 0.409
440000 0.126 0.465 0.000 0.409
440500 0.126 0.465 0.000 0.409
441000 0.126 0.465 0.000 0.409
441500 0.126 0.465 0.000 0.409
442000 0.126 0.465 0.000 0.409
442500 0.126 0.465 0.000 0.409
443000 0.126 0.465 0.000 0.409
443500 0.126 0.465 0.000 0.409
444000 0.126 0.465 0.000 0.409
444500 0.126 0.465 0.000 0.409
445000 0.126 0.465 0.000 0.409
445500 0.126 0.465 0.000 0.409
446000 0.126 0.465 0.000 0.409
446500 0.126 0.465 0.000 0.409
447000 0.126 0.465 0.000 0.409
447500 0.126 0.465 0.000 0.409
448000 0.126 0.465 0.000 0.409
448500 0.126 0.465 0.000 0.409
449000 0.126 0.465 0.000 0.409
449500 0.126 0.465 0.000 0.409
450000 0.126 0.465 0.000 0.409
450500 0.126 0.465 0.000 0.409
451000 0.126 0.465 0.000 0.409
451500 0.126 0.465 0.000 0.409
452000 0.126 0.465 0.000 0.409
452500 0.126 0.465 0.000 0.409
453000 0.126 0.465 0.000 0.409
453500 0.126 0.465 0.000 0.409
454000 0.126 0.465 0.000 0.409
454500 0.126 0.465 0.000 0.409
455000 0.126 0.465 0.000 0.409
455500 0.126 0.465 0.000 0.409
456000 0.126 0.465 0.000 0.409
456500 0.126 0.465 0.000 0.409
457000 0.126 0.465 0.000 0.409
457500 0.126 0.465 0.000 0.409
458000 0.126 0.465 0.000 0.409
458500 0.126 0.465 0.000 0.409
459000 0.126 0.465 0.000 0.409
459500 0.126 0.465 0.000 0.409
460000 0.126 0.465 0.000 0.409
460500 0.126 0.465 0.000 0.409
461000 0.126 0.465 0.000 0.409
461500 0.126 0.465 0.000 0.409
462000 0.126 0.465 0.000 0.409
462500 0.126 0.465 0.000 0.409
463000 0.126 0.465 0.000 0.409
463500 0.126 0.465 0.000 0.409
464000 0.126 0.465 0.000 0.409
464500 0.126 0.465 0.000 0.409
465000 0.126 0.465 0.000 0.409
465500 0.126 0.465 0.000 0.409
466000 0.126 0.465 0.000 0.409
466500 0.126 0.465 0.000 0.409
467000 0.126 0.465 0.000 0.409
467500 0.126 0.465 0.000 0.409
468000 0.126 0.465 0.000 0.409
468500 0.126 0.465 0.000 0.409
469000 0.126 0.465 0.000 0.409
469500 0.126 0.465 0.000 0.409
470000 0.126 0.465 0.000 0.409
470500 0.126 0.465 0.000 0.409
471000 0.126 0.465 0.000 0.409
471500 0.126 0.465 0.000 0.409
472000 0.126 0.465 0.000 0.409
472500 0.126 0.465 0.000 0.409
473000 0.126 0.465 0.000 0.409
473500 0.126 0.465 0.000 0.409
474000 0.126 0.465 0.000 0.409
474500 0.126 0.465 0.000 0.409
475000 0.126 0.465 0.000 0.409
475500 0.126 0.465 0.000 0.409
476000 0.126 0.465 0.000 0.409
476500 0.126 0.465 0.000 0.409
477000 0.126 0.465 0.000 0.409
477500 0.126 0.465 0.000 0.409
478000 0.126 0.465 0.000 0.409
478500 0.126 0.465 0.000 0.409
479000 0.126 0.465 0.000 0.409
479500 0.126 0.465 0.000 0.409
480000 0.126 0.465 0.000 0.409
480500 0.126 0.465 0.000 0.409
481000 0.126 0.465 0.000 0.409
481500 0.126 0.465 0.000 0.409
482000 0.126 0.465 0.000 0.409
482500 0.126 0.465 0.000 0.409
483000 0.126 0.465 0.000 0.409
483500 0.126 0.465 0.000 0.409
484000 0.126 0.465 0.000 0.409
484500 0.126 0.465 0.000 0.409
485000 0.126 0.465 0.000 0.409
485500 0.126 0.465 0.000 0.409
486000 0.126 0.465 0.000 0.409
486500 0.126 0.465 0.000 0.409
487000 0.126 0.465 0.000 0.409
487500 0.126 0.465 0.000 0.409
488000 0.126 0.465 0.000 0.409
488500 0.126 0.465 0.000 0.409
489000 0.126 0.465 0.000 0.409
489500 0.126 0.465 0.000 0.409
490000 0.126 0.465 0.000 0.409
490500 0.126 0.465 0.000 0.409
491000 0.126 0.465 0.000 0.409
491500 0.126 0.465 0.000 0.409
492000 0.126 0.465 0.000 0.409
492500 0.126 0.465 0.000 0.409
493000 0.126 0.465 0.000 0.409
493500 0.126 0.465 0.000 0.409
494000 0.126 0.465 0.000 0.409
494500 0.126 0.465 0.000 0.409
495000 0.126 0.465 0.000 0.409
495500 0.126 0.465 0.000 0.409
496000 0.126 0.465 0.000 0.409
496500 0.126 0.465 0.000 0.409
497000 0.126 0.465 0.000 0.409
497500 0.126 0.465 0.000 0.409
498000 0.126 0.465 0.000 0.409
498500 0.126 0.465 0.000 0.409
499000 0.126 0.465 0.000 0.409
499500 0.126 0.465 0.000 0.409
500000 0.126 0.465 0.000 0.409
