000000 0.250 0.250 0.250 0.250
000500 0.014 0.770 0.000 0.215
001000 0.011 0.795 0.000 0.194
001500 0.010 0.805 0.000 0.185
002000 0.010 0.813 0.000 0.177
002500 0.010 0.820 0.000 0.170
003000 0.010 0.823 0.000 0.167
003500 0.010 0.826 0.000 0.165
004000 0.010 0.829 0.000 0.161
004500 0.010 0.832 0.000 0.158
005000 0.010 0.833 0.000 0.157
005500 0.010 0.837 0.000 0.153
006000 0.010 0.841 0.000 0.150
006500 0.010 0.845 0.000 0.146
007000 0.010 0.850 0.000 0.141
007500 0.010 0.853 0.000 0.138
008000 0.010 0.856 0.000 0.134
008500 0.010 0.859 0.000 0.131
009000 0.010 0.860 0.000 0.130
009500 0.010 0.866 0.000 0.125
010000 0.010 0.867 0.000 0.123
010500 0.010 0.870 0.000 0.121
011000 0.010 0.873 0.000 0.118
011500 0.010 0.876 0.000 0.115
012000 0.010 0.878 0.000 0.113
012500 0.010 0.879 0.000 0.112
013000 0.010 0.881 0.000 0.110
013500 0.010 0.882 0.000 0.108
014000 0.010 0.884 0.000 0.107
014500 0.010 0.885 0.000 0.106
015000 0.010 0.888 0.000 0.103
015500 0.010 0.890 0.000 0.101
016000 0.010 0.891 0.000 0.099
016500 0.010 0.893 0.000 0.097
017000 0.010 0.897 0.000 0.094
017500 0.010 0.898 0.000 0.093
018000 0.010 0.899 0.000 0.091
018500 0.010 0.901 0.000 0.089
019000 0.010 0.903 0.000 0.088
019500 0.010 0.905 0.000 0.085
020000 0.010 0.906 0.000 0.084
020500 0.010 0.906 0.000 0.084
021000 0.010 0.907 0.000 0.083
021500 0.010 0.907 0.000 0.083
022000 0.010 0.907 0.000 0.083
022500 0.010 0.907 0.000 0.083
023000 0.010 0.907 0.000 0.083
023500 0.010 0.907 0.000 0.083
024000 0.010 0.907 0.000 0.083
024500 0.010 0.907 0.000 0.083
025000 0.010 0.907 0.000 0.083
025500 0.010 0.907 0.000 0.083
026000 0.010 0.907 0.000 0.083
026500 0.010 0.907 0.000 0.083
027000 0.010 0.907 0.000 0.083
027500 0.010 0.907 0.000 0.083
028000 0.010 0.907 0.000 0.083
028500 0.010 0.907 0.000 0.083
029000 0.010 0.907 0.000 0.083
029500 0.010 0.907 0.000 0.083
030000 0.010 0.907 0.000 0.083
030500 0.010 0.907 0.000 0.083
031000 0.010 0.907 0.000 0.083
031500 0.010 0.907 0.000 0.083
032000 0.010 0.907 0.000 0.083
032500 0.010 0.907 0.000 0.083
033000 0.010 0.907 0.000 0.083
033500 0.010 0.907 0.000 0.083
034000 0.010 0.907 0.000 0.083
034500 0.010 0.907 0.000 0.083
035000 0.010 0.907 0.000 0.083
035500 0.010 0.907 0.000 0.083
036000 0.010 0.907 0.000 0.083
036500 0.010 0.907 0.000 0.083
037000 0.010 0.907 0.000 0.083
037500 0.010 0.907 0.000 0.083
038000 0.010 0.907 0.000 0.083
038500 0.010 0.907 0.000 0.083
039000 0.010 0.907 0.000 0.083
039500 0.010 0.907 0.000 0.083
040000 0.010 0.907 0.000 0.083
040500 0.010 0.907 0.000 0.083
041000 0.010 0.907 0.000 0.083
041500 0.010 0.907 0.000 0.083
042000 0.010 0.907 0.000 0.083
042500 0.010 0.907 0.000 0.083
043000 0.010 0.907 0.000 0.083
043500 0.010 0.907 0.000 0.083
044000 0.010 0.907 0.000 0.083
044500 0.010 0.907 0.000 0.083
045000 0.010 0.907 0.000 0.083
045500 0.010 0.907 0.000 0.083
046000 0.010 0.907 0.000 0.083
046500 0.010 0.907 0.000 0.083
047000 0.010 0.907 0.000 0.083
047500 0.010 0.907 0.000 0.083
048000 0.010 0.907 0.000 0.083
048500 0.010 0.907 0.000 0.083
049000 0.010 0.907 0.000 0.083
049500 0.010 0.907 0.000 0.083
050000 0.010 0.907 0.000 0.083
050500 0.010 0.907 0.000 0.083
051000 0.010 0.907 0.000 0.083
051500 0.010 0.907 0.000 0.083
052000 0.010 0.907 0.000 0.083
052500 0.010 0.907 0.000 0.083
053000 0.010 0.907 0.000 0.083
053500 0.010 0.907 0.000 0.083
054000 0.010 0.907 0.000 0.083
054500 0.010 0.907 0.000 0.083
055000 0.010 0.907 0.000 0.083
055500 0.010 0.907 0.000 0.083
056000 0.010 0.907 0.000 0.083
056500 0.010 0.907 0.000 0.083
057000 0.010 0.907 0.000 0.083
057500 0.010 0.907 0.000 0.083
058000 0.010 0.907 0.000 0.083
058500 0.010 0.907 0.000 0.083
059000 0.010 0.907 0.000 0.083
059500 0.010 0.907 0.000 0.083
060000 0.010 0.907 0.000 0.083
060500 0.010 0.907 0.000 0.083
061000 0.010 0.907 0.000 0.083
061500 0.010 0.907 0.000 0.083
062000 0.010 0.907 0.000 0.083
062500 0.010 0.907 0.000 0.083
063000 0.010 0.907 0.000 0.083
063500 0.010 0.907 0.000 0.083
064000 0.010 0.907 0.000 0.083
064500 0.010 0.907 0.000 0.083
065000 0.010 0.907 0.000 0.083
065500 0.010 0.907 0.000 0.083
066000 0.010 0.907 0.000 0.083
066500 0.010 0.907 0.000 0.083
067000 0.010 0.907 0.000 0.083
067500 0.010 0.907 0.000 0.083
068000 0.010 0.907 0.000 0.083
068500 0.010 0.907 0.000 0.083
069000 0.010 0.907 0.000 0.083
069500 0.010 0.907 0.000 0.083
070000 0.010 0.907 0.000 0.083
070500 0.010 0.907 0.000 0.083
071000 0.010 0.907 0.000 0.083
071500 0.010 0.907 0.000 0.083
072000 0.010 0.907 0.000 0.083
072500 0.010 0.907 0.000 0.083
073000 0.010 0.907 0.000 0.083
073500 0.010 0.907 0.000 0.083
074000 0.010 0.907 0.000 0.083
074500 0.010 0.907 0.000 0.083
075000 0.010 0.907 0.000 0.083
075500 0.010 0.907 0.000 0.083
076000 0.010 0.907 0.000 0.083
076500 0.010 0.907 0.000 0.083
077000 0.010 0.907 0.000 0.083
077500 0.010 0.907 0.000 0.083
078000 0.010 0.907 0.000 0.083
078500 0.010 0.907 0.000 0.083
079000 0.010 0.907 0.000 0.083
079500 0.010 0.907 0.000 0.083
080000 0.010 0.907 0.000 0.083
080500 0.010 0.907 0.000 0.083
081000 0.010 0.907 0.000 0.083
081500 0.010 0.907 0.000 0.083
082000 0.010 0.907 0.000 0.083
082500 0.010 0.907 0.000 0.083
083000 0.010 0.907 0.000 0.083
083500 0.010 0.907 0.000 0.083
084000 0.010 0.907 0.000 0.083
084500 0.010 0.907 0.000 0.083
085000 0.010 0.907 0.000 0.083
085500 0.010 0.907 0.000 0.083
086000 0.010 0.907 0.000 0.083
086500 0.010 0.907 0.000 0.083
087000 0.010 0.907 0.000 0.083
087500 0.010 0.907 0.000 0.083
088000 0.010 0.907 0.000 0.083
088500 0.010 0.907 0.000 0.083
089000 0.010 0.907 0.000 0.083
089500 0.010 0.907 0.000 0.083
090000 0.010 0.907 0.000 0.083
090500 0.010 0.907 0.000 0.083
091000 0.010 0.907 0.000 0.083
091500 0.010 0.907 0.000 0.083
092000 0.010 0.907 0.000 0.083
092500 0.010 0.907 0.000 0.083
093000 0.010 0.907 0.000 0.083
093500 0.010 0.907 0.000 0.083
094000 0.010 0.907 0.000 0.083
094500 0.010 0.907 0.000 0.083
095000 0.010 0.907 0.000 0.083
095500 0.010 0.907 0.000 0.083
096000 0.010 0.907 0.000 0.083
096500 0.010 0.907 0.000 0.083
097000 0.010 0.907 0.000 0.083
097500 0.010 0.907 0.000 0.083
098000 0.010 0.907 0.000 0.083
098500 0.010 0.907 0.000 0.083
099000 0.010 0.907 0.000 0.083
099500 0.010 0.907 0.000 0.083
100000 0.010 0.907 0.000 0.083
100500 0.010 0.907 0.000 0.083
101000 0.010 0.907 0.000 0.083
101500 0.010 0.907 0.000 0.083
102000 0.010 0.907 0.000 0.083
102500 0.010 0.907 0.000 0.083
103000 0.010 0.907 0.000 0.083
103500 0.010 0.907 0.000 0.083
104000 0.010 0.907 0.000 0.083
104500 0.010 0.907 0.000 0.083
105000 0.010 0.907 0.000 0.083
105500 0.010 0.907 0.000 0.083
106000 0.010 0.907 0.000 0.083
106500 0.010 0.907 0.000 0.083
107000 0.010 0.907 0.000 0.083
107500 0.010 0.907 0.000 0.083
108000 0.010 0.907 0.000 0.083
108500 0.010 0.907 0.000 0.083
109000 0.010 0.907 0.000 0.083
109500 0.010 0.907 0.000 0.083
110000 0.010 0.907 0.000 0.083
110500 0.010 0.907 0.000 0.083
111000 0.010 0.907 0.000 0.083
111500 0.010 0.907 0.000 0.083
112000 0.010 0.907 0.000 0.083
112500 0.010 0.907 0.000 0.083
113000 0.010 0.907 0.000 0.083
113500 0.010 0.907 0.000 0.083
114000 0.010 0.907 0.000 0.083
114500 0.010 0.907 0.000 0.083
115000 0.010 0.907 0.000 0.083
115500 0.010 0.907 0.000 0.083
116000 0.010 0.907 0.000 0.083
116500 0.010 0.907 0.000 0.083
117000 0.010 0.907 0.000 0.083
117500 0.010 0.907 0.000 0.083
118000 0.010 0.907 0.000 0.083
118500 0.010 0.907 0.000 0.083
119000 0.010 0.907 0.000 0.083
119500 0.010 0.907 0.000 0.083
120000 0.010 0.907 0.000 0.083
120500 0.010 0.907 0.000 0.083
121000 0.010 0.907 0.000 0.083
121500 0.010 0.907 0.000 0.083
122000 0.010 0.907 0.000 0.083
122500 0.010 0.907 0.000 0.083
123000 0.010 0.907 0.000 0.083
123500 0.010 0.907 0.000 0.083
124000 0.010 0.907 0.000 0.083
124500 0.010 0.907 0.000 0.083
125000 0.010 0.907 0.000 0.083
125500 0.010 0.907 0.000 0.083
126000 0.010 0.907 0.000 0.083
126500 0.010 0.907 0.000 0.083
127000 0.010 0.907 0.000 0.083
127500 0.010 0.907 0.000 0.083
128000 0.010 0.907 0.000 0.083
128500 0.010 0.907 0.000 0.083
129000 0.010 0.907 0.000 0.083
129500 0.010 0.907 0.000 0.083
130000 0.010 0.907 0.000 0.083
130500 0.010 0.907 0.000 0.083
131000 0.010 0.907 0.000 0.083
131500 0.010 0.907 0.000 0.083
132000 0.010 0.907 0.000 0.083
132500 0.010 0.907 0.000 0.083
133000 0.010 0.907 0.000 0.083
133500 0.010 0.907 0.000 0.083
134000 0.010 0.907 0.000 0.083
134500 0.010 0.907 0.000 0.083
135000 0.010 0.907 0.000 0.083
135500 0.010 0.907 0.000 0.083
136000 0.010 0.907 0.000 0.083
136500 0.010 0.907 0.000 0.083
137000 0.010 0.907 0.000 0.083
137500 0.010 0.907 0.000 0.083
138000 0.010 0.907 0.000 0.083
138500 0.010 0.907 0.000 0.083
139000 0.010 0.907 0.000 0.083
139500 0.010 0.907 0.000 0.083
140000 0.010 0.907 0.000 0.083
140500 0.010 0.907 0.000 0.083
141000 0.010 0.907 0.000 0.083
141500 0.010 0.907 0.000 0.083
142000 0.010 0.907 0.000 0.083
142500 0.010 0.907 0.000 0.083
143000 0.010 0.907 0.000 0.083
143500 0.010 0.907 0.000 0.083
144000 0.010 0.907 0.000 0.083
144500 0.010 0.907 0.000 0.083
145000 0.010 0.907 0.000 0.083
145500 0.010 0.907 0.000 0.083
146000 0.010 0.907 0.000 0.083
146500 0.010 0.907 0.000 0.083
147000 0.010 0.907 0.000 0.083
147500 0.010 0.907 0.000 0.083
148000 0.010 0.907 0.000 0.083
148500 0.010 0.907 0.000 0.083
149000 0.010 0.907 0.000 0.083
149500 0.010 0.907 0.000 0.083
150000 0.010 0.907 0.000 0.083
150500 0.010 0.907 0.000 0.083
151000 0.010 0.907 0.000 0.083
151500 0.010 0.907 0.000 0.083
152000 0.010 0.907 0.000 0.083
152500 0.010 0.907 0.000 0.083
153000 0.010 0.907 0.000 0.083
153500 0.010 0.907 0.000 0.083
154000 0.010 0.907 0.000 0.083
154500 0.010 0.907 0.000 0.083
155000 0.010 0.907 0.000 0.083
155500 0.010 0.907 0.000 0.083
156000 0.010 0.907 0.000 0.083
156500 0.010 0.907 0.000 0.083
157000 0.010 0.907 0.000 0.083
157500 0.010 0.907 0.000 0.083
158000 0.010 0.907 0.000 0.083
158500 0.010 0.907 0.000 0.083
159000 0.010 0.907 0.000 0.083
159500 0.010 0.907 0.000 0.083
160000 0.010 0.907 0.000 0.083
160500 0.010 0.907 0.000 0.083
161000 0.010 0.907 0.000 0.083
161500 0.010 0.907 0.000 0.083
162000 0.010 0.907 0.000 0.083
162500 0.010 0.907 0.000 0.083
163000 0.010 0.907 0.000 0.083
163500 0.010 0.907 0.000 0.083
164000 0.010 0.907 0.000 0.083
164500 0.010 0.907 0.000 0.083
165000 0.010 0.907 0.000 0.083
165500 0.010 0.907 0.000 0.083
166000 0.010 0.907 0.000 0.083
166500 0.010 0.907 0.000 0.083
167000 0.010 0.907 0.000 0.083
167500 0.010 0.907 0.000 0.083
168000 0.010 0.907 0.000 0.083
168500 0.010 0.907 0.000 0.083
169000 0.010 0.907 0.000 0.083
169500 0.010 0.907 0.000 0.083
170000 0.010 0.907 0.000 0.083
170500 0.010 0.907 0.000 0.083
171000 0.010 0.907 0.000 0.083
171500 0.010 0.907 0.000 0.083
172000 0.010 0.907 0.000 0.083
172500 0.010 0.907 0.000 0.083
173000 0.010 0.907 0.000 0.083
173500 0.010 0.907 0.000 0.083
174000 0.010 0.907 0.000 0.083
174500 0.010 0.907 0.000 0.083
175000 0.010 0.907 0.000 0.083
175500 0.010 0.907 0.000 0.083
176000 0.010 0.907 0.000 0.083
176500 0.010 0.907 0.000 0.083
177000 0.010 0.907 0.000 0.083
177500 0.010 0.907 0.000 0.083
178000 0.010 0.907 0.000 0.083
178500 0.010 0.907 0.000 0.083
179000 0.010 0.907 0.000 0.083
179500 0.010 0.907 0.000 0.083
180000 0.010 0.907 0.000 0.083
180500 0.010 0.907 0.000 0.083
181000 0.010 0.907 0.000 0.083
181500 0.010 0.907 0.000 0.083
182000 0.010 0.907 0.000 0.083
182500 0.010 0.907 0.000 0.083
183000 0.010 0.907 0.000 0.083
183500 0.010 0.907 0.000 0.083
184000 0.010 0.907 0.000 0.083
184500 0.010 0.907 0.000 0.083
185000 0.010 0.907 0.000 0.083
185500 0.010 0.907 0.000 0.083
186000 0.010 0.907 0.000 0.083
186500 0.010 0.907 0.000 0.083
187000 0.010 0.907 0.000 0.083
187500 0.010 0.907 0.000 0.083
188000 0.010 0.907 0.000 0.083
188500 0.010 0.907 0.000 0.083
189000 0.010 0.907 0.000 0.083
189500 0.010 0.907 0.000 0.083
190000 0.010 0.907 0.000 0.083
190500 0.010 0.907 0.000 0.083
191000 0.010 0.907 0.000 0.083
191500 0.010 0.907 0.000 0.083
192000 0.010 0.907 0.000 0.083
192500 0.010 0.907 0.000 0.083
193000 0.010 0.907 0.000 0.083
193500 0.010 0.907 0.000 0.083
194000 0.010 0.907 0.000 0.083
194500 0.010 0.907 0.000 0.083
195000 0.010 0.907 0.000 0.083
195500 0.010 0.907 0.000 0.083
196000 0.010 0.907 0.000 0.083
196500 0.010 0.907 0.000 0.083
197000 0.010 0.907 0.000 0.083
197500 0.010 0.907 0.000 0.083
198000 0.010 0.907 0.000 0.083
198500 0.010 0.907 0.000 0.083
199000 0.010 0.907 0.000 0.083
199500 0.010 0.907 0.000 0.083
200000 0.010 0.907 0.000 0.083
200500 0.010 0.907 0.000 0.083
201000 0.010 0.907 0.000 0.083
201500 0.010 0.907 0.000 0.083
202000 0.010 0.907 0.000 0.083
202500 0.010 0.907 0.000 0.083
203000 0.010 0.907 0.000 0.083
203500 0.010 0.907 0.000 0.083
204000 0.010 0.907 0.000 0.083
204500 0.010 0.907 0.000 0.083
205000 0.010 0.907 0.000 0.083
205500 0.010 0.907 0.000 0.083
206000 0.010 0.907 0.000 0.083
206500 0.010 0.907 0.000 0.083
207000 0.010 0.907 0.000 0.083
207500 0.010 0.907 0.000 0.083
208000 0.010 0.907 0.000 0.083
208500 0.010 0.907 0.000 0.083
209000 0.010 0.907 0.000 0.083
209500 0.010 0.907 0.000 0.083
210000 0.010 0.907 0.000 0.083
210500 0.010 0.907 0.000 0.083
211000 0.010 0.907 0.000 0.083
211500 0.010 0.907 0.000 0.083
212000 0.010 0.907 0.000 0.083
212500 0.010 0.907 0.000 0.083
213000 0.010 0.907 0.000 0.083
213500 0.010 0.907 0.000 0.083
214000 0.010 0.907 0.000 0.083
214500 0.010 0.907 0.000 0.083
215000 0.010 0.907 0.000 0.083
215500 0.010 0.907 0.000 0.083
216000 0.010 0.907 0.000 0.083
216500 0.010 0.907 0.000 0.083
217000 0.010 0.907 0.000 0.083
217500 0.010 0.907 0.000 0.083
218000 0.010 0.907 0.000 0.083
218500 0.010 0.907 0.000 0.083
219000 0.010 0.907 0.000 0.083
219500 0.010 0.907 0.000 0.083
220000 0.010 0.907 0.000 0.083
220500 0.010 0.907 0.000 0.083
221000 0.010 0.907 0.000 0.083
221500 0.010 0.907 0.000 0.083
222000 0.010 0.907 0.000 0.083
222500 0.010 0.907 0.000 0.083
223000 0.010 0.907 0.000 0.083
223500 0.010 0.907 0.000 0.083
224000 0.010 0.907 0.000 0.083
224500 0.010 0.907 0.000 0.083
225000 0.010 0.907 0.000 0.083
225500 0.010 0.907 0.000 0.083
226000 0.010 0.907 0.000 0.083
226500 0.010 0.907 0.000 0.083
227000 0.010 0.907 0.000 0.083
227500 0.010 0.907 0.000 0.083
228000 0.010 0.907 0.000 0.083
228500 0.010 0.907 0.000 0.083
229000 0.010 0.907 0.000 0.083
229500 0.010 0.907 0.000 0.083
230000 0.010 0.907 0.000 0.083
230500 0.010 0.907 0.000 0.083
231000 0.010 0.907 0.000 0.083
231500 0.010 0.907 0.000 0.083
232000 0.010 0.907 0.000 0.083
232500 0.010 0.907 0.000 0.083
233000 0.010 0.907 0.000 0.083
233500 0.010 0.907 0.000 0.083
234000 0.010 0.907 0.000 0.083
234500 0.010 0.907 0.000 0.083
235000 0.010 0.907 0.000 0.083
235500 0.010 0.907 0.000 0.083
236000 0.010 0.907 0.000 0.083
236500 0.010 0.907 0.000 0.083
237000 0.010 0.907 0.000 0.083
237500 0.010 0.907 0.000 0.083
238000 0.010 0.907 0.000 0.083
238500 0.010 0.907 0.000 0.083
239000 0.010 0.907 0.000 0.083
239500 0.010 0.907 0.000 0.083
240000 0.010 0.907 0.000 0.083
240500 0.010 0.907 0.000 0.083
241000 0.010 0.907 0.000 0.083
241500 0.010 0.907 0.000 0.083
242000 0.010 0.907 0.000 0.083
242500 0.010 0.907 0.000 0.083
243000 0.010 0.907 0.000 0.083
243500 0.010 0.907 0.000 0.083
244000 0.010 0.907 0.000 0.083
244500 0.010 0.907 0.000 0.083
245000 0.010 0.907 0.000 0.083
245500 0.010 0.907 0.000 0.083
246000 0.010 0.907 0.000 0.083
246500 0.010 0.907 0.000 0.083
247000 0.010 0.907 0.000 0.083
247500 0.010 0.907 0.000 0.083
248000 0.010 0.907 0.000 0.083
248500 0.010 0.907 0.000 0.083
249000 0.010 0.907 0.000 0.083
249500 0.010 0.907 0.000 0.083
250000 0.010 0.907 0.000 0.083
250500 0.010 0.907 0.000 0.083
251000 0.010 0.907 0.000 0.083
251500 0.010 0.907 0.000 0.083
252000 0.010 0.907 0.000 0.083
252500 0.010 0.907 0.000 0.083
253000 0.010 0.907 0.000 0.083
253500 0.010 0.907 0.000 0.083
254000 0.010 0.907 0.000 0.083
254500 0.010 0.907 0.000 0.083
255000 0.010 0.907 0.000 0.083
255500 0.010 0.907 0.000 0.083
256000 0.010 0.907 0.000 0.083
256500 0.010 0.907 0.000 0.083
257000 0.010 0.907 0.000 0.083
257500 0.010 0.907 0.000 0.083
258000 0.010 0.907 0.000 0.083
258500 0.010 0.907 0.000 0.083
259000 0.010 0.907 0.000 0.083
259500 0.010 0.907 0.000 0.083
260000 0.010 0.907 0.000 0.083
260500 0.010 0.907 0.000 0.083
261000 0.010 0.907 0.000 0.083
261500 0.010 0.907 0.000 0.083
262000 0.010 0.907 0.000 0.083
262500 0.010 0.907 0.000 0.083
263000 0.010 0.907 0.000 0.083
263500 0.010 0.907 0.000 0.083
264000 0.010 0.907 0.000 0.083
264500 0.010 0.907 0.000 0.083
265000 0.010 0.907 0.000 0.083
265500 0.010 0.907 0.000 0.083
266000 0.010 0.907 0.000 0.083
266500 0.010 0.907 0.000 0.083
267000 0.010 0.907 0.000 0.083
267500 0.010 0.907 0.000 0.083
268000 0.010 0.907 0.000 0.083
268500 0.010 0.907 0.000 0.083
269000 0.010 0.907 0.000 0.083
269500 0.010 0.907 0.000 0.083
270000 0.010 0.907 0.000 0.083
270500 0.010 0.907 0.000 0.083
271000 0.010 0.907 0.000 0.083
271500 0.010 0.907 0.000 0.083
272000 0.010 0.907 0.000 0.083
272500 0.010 0.907 0.000 0.083
273000 0.010 0.907 0.000 0.083
273500 0.010 0.907 0.000 0.083
274000 0.010 0.907 0.000 0.083
274500 0.010 0.907 0.000 0.083
275000 0.010 0.907 0.000 0.083
275500 0.010 0.907 0.000 0.083
276000 0.010 0.907 0.000 0.083
276500 0.010 0.907 0.000 0.083
277000 0.010 0.907 0.000 0.083
277500 0.010 0.907 0.000 0.083
278000 0.010 0.907 0.000 0.083
278500 0.010 0.907 0.000 0.083
279000 0.010 0.907 0.000 0.083
279500 0.010 0.907 0.000 0.083
280000 0.010 0.907 0.000 0.083
280500 0.010 0.907 0.000 0.083
281000 0.010 0.907 0.000 0.083
281500 0.010 0.907 0.000 0.083
282000 0.010 0.907 0.000 0.083
282500 0.010 0.907 0.000 0.083
283000 0.010 0.907 0.000 0.083
283500 0.010 0.907 0.000 0.083
284000 0.010 0.907 0.000 0.083
284500 0.010 0.907 0.000 0.083
285000 0.010 0.907 0.000 0.083
285500 0.010 0.907 0.000 0.083
286000 0.010 0.907 0.000 0.083
286500 0.010 0.907 0.000 0.083
287000 0.010 0.907 0.000 0.083
287500 0.010 0.907 0.000 0.083
288000 0.010 0.907 0.000 0.083
288500 0.010 0.907 0.000 0.083
289000 0.010 0.907 0.000 0.083
289500 0.010 0.907 0.000 0.083
290000 0.010 0.907 0.000 0.083
290500 0.010 0.907 0.000 0.083
291000 0.010 0.907 0.000 0.083
291500 0.010 0.907 0.000 0.083
292000 0.010 0.907 0.000 0.083
292500 0.010 0.907 0.000 0.083
293000 0.010 0.907 0.000 0.083
293500 0.010 0.907 0.000 0.083
294000 0.010 0.907 0.000 0.083
294500 0.010 0.907 0.000 0.083
295000 0.010 0.907 0.000 0.083
295500 0.010 0.907 0.000 0.083
296000 0.010 0.907 0.000 0.083
296500 0.010 0.907 0.000 0.083
297000 0.010 0.907 0.000 0.083
297500 0.010 0.907 0.000 0.083
298000 0.010 0.907 0.000 0.083
298500 0.010 0.907 0.000 0.083
299000 0.010 0.907 0.000 0.083
299500 0.010 0.907 0.000 0.083
300000 0.010 0.907 0.000 0.083
300500 0.010 0.907 0.000 0.083
301000 0.010 0.907 0.000 0.083
301500 0.010 0.907 0.000 0.083
302000 0.010 0.907 0.000 0.083
302500 0.010 0.907 0.000 0.083
303000 0.010 0.907 0.000 0.083
303500 0.010 0.907 0.000 0.083
304000 0.010 0.907 0.000 0.083
304500 0.010 0.907 0.000 0.083
305000 0.010 0.907 0.000 0.083
305500 0.010 0.907 0.000 0.083
306000 0.010 0.907 0.000 0.083
306500 0.010 0.907 0.000 0.083
307000 0.010 0.907 0.000 0.083
307500 0.010 0.907 0.000 0.083
308000 0.010 0.907 0.000 0.083
308500 0.010 0.907 0.000 0.083
309000 0.010 0.907 0.000 0.083
309500 0.010 0.907 0.000 0.083
310000 0.010 0.907 0.000 0.083
310500 0.010 0.907 0.000 0.083
311000 0.010 0.907 0.000 0.083
311500 0.010 0.907 0.000 0.083
312000 0.010 0.907 0.000 0.083
312500 0.010 0.907 0.000 0.083
313000 0.010 0.907 0.000 0.083
313500 0.010 0.907 0.000 0.083
314000 0.010 0.907 0.000 0.083
314500 0.010 0.907 0.000 0.083
315000 0.010 0.907 0.000 0.083
315500 0.010 0.907 0.000 0.083
316000 0.010 0.907 0.000 0.083
316500 0.010 0.907 0.000 0.083
317000 0.010 0.907 0.000 0.083
317500 0.010 0.907 0.000 0.083
318000 0.010 0.907 0.000 0.083
318500 0.010 0.907 0.000 0.083
319000 0.010 0.907 0.000 0.083
319500 0.010 0.907 0.000 0.083
320000 0.010 0.907 0.000 0.083
320500 0.010 0.907 0.000 0.083
321000 0.010 0.907 0.000 0.083
321500 0.010 0.907 0.000 0.083
322000 0.010 0.907 0.000 0.083
322500 0.010 0.907 0.000 0.083
323000 0.010 0.907 0.000 0.083
323500 0.010 0.907 0.000 0.083
324000 0.010 0.907 0.000 0.083
324500 0.010 0.907 0.000 0.083
325000 0.010 0.907 0.000 0.083
325500 0.010 0.907 0.000 0.083
326000 0.010 0.907 0.000 0.083
326500 0.010 0.907 0.000 0.083
327000 0.010 0.907 0.000 0.083
327500 0.010 0.907 0.000 0.083
328000 0.010 0.907 0.000 0.083
328500 0.010 0.907 0.000 0.083
329000 0.010 0.907 0.000 0.083
329500 0.010 0.907 0.000 0.083
330000 0.010 0.907 0.000 0.083
330500 0.010 0.907 0.000 0.083
331000 0.010 0.907 0.000 0.083
331500 0.010 0.907 0.000 0.083
332000 0.010 0.907 0.000 0.083
332500 0.010 0.907 0.000 0.083
333000 0.010 0.907 0.000 0.083
333500 0.010 0.907 0.000 0.083
334000 0.010 0.907 0.000 0.083
334500 0.010 0.907 0.000 0.083
335000 0.010 0.907 0.000 0.083
335500 0.010 0.907 0.000 0.083
336000 0.010 0.907 0.000 0.083
336500 0.010 0.907 0.000 0.083
337000 0.010 0.907 0.000 0.083
337500 0.010 0.907 0.000 0.083
338000 0.010 0.907 0.000 0.083
338500 0.010 0.907 0.000 0.083
339000 0.010 0.907 0.000 0.083
339500 0.010 0.907 0.000 0.083
340000 0.010 0.907 0.000 0.083
340500 0.010 0.907 0.000 0.083
341000 0.010 0.907 0.000 0.083
341500 0.010 0.907 0.000 0.083
342000 0.010 0.907 0.000 0.083
342500 0.010 0.907 0.000 0.083
343000 0.010 0.907 0.000 0.083
343500 0.010 0.907 0.000 0.083
344000 0.010 0.907 0.000 0.083
344500 0.010 0.907 0.000 0.083
345000 0.010 0.907 0.000 0.083
345500 0.010 0.907 0.000 0.083
346000 0.010 0.907 0.000 0.083
346500 0.010 0.907 0.000 0.083
347000 0.010 0.907 0.000 0.083
347500 0.010 0.907 0.000 0.083
348000 0.010 0.907 0.000 0.083
348500 0.010 0.907 0.000 0.083
349000 0.010 0.907 0.000 0.083
349500 0.010 0.907 0.000 0.083
350000 0.010 0.907 0.000 0.083
350500 0.010 0.907 0.000 0.083
351000 0.010 0.907 0.000 0.083
351500 0.010 0.907 0.000 0.083
352000 0.010 0.907 0.000 0.083
352500 0.010 0.907 0.000 0.083
353000 0.010 0.907 0.000 0.083
353500 0.010 0.907 0.000 0.083
354000 0.010 0.907 0.000 0.083
354500 0.010 0.907 0.000 0.083
355000 0.010 0.907 0.000 0.083
355500 0.010 0.907 0.000 0.083
356000 0.010 0.907 0.000 0.083
356500 0.010 0.907 0.000 0.083
357000 0.010 0.907 0.000 0.083
357500 0.010 0.907 0.000 0.083
358000 0.010 0.907 0.000 0.083
358500 0.010 0.907 0.000 0.083
359000 0.010 0.907 0.000 0.083
359500 0.010 0.907 0.000 0.083
360000 0.010 0.907 0.000 0.083
360500 0.010 0.907 0.000 0.083
361000 0.010 0.907 0.000 0.083
361500 0.010 0.907 0.000 0.083
362000 0.010 0.907 0.000 0.083
362500 0.010 0.907 0.000 0.083
363000 0.010 0.907 0.000 0.083
363500 0.010 0.907 0.000 0.083
364000 0.010 0.907 0.000 0.083
364500 0.010 0.907 0.000 0.083
365000 0.010 0.907 0.000 0.083
365500 0.010 0.907 0.000 0.083
366000 0.010 0.907 0.000 0.083
366500 0.010 0.907 0.000 0.083
367000 0.010 0.907 0.000 0.083
367500 0.010 0.907 0.000 0.083
368000 0.010 0.907 0.000 0.083
368500 0.010 0.907 0.000 0.083
369000 0.010 0.907 0.000 0.083
369500 0.010 0.907 0.000 0.083
370000 0.010 0.907 0.000 0.083
370500 0.010 0.907 0.000 0.083
371000 0.010 0.907 0.000 0.083
371500 0.010 0.907 0.000 0.083
372000 0.010 0.907 0.000 0.083
372500 0.010 0.907 0.000 0.083
373000 0.010 0.907 0.000 0.083
373500 0.010 0.907 0.000 0.083
374000 0.010 0.907 0.000 0.083
374500 0.010 0.907 0.000 0.083
375000 0.010 0.907 0.000 0.083
375500 0.010 0.907 0.000 0.083
376000 0.010 0.907 0.000 0.083
376500 0.010 0.907 0.000 0.083
377000 0.010 0.907 0.000 0.083
377500 0.010 0.907 0.000 0.083
378000 0.010 0.907 0.000 0.083
378500 0.010 0.907 0.000 0.083
379000 0.010 0.907 0.000 0.083
379500 0.010 0.907 0.000 0.083
380000 0.010 0.907 0.000 0.083
380500 0.010 0.907 0.000 0.083
381000 0.010 0.907 0.000 0.083
381500 0.010 0.907 0.000 0.083
382000 0.010 0.907 0.000 0.083
382500 0.010 0.907 0.000 0.083
383000 0.010 0.907 0.000 0.083
383500 0.010 0.907 0.000 0.083
384000 0.010 0.907 0.000 0.083
384500 0.010 0.907 0.000 0.083
385000 0.010 0.907 0.000 0.083
385500 0.010 0.907 0.000 0.083
386000 0.010 0.907 0.000 0.083
386500 0.010 0.907 0.000 0.083
387000 0.010 0.907 0.000 0.083
387500 0.010 0.907 0.000 0.083
388000 0.010 0.907 0.000 0.083
388500 0.010 0.907 0.000 0.083
389000 0.010 0.907 0.000 0.083
389500 0.010 0.907 0.000 0.083
390000 0.010 0.907 0.000 0.083
390500 0.010 0.907 0.000 0.083
391000 0.010 0.907 0.000 0.083
391500 0.010 0.907 0.000 0.083
392000 0.010 0.907 0.000 0.083
392500 0.010 0.907 0.000 0.083
393000 0.010 0.907 0.000 0.083
393500 0.010 0.907 0.000 0.083
394000 0.010 0.907 0.000 0.083
394500 0.010 0.907 0.000 0.083
395000 0.010 0.907 0.000 0.083
395500 0.010 0.907 0.000 0.083
396000 0.010 0.907 0.000 0.083
396500 0.010 0.907 0.000 0.083
397000 0.010 0.907 0.000 0.083
397500 0.010 0.907 0.000 0.083
398000 0.010 0.907 0.000 0.083
398500 0.010 0.907 0.000 0.083
399000 0.010 0.907 0.000 0.083
399500 0.010 0.907 0.000 0.083
400000 0.010 0.907 0.000 0.083
400500 0.010 0.907 0.000 0.083
401000 0.010 0.907 0.000 0.083
401500 0.010 0.907 0.000 0.083
402000 0.010 0.907 0.000 0.083
402500 0.010 0.907 0.000 0.083
403000 0.010 0.907 0.000 0.083
403500 0.010 0.907 0.000 0.083
404000 0.010 0.907 0.000 0.083
404500 0.010 0.907 0.000 0.083
405000 0.010 0.907 0.000 0.083
405500 0.010 0.907 0.000 0.083
406000 0.010 0.907 0.000 0.083
406500 0.010 0.907 0.000 0.083
407000 0.010 0.907 0.000 0.083
407500 0.010 0.907 0.000 0.083
408000 0.010 0.907 0.000 0.083
408500 0.010 0.907 0.000 0.083
409000 0.010 0.907 0.000 0.083
409500 0.010 0.907 0.000 0.083
410000 0.010 0.907 0.000 0.083
410500 0.010 0.907 0.000 0.083
411000 0.010 0.907 0.000 0.083
411500 0.010 0.907 0.000 0.083
412000 0.010 0.907 0.000 0.083
412500 0.010 0.907 0.000 0.083
413000 0.010 0.907 0.000 0.083
413500 0.010 0.907 0.000 0.083
414000 0.010 0.907 0.000 0.083
414500 0.010 0.907 0.000 0.083
415000 0.010 0.907 0.000 0.083
415500 0.010 0.907 0.000 0.083
416000 0.010 0.907 0.000 0.083
416500 0.010 0.907 0.000 0.083
417000 0.010 0.907 0.000 0.083
417500 0.010 0.907 0.000 0.083
418000 0.010 0.907 0.000 0.083
418500 0.010 0.907 0.000 0.083
419000 0.010 0.907 0.000 0.083
419500 0.010 0.907 0.000 0.083
420000 0.010 0.907 0.000 0.083
420500 0.010 0.907 0.000 0.083
421000 0.010 0.907 0.000 0.083
421500 0.010 0.907 0.000 0.083
422000 0.010 0.907 0.000 0.083
422500 0.010 0.907 0.000 0.083
423000 0.010 0.907 0.000 0.083
423500 0.010 0.907 0.000 0.083
424000 0.010 0.907 0.000 0.083
424500 0.010 0.907 0.000 0.083
425000 0.010 0.907 0.000 0.083
425500 0.010 0.907 0.000 0.083
426000 0.010 0.907 0.000 0.083
426500 0.010 0.907 0.000 0.083
427000 0.010 0.907 0.000 0.083
427500 0.010 0.907 0.000 0.083
428000 0.010 0.907 0.000 0.083
428500 0.010 0.907 0.000 0.083
429000 0.010 0.907 0.000 0.083
429500 0.010 0.907 0.000 0.083
430000 0.010 0.907 0.000 0.083
430500 0.010 0.907 0.000 0.083
431000 0.010 0.907 0.000 0.083
431500 0.010 0.907 0.000 0.083
432000 0.010 0.907 0.000 0.083
432500 0.010 0.907 0.000 0.083
433000 0.010 0.907 0.000 0.083
433500 0.010 0.907 0.000 0.083
434000 0.010 0.907 0.000 0.083
434500 0.010 0.907 0.000 0.083
435000 0.010 0.907 0.000 0.083
435500 0.010 0.907 0.000 0.083
436000 0.010 0.907 0.000 0.083
436500 0.010 0.907 0.000 0.083
437000 0.010 0.907 0.000 0.083
437500 0.010 0.907 0.000 0.083
438000 0.010 0.907 0.000 0.083
438500 0.010 0.907 0.000 0.083
439000 0.010 0.907 0.000 0.083
439500 0.010 0.907 0.000 0.083
440000 0.010 0.907 0.000 0.083
440500 0.010 0.907 0.000 0.083
441000 0.010 0.907 0.000 0.083
441500 0.010 0.907 0.000 0.083
442000 0.010 0.907 0.000 0.083
442500 0.010 0.907 0.000 0.083
443000 0.010 0.907 0.000 0.083
443500 0.010 0.907 0.000 0.083
444000 0.010 0.907 0.000 0.083
444500 0.010 0.907 0.000 0.083
445000 0.010 0.907 0.000 0.083
445500 0.010 0.907 0.000 0.083
446000 0.010 0.907 0.000 0.083
446500 0.010 0.907 0.000 0.083
447000 0.010 0.907 0.000 0.083
447500 0.010 0.907 0.000 0.083
448000 0.010 0.907 0.000 0.083
448500 0.010 0.907 0.000 0.083
449000 0.010 0.907 0.000 0.083
449500 0.010 0.907 0.000 0.083
450000 0.010 0.907 0.000 0.083
450500 0.010 0.907 0.000 0.083
451000 0.010 0.907 0.000 0.083
451500 0.010 0.907 0.000 0.083
452000 0.010 0.907 0.000 0.083
452500 0.010 0.907 0.000 0.083
453000 0.010 0.907 0.000 0.083
453500 0.010 0.907 0.000 0.083
454000 0.010 0.907 0.000 0.083
454500 0.010 0.907 0.000 0.083
455000 0.010 0.907 0.000 0.083
455500 0.010 0.907 0.000 0.083
456000 0.010 0.907 0.000 0.083
456500 0.010 0.907 0.000 0.083
457000 0.010 0.907 0.000 0.083
457500 0.010 0.907 0.000 0.083
458000 0.010 0.907 0.000 0.083
458500 0.010 0.907 0.000 0.083
459000 0.010 0.907 0.000 0.083
459500 0.010 0.907 0.000 0.083
460000 0.010 0.907 0.000 0.083
460500 0.010 0.907 0.000 0.083
461000 0.010 0.907 0.000 0.083
461500 0.010 0.907 0.000 0.083
462000 0.010 0.907 0.000 0.083
462500 0.010 0.907 0.000 0.083
463000 0.010 0.907 0.000 0.083
463500 0.010 0.907 0.000 0.083
464000 0.010 0.907 0.000 0.083
464500 0.010 0.907 0.000 0.083
465000 0.010 0.907 0.000 0.083
465500 0.010 0.907 0.000 0.083
466000 0.010 0.907 0.000 0.083
466500 0.010 0.907 0.000 0.083
467000 0.010 0.907 0.000 0.083
467500 0.010 0.907 0.000 0.083
468000 0.010 0.907 0.000 0.083
468500 0.010 0.907 0.000 0.083
469000 0.010 0.907 0.000 0.083
469500 0.010 0.907 0.000 0.083
470000 0.010 0.907 0.000 0.083
470500 0.010 0.907 0.000 0.083
471000 0.010 0.907 0.000 0.083
471500 0.010 0.907 0.000 0.083
472000 0.010 0.907 0.000 0.083
472500 0.010 0.907 0.000 0.083
473000 0.010 0.907 0.000 0.083
473500 0.010 0.907 0.000 0.083
474000 0.010 0.907 0.000 0.083
474500 0.010 0.907 0.000 0.083
475000 0.010 0.907 0.000 0.083
475500 0.010 0.907 0.000 0.083
476000 0.010 0.907 0.000 0.083
476500 0.010 0.907 0.000 0.083
477000 0.010 0.907 0.000 0.083
477500 0.010 0.907 0.000 0.083
478000 0.010 0.907 0.000 0.083
478500 0.010 0.907 0.000 0.083
479000 0.010 0.907 0.000 0.083
479500 0.010 0.907 0.000 0.083
480000 0.010 0.907 0.000 0.083
480500 0.010 0.907 0.000 0.083
481000 0.010 0.907 0.000 0.083
481500 0.010 0.907 0.000 0.083
482000 0.010 0.907 0.000 0.083
482500 0.010 0.907 0.000 0.083
483000 0.010 0.907 0.000 0.083
483500 0.010 0.907 0.000 0.083
484000 0.010 0.907 0.000 0.083
484500 0.010 0.907 0.000 0.083
485000 0.010 0.907 0.000 0.083
485500 0.010 0.907 0.000 0.083
486000 0.010 0.907 0.000 0.083
486500 0.010 0.907 0.000 0.083
487000 0.010 0.907 0.000 0.083
487500 0.010 0.907 0.000 0.083
488000 0.010 0.907 0.000 0.083
488500 0.010 0.907 0.000 0.083
489000 0.010 0.907 0.000 0.083
489500 0.010 0.907 0.000 0.083
490000 0.010 0.907 0.000 0.083
490500 0.010 0.907 0.000 0.083
491000 0.010 0.907 0.000 0.083
491500 0.010 0.907 0.000 0.083
492000 0.010 0.907 0.000 0.083
492500 0.010 0.907 0.000 0.083
493000 0.010 0.907 0.000 0.083
493500 0.010 0.907 0.000 0.083
494000 0.010 0.907 0.000 0.083
494500 0.010 0.907 0.000 0.083
495000 0.010 0.907 0.000 0.083
495500 0.010 0.907 0.000 0.083
496000 0.010 0.907 0.000 0.083
496500 0.010 0.907 0.000 0.083
497000 0.010 0.907 0.000 0.083
497500 0.010 0.907 0.000 0.083
498000 0.010 0.907 0.000 0.083
498500 0.010 0.907 0.000 0.083
499000 0.010 0.907 0.000 0.083
499500 0.010 0.907 0.000 0.083
500000 0.010 0.907 0.000 0.083
