000000 0.250 0.250 0.250 0.250
000500 0.063 0.559 0.000 0.378
001000 0.063 0.568 0.000 0.368
001500 0.063 0.576 0.000 0.361
002000 0.063 0.581 0.000 0.356
002500 0.063 0.586 0.000 0.351
003000 0.063 0.590 0.000 0.347
003500 0.063 0.594 0.000 0.343
004000 0.063 0.597 0.000 0.340
004500 0.063 0.598 0.000 0.338
005000 0.063 0.601 0.000 0.336
005500 0.063 0.603 0.000 0.334
006000 0.063 0.605 0.000 0.332
006500 0.063 0.607 0.000 0.330
007000 0.063 0.611 0.000 0.326
007500 0.063 0.613 0.000 0.324
008000 0.063 0.615 0.000 0.322
008500 0.063 0.615 0.000 0.321
009000 0.063 0.616 0.000 0.321
009500 0.063 0.619 0.000 0.318
010000 0.063 0.620 0.000 0.317
010500 0.063 0.621 0.000 0.316
011000 0.063 0.622 0.000 0.314
011500 0.063 0.624 0.000 0.313
012000 0.063 0.627 0.000 0.310
012500 0.063 0.628 0.000 0.309
013000 0.063 0.629 0.000 0.308
013500 0.063 0.631 0.000 0.306
014000 0.063 0.632 0.000 0.305
014500 0.063 0.632 0.000 0.305
015000 0.063 0.635 0.000 0.302
015500 0.063 0.635 0.000 0.302
016000 0.063 0.636 0.000 0.301
016500 0.063 0.636 0.000 0.301
017000 0.063 0.637 0.000 0.300
017500 0.063 0.638 0.000 0.299
018000 0.063 0.638 0.000 0.299
018500 0.063 0.639 0.000 0.298
019000 0.063 0.640 0.000 0.297
019500 0.063 0.640 0.000 0.297
020000 0.063 0.641 0.000 0.296
020500 0.063 0.642 0.000 0.295
021000 0.063 0.643 0.000 0.294
021500 0.063 0.643 0.000 0.294
022000 0.063 0.643 0.000 0.294
022500 0.063 0.643 0.000 0.294
023000 0.063 0.643 0.000 0.294
023500 0.063 0.643 0.000 0.294
024000 0.063 0.643 0.000 0.294
024500 0.063 0.643 0.000 0.294
025000 0.063 0.643 0.000 0.294
025500 0.063 0.643 0.000 0.294
026000 0.063 0.643 0.000 0.294
026500 0.063 0.643 0.000 0.294
027000 0.063 0.643 0.000 0.294
027500 0.063 0.643 0.000 0.294
028000 0.063 0.643 0.000 0.294
028500 0.063 0.643 0.000 0.294
029000 0.063 0.643 0.000 0.294
029500 0.063 0.643 0.000 0.294
030000 0.063 0.643 0.000 0.294
030500 0.063 0.643 0.000 0.294
031000 0.063 0.643 0.000 0.294
031500 0.063 0.643 0.000 0.294
032000 0.063 0.643 0.000 0.294
032500 0.063 0.643 0.000 0.294
033000 0.063 0.643 0.000 0.294
033500 0.063 0.643 0.000 0.294
034000 0.063 0.643 0.000 0.294
034500 0.063 0.643 0.000 0.294
035000 0.063 0.643 0.000 0.294
035500 0.063 0.643 0.000 0.294
036000 0.063 0.643 0.000 0.294
036500 0.063 0.643 0.000 0.294
037000 0.063 0.643 0.000 0.294
037500 0.063 0.643 0.000 0.294
038000 0.063 0.643 0.000 0.294
038500 0.063 0.643 0.000 0.294
039000 0.063 0.643 0.000 0.294
039500 0.063 0.643 0.000 0.294
040000 0.063 0.643 0.000 0.294
040500 0.063 0.643 0.000 0.294
041000 0.063 0.643 0.000 0.294
041500 0.063 0.643 0.000 0.294
042000 0.063 0.643 0.000 0.294
042500 0.063 0.643 0.000 0.294
043000 0.063 0.643 0.000 0.294
043500 0.063 0.643 0.000 0.294
044000 0.063 0.643 0.000 0.294
044500 0.063 0.643 0.000 0.294
045000 0.063 0.643 0.000 0.294
045500 0.063 0.643 0.000 0.294
046000 0.063 0.643 0.000 0.294
046500 0.063 0.643 0.000 0.294
047000 0.063 0.643 0.000 0.294
047500 0.063 0.643 0.000 0.294
048000 0.063 0.643 0.000 0.294
048500 0.063 0.643 0.000 0.294
049000 0.063 0.643 0.000 0.294
049500 0.063 0.643 0.000 0.294
050000 0.063 0.643 0.000 0.294
050500 0.063 0.643 0.000 0.294
051000 0.063 0.643 0.000 0.294
051500 0.063 0.643 0.000 0.294
052000 0.063 0.643 0.000 0.294
052500 0.063 0.643 0.000 0.294
053000 0.063 0.643 0.000 0.294
053500 0.063 0.643 0.000 0.294
054000 0.063 0.643 0.000 0.294
054500 0.063 0.643 0.000 0.294
055000 0.063 0.643 0.000 0.294
055500 0.063 0.643 0.000 0.294
056000 0.063 0.643 0.000 0.294
056500 0.063 0.643 0.000 0.294
057000 0.063 0.643 0.000 0.294
057500 0.063 0.643 0.000 0.294
058000 0.063 0.643 0.000 0.294
058500 0.063 0.643 0.000 0.294
059000 0.063 0.643 0.000 0.294
059500 0.063 0.643 0.000 0.294
060000 0.063 0.643 0.000 0.294
060500 0.063 0.643 0.000 0.294
061000 0.063 0.643 0.000 0.294
061500 0.063 0.643 0.000 0.294
062000 0.063 0.643 0.000 0.294
062500 0.063 0.643 0.000 0.294
063000 0.063 0.643 0.000 0.294
063500 0.063 0.643 0.000 0.294
064000 0.063 0.643 0.000 0.294
064500 0.063 0.643 0.000 0.294
065000 0.063 0.643 0.000 0.294
065500 0.063 0.643 0.000 0.294
066000 0.063 0.643 0.000 0.294
066500 0.063 0.643 0.000 0.294
067000 0.063 0.643 0.000 0.294
067500 0.063 0.643 0.000 0.294
068000 0.063 0.643 0.000 0.294
068500 0.063 0.643 0.000 0.294
069000 0.063 0.643 0.000 0.294
069500 0.063 0.643 0.000 0.294
070000 0.063 0.643 0.000 0.294
070500 0.063 0.643 0.000 0.294
071000 0.063 0.643 0.000 0.294
071500 0.063 0.643 0.000 0.294
072000 0.063 0.643 0.000 0.294
072500 0.063 0.643 0.000 0.294
073000 0.063 0.643 0.000 0.294
073500 0.063 0.643 0.000 0.294
074000 0.063 0.643 0.000 0.294
074500 0.063 0.643 0.000 0.294
075000 0.063 0.643 0.000 0.294
075500 0.063 0.643 0.000 0.294
076000 0.063 0.643 0.000 0.294
076500 0.063 0.643 0.000 0.294
077000 0.063 0.643 0.000 0.294
077500 0.063 0.643 0.000 0.294
078000 0.063 0.643 0.000 0.294
078500 0.063 0.643 0.000 0.294
079000 0.063 0.643 0.000 0.294
079500 0.063 0.643 0.000 0.294
080000 0.063 0.643 0.000 0.294
080500 0.063 0.643 0.000 0.294
081000 0.063 0.643 0.000 0.294
081500 0.063 0.643 0.000 0.294
082000 0.063 0.643 0.000 0.294
082500 0.063 0.643 0.000 0.294
083000 0.063 0.643 0.000 0.294
083500 0.063 0.643 0.000 0.294
084000 0.063 0.643 0.000 0.294
084500 0.063 0.643 0.000 0.294
085000 0.063 0.643 0.000 0.294
085500 0.063 0.643 0.000 0.294
086000 0.063 0.643 0.000 0.294
086500 0.063 0.643 0.000 0.294
087000 0.063 0.643 0.000 0.294
087500 0.063 0.643 0.000 0.294
088000 0.063 0.643 0.000 0.294
088500 0.063 0.643 0.000 0.294
089000 0.063 0.643 0.000 0.294
089500 0.063 0.643 0.000 0.294
090000 0.063 0.643 0.000 0.294
090500 0.063 0.643 0.000 0.294
091000 0.063 0.643 0.000 0.294
091500 0.063 0.643 0.000 0.294
092000 0.063 0.643 0.000 0.294
092500 0.063 0.643 0.000 0.294
093000 0.063 0.643 0.000 0.294
093500 0.063 0.643 0.000 0.294
094000 0.063 0.643 0.000 0.294
094500 0.063 0.643 0.000 0.294
095000 0.063 0.643 0.000 0.294
095500 0.063 0.643 0.000 0.294
096000 0.063 0.643 0.000 0.294
096500 0.063 0.643 0.000 0.294
097000 0.063 0.643 0.000 0.294
097500 0.063 0.643 0.000 0.294
098000 0.063 0.643 0.000 0.294
098500 0.063 0.643 0.000 0.294
099000 0.063 0.643 0.000 0.294
099500 0.063 0.643 0.000 0.294
100000 0.063 0.643 0.000 0.294
100500 0.063 0.643 0.000 0.294
101000 0.063 0.643 0.000 0.294
101500 0.063 0.643 0.000 0.294
102000 0.063 0.643 0.000 0.294
102500 0.063 0.643 0.000 0.294
103000 0.063 0.643 0.000 0.294
103500 0.063 0.643 0.000 0.294
104000 0.063 0.643 0.000 0.294
104500 0.063 0.643 0.000 0.294
105000 0.063 0.643 0.000 0.294
105500 0.063 0.643 0.000 0.294
106000 0.063 0.643 0.000 0.294
106500 0.063 0.643 0.000 0.294
107000 0.063 0.643 0.000 0.294
107500 0.063 0.643 0.000 0.294
108000 0.063 0.643 0.000 0.294
108500 0.063 0.643 0.000 0.294
109000 0.063 0.643 0.000 0.294
109500 0.063 0.643 0.000 0.294
110000 0.063 0.643 0.000 0.294
110500 0.063 0.643 0.000 0.294
111000 0.063 0.643 0.000 0.294
111500 0.063 0.643 0.000 0.294
112000 0.063 0.643 0.000 0.294
112500 0.063 0.643 0.000 0.294
113000 0.063 0.643 0.000 0.294
113500 0.063 0.643 0.000 0.294
114000 0.063 0.643 0.000 0.294
114500 0.063 0.643 0.000 0.294
115000 0.063 0.643 0.000 0.294
115500 0.063 0.643 0.000 0.294
116000 0.063 0.643 0.000 0.294
116500 0.063 0.643 0.000 0.294
117000 0.063 0.643 0.000 0.294
117500 0.063 0.643 0.000 0.294
118000 0.063 0.643 0.000 0.294
118500 0.063 0.643 0.000 0.294
119000 0.063 0.643 0.000 0.294
119500 0.063 0.643 0.000 0.294
120000 0.063 0.643 0.000 0.294
120500 0.063 0.643 0.000 0.294
121000 0.063 0.643 0.000 0.294
121500 0.063 0.643 0.000 0.294
122000 0.063 0.643 0.000 0.294
122500 0.063 0.643 0.000 0.294
123000 0.063 0.643 0.000 0.294
123500 0.063 0.643 0.000 0.294
124000 0.063 0.643 0.000 0.294
124500 0.063 0.643 0.000 0.294
125000 0.063 0.643 0.000 0.294
125500 0.063 0.643 0.000 0.294
126000 0.063 0.643 0.000 0.294
126500 0.063 0.643 0.000 0.294
127000 0.063 0.643 0.000 0.294
127500 0.063 0.643 0.000 0.294
128000 0.063 0.643 0.000 0.294
128500 0.063 0.643 0.000 0.294
129000 0.063 0.643 0.000 0.294
129500 0.063 0.643 0.000 0.294
130000 0.063 0.643 0.000 0.294
130500 0.063 0.643 0.000 0.294
131000 0.063 0.643 0.000 0.294
131500 0.063 0.643 0.000 0.294
132000 0.063 0.643 0.000 0.294
132500 0.063 0.643 0.000 0.294
133000 0.063 0.643 0.000 0.294
133500 0.063 0.643 0.000 0.294
134000 0.063 0.643 0.000 0.294
134500 0.063 0.643 0.000 0.294
135000 0.063 0.643 0.000 0.294
135500 0.063 0.643 0.000 0.294
136000 0.063 0.643 0.000 0.294
136500 0.063 0.643 0.000 0.294
137000 0.063 0.643 0.000 0.294
137500 0.063 0.643 0.000 0.294
138000 0.063 0.643 0.000 0.294
138500 0.063 0.643 0.000 0.294
139000 0.063 0.643 0.000 0.294
139500 0.063 0.643 0.000 0.294
140000 0.063 0.643 0.000 0.294
140500 0.063 0.643 0.000 0.294
141000 0.063 0.643 0.000 0.294
141500 0.063 0.643 0.000 0.294
142000 0.063 0.643 0.000 0.294
142500 0.063 0.643 0.000 0.294
143000 0.063 0.643 0.000 0.294
143500 0.063 0.643 0.000 0.294
144000 0.063 0.643 0.000 0.294
144500 0.063 0.643 0.000 0.294
145000 0.063 0.643 0.000 0.294
145500 0.063 0.643 0.000 0.294
146000 0.063 0.643 0.000 0.294
146500 0.063 0.643 0.000 0.294
147000 0.063 0.643 0.000 0.294
147500 0.063 0.643 0.000 0.294
148000 0.063 0.643 0.000 0.294
148500 0.063 0.643 0.000 0.294
149000 0.063 0.643 0.000 0.294
149500 0.063 0.643 0.000 0.294
150000 0.063 0.643 0.000 0.294
150500 0.063 0.643 0.000 0.294
151000 0.063 0.643 0.000 0.294
151500 0.063 0.643 0.000 0.294
152000 0.063 0.643 0.000 0.294
152500 0.063 0.643 0.000 0.294
153000 0.063 0.643 0.000 0.294
153500 0.063 0.643 0.000 0.294
154000 0.063 0.643 0.000 0.294
154500 0.063 0.643 0.000 0.294
155000 0.063 0.643 0.000 0.294
155500 0.063 0.643 0.000 0.294
156000 0.063 0.643 0.000 0.294
156500 0.063 0.643 0.000 0.294
157000 0.063 0.643 0.000 0.294
157500 0.063 0.643 0.000 0.294
158000 0.063 0.643 0.000 0.294
158500 0.063 0.643 0.000 0.294
159000 0.063 0.643 0.000 0.294
159500 0.063 0.643 0.000 0.294
160000 0.063 0.643 0.000 0.294
160500 0.063 0.643 0.000 0.294
161000 0.063 0.643 0.000 0.294
161500 0.063 0.643 0.000 0.294
162000 0.063 0.643 0.000 0.294
162500 0.063 0.643 0.000 0.294
163000 0.063 0.643 0.000 0.294
163500 0.063 0.643 0.000 0.294
164000 0.063 0.643 0.000 0.294
164500 0.063 0.643 0.000 0.294
165000 0.063 0.643 0.000 0.294
165500 0.063 0.643 0.000 0.294
166000 0.063 0.643 0.000 0.294
166500 0.063 0.643 0.000 0.294
167000 0.063 0.643 0.000 0.294
167500 0.063 0.643 0.000 0.294
168000 0.063 0.643 0.000 0.294
168500 0.063 0.643 0.000 0.294
169000 0.063 0.643 0.000 0.294
169500 0.063 0.643 0.000 0.294
170000 0.063 0.643 0.000 0.294
170500 0.063 0.643 0.000 0.294
171000 0.063 0.643 0.000 0.294
171500 0.063 0.643 0.000 0.294
172000 0.063 0.643 0.000 0.294
172500 0.063 0.643 0.000 0.294
173000 0.063 0.643 0.000 0.294
173500 0.063 0.643 0.000 0.294
174000 0.063 0.643 0.000 0.294
174500 0.063 0.643 0.000 0.294
175000 0.063 0.643 0.000 0.294
175500 0.063 0.643 0.000 0.294
176000 0.063 0.643 0.000 0.294
176500 0.063 0.643 0.000 0.294
177000 0.063 0.643 0.000 0.294
177500 0.063 0.643 0.000 0.294
178000 0.063 0.643 0.000 0.294
178500 0.063 0.643 0.000 0.294
179000 0.063 0.643 0.000 0.294
179500 0.063 0.643 0.000 0.294
180000 0.063 0.643 0.000 0.294
180500 0.063 0.643 0.000 0.294
181000 0.063 0.643 0.000 0.294
181500 0.063 0.643 0.000 0.294
182000 0.063 0.643 0.000 0.294
182500 0.063 0.643 0.000 0.294
183000 0.063 0.643 0.000 0.294
183500 0.063 0.643 0.000 0.294
184000 0.063 0.643 0.000 0.294
184500 0.063 0.643 0.000 0.294
185000 0.063 0.643 0.000 0.294
185500 0.063 0.643 0.000 0.294
186000 0.063 0.643 0.000 0.294
186500 0.063 0.643 0.000 0.294
187000 0.063 0.643 0.000 0.294
187500 0.063 0.643 0.000 0.294
188000 0.063 0.643 0.000 0.294
188500 0.063 0.643 0.000 0.294
189000 0.063 0.643 0.000 0.294
189500 0.063 0.643 0.000 0.294
190000 0.063 0.643 0.000 0.294
190500 0.063 0.643 0.000 0.294
191000 0.063 0.643 0.000 0.294
191500 0.063 0.643 0.000 0.294
192000 0.063 0.643 0.000 0.294
192500 0.063 0.643 0.000 0.294
193000 0.063 0.643 0.000 0.294
193500 0.063 0.643 0.000 0.294
194000 0.063 0.643 0.000 0.294
194500 0.063 0.643 0.000 0.294
195000 0.063 0.643 0.000 0.294
195500 0.063 0.643 0.000 0.294
196000 0.063 0.643 0.000 0.294
196500 0.063 0.643 0.000 0.294
197000 0.063 0.643 0.000 0.294
197500 0.063 0.643 0.000 0.294
198000 0.063 0.643 0.000 0.294
198500 0.063 0.643 0.000 0.294
199000 0.063 0.643 0.000 0.294
199500 0.063 0.643 0.000 0.294
200000 0.063 0.643 0.000 0.294
200500 0.063 0.643 0.000 0.294
201000 0.063 0.643 0.000 0.294
201500 0.063 0.643 0.000 0.294
202000 0.063 0.643 0.000 0.294
202500 0.063 0.643 0.000 0.294
203000 0.063 0.643 0.000 0.294
203500 0.063 0.643 0.000 0.294
204000 0.063 0.643 0.000 0.294
204500 0.063 0.643 0.000 0.294
205000 0.063 0.643 0.000 0.294
205500 0.063 0.643 0.000 0.294
206000 0.063 0.643 0.000 0.294
206500 0.063 0.643 0.000 0.294
207000 0.063 0.643 0.000 0.294
207500 0.063 0.643 0.000 0.294
208000 0.063 0.643 0.000 0.294
208500 0.063 0.643 0.000 0.294
209000 0.063 0.643 0.000 0.294
209500 0.063 0.643 0.000 0.294
210000 0.063 0.643 0.000 0.294
210500 0.063 0.643 0.000 0.294
211000 0.063 0.643 0.000 0.294
211500 0.063 0.643 0.000 0.294
212000 0.063 0.643 0.000 0.294
212500 0.063 0.643 0.000 0.294
213000 0.063 0.643 0.000 0.294
213500 0.063 0.643 0.000 0.294
214000 0.063 0.643 0.000 0.294
214500 0.063 0.643 0.000 0.294
215000 0.063 0.643 0.000 0.294
215500 0.063 0.643 0.000 0.294
216000 0.063 0.643 0.000 0.294
216500 0.063 0.643 0.000 0.294
217000 0.063 0.643 0.000 0.294
217500 0.063 0.643 0.000 0.294
218000 0.063 0.643 0.000 0.294
218500 0.063 0.643 0.000 0.294
219000 0.063 0.643 0.000 0.294
219500 0.063 0.643 0.000 0.294
220000 0.063 0.643 0.000 0.294
220500 0.063 0.643 0.000 0.294
221000 0.063 0.643 0.000 0.294
221500 0.063 0.643 0.000 0.294
222000 0.063 0.643 0.000 0.294
222500 0.063 0.643 0.000 0.294
223000 0.063 0.643 0.000 0.294
223500 0.063 0.643 0.000 0.294
224000 0.063 0.643 0.000 0.294
224500 0.063 0.643 0.000 0.294
225000 0.063 0.643 0.000 0.294
225500 0.063 0.643 0.000 0.294
226000 0.063 0.643 0.000 0.294
226500 0.063 0.643 0.000 0.294
227000 0.063 0.643 0.000 0.294
227500 0.063 0.643 0.000 0.294
228000 0.063 0.643 0.000 0.294
228500 0.063 0.643 0.000 0.294
229000 0.063 0.643 0.000 0.294
229500 0.063 0.643 0.000 0.294
230000 0.063 0.643 0.000 0.294
230500 0.063 0.643 0.000 0.294
231000 0.063 0.643 0.000 0.294
231500 0.063 0.643 0.000 0.294
232000 0.063 0.643 0.000 0.294
232500 0.063 0.643 0.000 0.294
233000 0.063 0.643 0.000 0.294
233500 0.063 0.643 0.000 0.294
234000 0.063 0.643 0.000 0.294
234500 0.063 0.643 0.000 0.294
235000 0.063 0.643 0.000 0.294
235500 0.063 0.643 0.000 0.294
236000 0.063 0.643 0.000 0.294
236500 0.063 0.643 0.000 0.294
237000 0.063 0.643 0.000 0.294
237500 0.063 0.643 0.000 0.294
238000 0.063 0.643 0.000 0.294
238500 0.063 0.643 0.000 0.294
239000 0.063 0.643 0.000 0.294
239500 0.063 0.643 0.000 0.294
240000 0.063 0.643 0.000 0.294
240500 0.063 0.643 0.000 0.294
241000 0.063 0.643 0.000 0.294
241500 0.063 0.643 0.000 0.294
242000 0.063 0.643 0.000 0.294
242500 0.063 0.643 0.000 0.294
243000 0.063 0.643 0.000 0.294
243500 0.063 0.643 0.000 0.294
244000 0.063 0.643 0.000 0.294
244500 0.063 0.643 0.000 0.294
245000 0.063 0.643 0.000 0.294
245500 0.063 0.643 0.000 0.294
246000 0.063 0.643 0.000 0.294
246500 0.063 0.643 0.000 0.294
247000 0.063 0.643 0.000 0.294
247500 0.063 0.643 0.000 0.294
248000 0.063 0.643 0.000 0.294
248500 0.063 0.643 0.000 0.294
249000 0.063 0.643 0.000 0.294
249500 0.063 0.643 0.000 0.294
250000 0.063 0.643 0.000 0.294
250500 0.063 0.643 0.000 0.294
251000 0.063 0.643 0.000 0.294
251500 0.063 0.643 0.000 0.294
252000 0.063 0.643 0.000 0.294
252500 0.063 0.643 0.000 0.294
253000 0.063 0.643 0.000 0.294
253500 0.063 0.643 0.000 0.294
254000 0.063 0.643 0.000 0.294
254500 0.063 0.643 0.000 0.294
255000 0.063 0.643 0.000 0.294
255500 0.063 0.643 0.000 0.294
256000 0.063 0.643 0.000 0.294
256500 0.063 0.643 0.000 0.294
257000 0.063 0.643 0.000 0.294
257500 0.063 0.643 0.000 0.294
258000 0.063 0.643 0.000 0.294
258500 0.063 0.643 0.000 0.294
259000 0.063 0.643 0.000 0.294
259500 0.063 0.643 0.000 0.294
260000 0.063 0.643 0.000 0.294
260500 0.063 0.643 0.000 0.294
261000 0.063 0.643 0.000 0.294
261500 0.063 0.643 0.000 0.294
262000 0.063 0.643 0.000 0.294
262500 0.063 0.643 0.000 0.294
263000 0.063 0.643 0.000 0.294
263500 0.063 0.643 0.000 0.294
264000 0.063 0.643 0.000 0.294
264500 0.063 0.643 0.000 0.294
265000 0.063 0.643 0.000 0.294
265500 0.063 0.643 0.000 0.294
266000 0.063 0.643 0.000 0.294
266500 0.063 0.643 0.000 0.294
267000 0.063 0.643 0.000 0.294
267500 0.063 0.643 0.000 0.294
268000 0.063 0.643 0.000 0.294
268500 0.063 0.643 0.000 0.294
269000 0.063 0.643 0.000 0.294
269500 0.063 0.643 0.000 0.294
270000 0.063 0.643 0.000 0.294
270500 0.063 0.643 0.000 0.294
271000 0.063 0.643 0.000 0.294
271500 0.063 0.643 0.000 0.294
272000 0.063 0.643 0.000 0.294
272500 0.063 0.643 0.000 0.294
273000 0.063 0.643 0.000 0.294
273500 0.063 0.643 0.000 0.294
274000 0.063 0.643 0.000 0.294
274500 0.063 0.643 0.000 0.294
275000 0.063 0.643 0.000 0.294
275500 0.063 0.643 0.000 0.294
276000 0.063 0.643 0.000 0.294
276500 0.063 0.643 0.000 0.294
277000 0.063 0.643 0.000 0.294
277500 0.063 0.643 0.000 0.294
278000 0.063 0.643 0.000 0.294
278500 0.063 0.643 0.000 0.294
279000 0.063 0.643 0.000 0.294
279500 0.063 0.643 0.000 0.294
280000 0.063 0.643 0.000 0.294
280500 0.063 0.643 0.000 0.294
281000 0.063 0.643 0.000 0.294
281500 0.063 0.643 0.000 0.294
282000 0.063 0.643 0.000 0.294
282500 0.063 0.643 0.000 0.294
283000 0.063 0.643 0.000 0.294
283500 0.063 0.643 0.000 0.294
284000 0.063 0.643 0.000 0.294
284500 0.063 0.643 0.000 0.294
285000 0.063 0.643 0.000 0.294
285500 0.063 0.643 0.000 0.294
286000 0.063 0.643 0.000 0.294
286500 0.063 0.643 0.000 0.294
287000 0.063 0.643 0.000 0.294
287500 0.063 0.643 0.000 0.294
288000 0.063 0.643 0.000 0.294
288500 0.063 0.643 0.000 0.294
289000 0.063 0.643 0.000 0.294
289500 0.063 0.643 0.000 0.294
290000 0.063 0.643 0.000 0.294
290500 0.063 0.643 0.000 0.294
291000 0.063 0.643 0.000 0.294
291500 0.063 0.643 0.000 0.294
292000 0.063 0.643 0.000 0.294
292500 0.063 0.643 0.000 0.294
293000 0.063 0.643 0.000 0.294
293500 0.063 0.643 0.000 0.294
294000 0.063 0.643 0.000 0.294
294500 0.063 0.643 0.000 0.294
295000 0.063 0.643 0.000 0.294
295500 0.063 0.643 0.000 0.294
296000 0.063 0.643 0.000 0.294
296500 0.063 0.643 0.000 0.294
297000 0.063 0.643 0.000 0.294
297500 0.063 0.643 0.000 0.294
298000 0.063 0.643 0.000 0.294
298500 0.063 0.643 0.000 0.294
299000 0.063 0.643 0.000 0.294
299500 0.063 0.643 0.000 0.294
300000 0.063 0.643 0.000 0.294
300500 0.063 0.643 0.000 0.294
301000 0.063 0.643 0.000 0.294
301500 0.063 0.643 0.000 0.294
302000 0.063 0.643 0.000 0.294
302500 0.063 0.643 0.000 0.294
303000 0.063 0.643 0.000 0.294
303500 0.063 0.643 0.000 0.294
304000 0.063 0.643 0.000 0.294
304500 0.063 0.643 0.000 0.294
305000 0.063 0.643 0.000 0.294
305500 0.063 0.643 0.000 0.294
306000 0.063 0.643 0.000 0.294
306500 0.063 0.643 0.000 0.294
307000 0.063 0.643 0.000 0.294
307500 0.063 0.643 0.000 0.294
308000 0.063 0.643 0.000 0.294
308500 0.063 0.643 0.000 0.294
309000 0.063 0.643 0.000 0.294
309500 0.063 0.643 0.000 0.294
310000 0.063 0.643 0.000 0.294
310500 0.063 0.643 0.000 0.294
311000 0.063 0.643 0.000 0.294
311500 0.063 0.643 0.000 0.294
312000 0.063 0.643 0.000 0.294
312500 0.063 0.643 0.000 0.294
313000 0.063 0.643 0.000 0.294
313500 0.063 0.643 0.000 0.294
314000 0.063 0.643 0.000 0.294
314500 0.063 0.643 0.000 0.294
315000 0.063 0.643 0.000 0.294
315500 0.063 0.643 0.000 0.294
316000 0.063 0.643 0.000 0.294
316500 0.063 0.643 0.000 0.294
317000 0.063 0.643 0.000 0.294
317500 0.063 0.643 0.000 0.294
318000 0.063 0.643 0.000 0.294
318500 0.063 0.643 0.000 0.294
319000 0.063 0.643 0.000 0.294
319500 0.063 0.643 0.000 0.294
320000 0.063 0.643 0.000 0.294
320500 0.063 0.643 0.000 0.294
321000 0.063 0.643 0.000 0.294
321500 0.063 0.643 0.000 0.294
322000 0.063 0.643 0.000 0.294
322500 0.063 0.643 0.000 0.294
323000 0.063 0.643 0.000 0.294
323500 0.063 0.643 0.000 0.294
324000 0.063 0.643 0.000 0.294
324500 0.063 0.643 0.000 0.294
325000 0.063 0.643 0.000 0.294
325500 0.063 0.643 0.000 0.294
326000 0.063 0.643 0.000 0.294
326500 0.063 0.643 0.000 0.294
327000 0.063 0.643 0.000 0.294
327500 0.063 0.643 0.000 0.294
328000 0.063 0.643 0.000 0.294
328500 0.063 0.643 0.000 0.294
329000 0.063 0.643 0.000 0.294
329500 0.063 0.643 0.000 0.294
330000 0.063 0.643 0.000 0.294
330500 0.063 0.643 0.000 0.294
331000 0.063 0.643 0.000 0.294
331500 0.063 0.643 0.000 0.294
332000 0.063 0.643 0.000 0.294
332500 0.063 0.643 0.000 0.294
333000 0.063 0.643 0.000 0.294
333500 0.063 0.643 0.000 0.294
334000 0.063 0.643 0.000 0.294
334500 0.063 0.643 0.000 0.294
335000 0.063 0.643 0.000 0.294
335500 0.063 0.643 0.000 0.294
336000 0.063 0.643 0.000 0.294
336500 0.063 0.643 0.000 0.294
337000 0.063 0.643 0.000 0.294
337500 0.063 0.643 0.000 0.294
338000 0.063 0.643 0.000 0.294
338500 0.063 0.643 0.000 0.294
339000 0.063 0.643 0.000 0.294
339500 0.063 0.643 0.000 0.294
340000 0.063 0.643 0.000 0.294
340500 0.063 0.643 0.000 0.294
341000 0.063 0.643 0.000 0.294
341500 0.063 0.643 0.000 0.294
342000 0.063 0.643 0.000 0.294
342500 0.063 0.643 0.000 0.294
343000 0.063 0.643 0.000 0.294
343500 0.063 0.643 0.000 0.294
344000 0.063 0.643 0.000 0.294
344500 0.063 0.643 0.000 0.294
345000 0.063 0.643 0.000 0.294
345500 0.063 0.643 0.000 0.294
346000 0.063 0.643 0.000 0.294
346500 0.063 0.643 0.000 0.294
347000 0.063 0.643 0.000 0.294
347500 0.063 0.643 0.000 0.294
348000 0.063 0.643 0.000 0.294
348500 0.063 0.643 0.000 0.294
349000 0.063 0.643 0.000 0.294
349500 0.063 0.643 0.000 0.294
350000 0.063 0.643 0.000 0.294
350500 0.063 0.643 0.000 0.294
351000 0.063 0.643 0.000 0.294
351500 0.063 0.643 0.000 0.294
352000 0.063 0.643 0.000 0.294
352500 0.063 0.643 0.000 0.294
353000 0.063 0.643 0.000 0.294
353500 0.063 0.643 0.000 0.294
354000 0.063 0.643 0.000 0.294
354500 0.063 0.643 0.000 0.294
355000 0.063 0.643 0.000 0.294
355500 0.063 0.643 0.000 0.294
356000 0.063 0.643 0.000 0.294
356500 0.063 0.643 0.000 0.294
357000 0.063 0.643 0.000 0.294
357500 0.063 0.643 0.000 0.294
358000 0.063 0.643 0.000 0.294
358500 0.063 0.643 0.000 0.294
359000 0.063 0.643 0.000 0.294
359500 0.063 0.643 0.000 0.294
360000 0.063 0.643 0.000 0.294
360500 0.063 0.643 0.000 0.294
361000 0.063 0.643 0.000 0.294
361500 0.063 0.643 0.000 0.294
362000 0.063 0.643 0.000 0.294
362500 0.063 0.643 0.000 0.294
363000 0.063 0.643 0.000 0.294
363500 0.063 0.643 0.000 0.294
364000 0.063 0.643 0.000 0.294
364500 0.063 0.643 0.000 0.294
365000 0.063 0.643 0.000 0.294
365500 0.063 0.643 0.000 0.294
366000 0.063 0.643 0.000 0.294
366500 0.063 0.643 0.000 0.294
367000 0.063 0.643 0.000 0.294
367500 0.063 0.643 0.000 0.294
368000 0.063 0.643 0.000 0.294
368500 0.063 0.643 0.000 0.294
369000 0.063 0.643 0.000 0.294
369500 0.063 0.643 0.000 0.294
370000 0.063 0.643 0.000 0.294
370500 0.063 0.643 0.000 0.294
371000 0.063 0.643 0.000 0.294
371500 0.063 0.643 0.000 0.294
372000 0.063 0.643 0.000 0.294
372500 0.063 0.643 0.000 0.294
373000 0.063 0.643 0.000 0.294
373500 0.063 0.643 0.000 0.294
374000 0.063 0.643 0.000 0.294
374500 0.063 0.643 0.000 0.294
375000 0.063 0.643 0.000 0.294
375500 0.063 0.643 0.000 0.294
376000 0.063 0.643 0.000 0.294
376500 0.063 0.643 0.000 0.294
377000 0.063 0.643 0.000 0.294
377500 0.063 0.643 0.000 0.294
378000 0.063 0.643 0.000 0.294
378500 0.063 0.643 0.000 0.294
379000 0.063 0.643 0.000 0.294
379500 0.063 0.643 0.000 0.294
380000 0.063 0.643 0.000 0.294
380500 0.063 0.643 0.000 0.294
381000 0.063 0.643 0.000 0.294
381500 0.063 0.643 0.000 0.294
382000 0.063 0.643 0.000 0.294
382500 0.063 0.643 0.000 0.294
383000 0.063 0.643 0.000 0.294
383500 0.063 0.643 0.000 0.294
384000 0.063 0.643 0.000 0.294
384500 0.063 0.643 0.000 0.294
385000 0.063 0.643 0.000 0.294
385500 0.063 0.643 0.000 0.294
386000 0.063 0.643 0.000 0.294
386500 0.063 0.643 0.000 0.294
387000 0.063 0.643 0.000 0.294
387500 0.063 0.643 0.000 0.294
388000 0.063 0.643 0.000 0.294
388500 0.063 0.643 0.000 0.294
389000 0.063 0.643 0.000 0.294
389500 0.063 0.643 0.000 0.294
390000 0.063 0.643 0.000 0.294
390500 0.063 0.643 0.000 0.294
391000 0.063 0.643 0.000 0.294
391500 0.063 0.643 0.000 0.294
392000 0.063 0.643 0.000 0.294
392500 0.063 0.643 0.000 0.294
393000 0.063 0.643 0.000 0.294
393500 0.063 0.643 0.000 0.294
394000 0.063 0.643 0.000 0.294
394500 0.063 0.643 0.000 0.294
395000 0.063 0.643 0.000 0.294
395500 0.063 0.643 0.000 0.294
396000 0.063 0.643 0.000 0.294
396500 0.063 0.643 0.000 0.294
397000 0.063 0.643 0.000 0.294
397500 0.063 0.643 0.000 0.294
398000 0.063 0.643 0.000 0.294
398500 0.063 0.643 0.000 0.294
399000 0.063 0.643 0.000 0.294
399500 0.063 0.643 0.000 0.294
400000 0.063 0.643 0.000 0.294
400500 0.063 0.643 0.000 0.294
401000 0.063 0.643 0.000 0.294
401500 0.063 0.643 0.000 0.294
402000 0.063 0.643 0.000 0.294
402500 0.063 0.643 0.000 0.294
403000 0.063 0.643 0.000 0.294
403500 0.063 0.643 0.000 0.294
404000 0.063 0.643 0.000 0.294
404500 0.063 0.643 0.000 0.294
405000 0.063 0.643 0.000 0.294
405500 0.063 0.643 0.000 0.294
406000 0.063 0.643 0.000 0.294
406500 0.063 0.643 0.000 0.294
407000 0.063 0.643 0.000 0.294
407500 0.063 0.643 0.000 0.294
408000 0.063 0.643 0.000 0.294
408500 0.063 0.643 0.000 0.294
409000 0.063 0.643 0.000 0.294
409500 0.063 0.643 0.000 0.294
410000 0.063 0.643 0.000 0.294
410500 0.063 0.643 0.000 0.294
411000 0.063 0.643 0.000 0.294
411500 0.063 0.643 0.000 0.294
412000 0.063 0.643 0.000 0.294
412500 0.063 0.643 0.000 0.294
413000 0.063 0.643 0.000 0.294
413500 0.063 0.643 0.000 0.294
414000 0.063 0.643 0.000 0.294
414500 0.063 0.643 0.000 0.294
415000 0.063 0.643 0.000 0.294
415500 0.063 0.643 0.000 0.294
416000 0.063 0.643 0.000 0.294
416500 0.063 0.643 0.000 0.294
417000 0.063 0.643 0.000 0.294
417500 0.063 0.643 0.000 0.294
418000 0.063 0.643 0.000 0.294
418500 0.063 0.643 0.000 0.294
419000 0.063 0.643 0.000 0.294
419500 0.063 0.643 0.000 0.294
420000 0.063 0.643 0.000 0.294
420500 0.063 0.643 0.000 0.294
421000 0.063 0.643 0.000 0.294
421500 0.063 0.643 0.000 0.294
422000 0.063 0.643 0.000 0.294
422500 0.063 0.643 0.000 0.294
423000 0.063 0.643 0.000 0.294
423500 0.063 0.643 0.000 0.294
424000 0.063 0.643 0.000 0.294
424500 0.063 0.643 0.000 0.294
425000 0.063 0.643 0.000 0.294
425500 0.063 0.643 0.000 0.294
426000 0.063 0.643 0.000 0.294
426500 0.063 0.643 0.000 0.294
427000 0.063 0.643 0.000 0.294
427500 0.063 0.643 0.000 0.294
428000 0.063 0.643 0.000 0.294
428500 0.063 0.643 0.000 0.294
429000 0.063 0.643 0.000 0.294
429500 0.063 0.643 0.000 0.294
430000 0.063 0.643 0.000 0.294
430500 0.063 0.643 0.000 0.294
431000 0.063 0.643 0.000 0.294
431500 0.063 0.643 0.000 0.294
432000 0.063 0.643 0.000 0.294
432500 0.063 0.643 0.000 0.294
433000 0.063 0.643 0.000 0.294
433500 0.063 0.643 0.000 0.294
434000 0.063 0.643 0.000 0.294
434500 0.063 0.643 0.000 0.294
435000 0.063 0.643 0.000 0.294
435500 0.063 0.643 0.000 0.294
436000 0.063 0.643 0.000 0.294
436500 0.063 0.643 0.000 0.294
437000 0.063 0.643 0.000 0.294
437500 0.063 0.643 0.000 0.294
438000 0.063 0.643 0.000 0.294
438500 0.063 0.643 0.000 0.294
439000 0.063 0.643 0.000 0.294
439500 0.063 0.643 0.000 0.294
440000 0.063 0.643 0.000 0.294
440500 0.063 0.643 0.000 0.294
441000 0.063 0.643 0.000 0.294
441500 0.063 0.643 0.000 0.294
442000 0.063 0.643 0.000 0.294
442500 0.063 0.643 0.000 0.294
443000 0.063 0.643 0.000 0.294
443500 0.063 0.643 0.000 0.294
444000 0.063 0.643 0.000 0.294
444500 0.063 0.643 0.000 0.294
445000 0.063 0.643 0.000 0.294
445500 0.063 0.643 0.000 0.294
446000 0.063 0.643 0.000 0.294
446500 0.063 0.643 0.000 0.294
447000 0.063 0.643 0.000 0.294
447500 0.063 0.643 0.000 0.294
448000 0.063 0.643 0.000 0.294
448500 0.063 0.643 0.000 0.294
449000 0.063 0.643 0.000 0.294
449500 0.063 0.643 0.000 0.294
450000 0.063 0.643 0.000 0.294
450500 0.063 0.643 0.000 0.294
451000 0.063 0.643 0.000 0.294
451500 0.063 0.643 0.000 0.294
452000 0.063 0.643 0.000 0.294
452500 0.063 0.643 0.000 0.294
453000 0.063 0.643 0.000 0.294
453500 0.063 0.643 0.000 0.294
454000 0.063 0.643 0.000 0.294
454500 0.063 0.643 0.000 0.294
455000 0.063 0.643 0.000 0.294
455500 0.063 0.643 0.000 0.294
456000 0.063 0.643 0.000 0.294
456500 0.063 0.643 0.000 0.294
457000 0.063 0.643 0.000 0.294
457500 0.063 0.643 0.000 0.294
458000 0.063 0.643 0.000 0.294
458500 0.063 0.643 0.000 0.294
459000 0.063 0.643 0.000 0.294
459500 0.063 0.643 0.000 0.294
460000 0.063 0.643 0.000 0.294
460500 0.063 0.643 0.000 0.294
461000 0.063 0.643 0.000 0.294
461500 0.063 0.643 0.000 0.294
462000 0.063 0.643 0.000 0.294
462500 0.063 0.643 0.000 0.294
463000 0.063 0.643 0.000 0.294
463500 0.063 0.643 0.000 0.294
464000 0.063 0.643 0.000 0.294
464500 0.063 0.643 0.000 0.294
465000 0.063 0.643 0.000 0.294
465500 0.063 0.643 0.000 0.294
466000 0.063 0.643 0.000 0.294
466500 0.063 0.643 0.000 0.294
467000 0.063 0.643 0.000 0.294
467500 0.063 0.643 0.000 0.294
468000 0.063 0.643 0.000 0.294
468500 0.063 0.643 0.000 0.294
469000 0.063 0.643 0.000 0.294
469500 0.063 0.643 0.000 0.294
470000 0.063 0.643 0.000 0.294
470500 0.063 0.643 0.000 0.294
471000 0.063 0.643 0.000 0.294
471500 0.063 0.643 0.000 0.294
472000 0.063 0.643 0.000 0.294
472500 0.063 0.643 0.000 0.294
473000 0.063 0.643 0.000 0.294
473500 0.063 0.643 0.000 0.294
474000 0.063 0.643 0.000 0.294
474500 0.063 0.643 0.000 0.294
475000 0.063 0.643 0.000 0.294
475500 0.063 0.643 0.000 0.294
476000 0.063 0.643 0.000 0.294
476500 0.063 0.643 0.000 0.294
477000 0.063 0.643 0.000 0.294
477500 0.063 0.643 0.000 0.294
478000 0.063 0.643 0.000 0.294
478500 0.063 0.643 0.000 0.294
479000 0.063 0.643 0.000 0.294
479500 0.063 0.643 0.000 0.294
480000 0.063 0.643 0.000 0.294
480500 0.063 0.643 0.000 0.294
481000 0.063 0.643 0.000 0.294
481500 0.063 0.643 0.000 0.294
482000 0.063 0.643 0.000 0.294
482500 0.063 0.643 0.000 0.294
483000 0.063 0.643 0.000 0.294
483500 0.063 0.643 0.000 0.294
484000 0.063 0.643 0.000 0.294
484500 0.063 0.643 0.000 0.294
485000 0.063 0.643 0.000 0.294
485500 0.063 0.643 0.000 0.294
486000 0.063 0.643 0.000 0.294
486500 0.063 0.643 0.000 0.294
487000 0.063 0.643 0.000 0.294
487500 0.063 0.643 0.000 0.294
488000 0.063 0.643 0.000 0.294
488500 0.063 0.643 0.000 0.294
489000 0.063 0.643 0.000 0.294
489500 0.063 0.643 0.000 0.294
490000 0.063 0.643 0.000 0.294
490500 0.063 0.643 0.000 0.294
491000 0.063 0.643 0.000 0.294
491500 0.063 0.643 0.000 0.294
492000 0.063 0.643 0.000 0.294
492500 0.063 0.643 0.000 0.294
493000 0.063 0.643 0.000 0.294
493500 0.063 0.643 0.000 0.294
494000 0.063 0.643 0.000 0.294
494500 0.063 0.643 0.000 0.294
495000 0.063 0.643 0.000 0.294
495500 0.063 0.643 0.000 0.294
496000 0.063 0.643 0.000 0.294
496500 0.063 0.643 0.000 0.294
497000 0.063 0.643 0.000 0.294
497500 0.063 0.643 0.000 0.294
498000 0.063 0.643 0.000 0.294
498500 0.063 0.643 0.000 0.294
499000 0.063 0.643 0.000 0.294
499500 0.063 0.643 0.000 0.294
500000 0.063 0.643 0.000 0.294
