000000 0.250 0.250 0.250 0.250
000500 0.228 0.382 0.000 0.389
001000 0.228 0.382 0.000 0.389
001500 0.228 0.383 0.000 0.389
002000 0.228 0.383 0.000 0.388
002500 0.228 0.384 0.000 0.387
003000 0.228 0.385 0.000 0.387
003500 0.228 0.385 0.000 0.387
004000 0.228 0.384 0.000 0.387
004500 0.228 0.385 0.000 0.387
005000 0.228 0.384 0.000 0.387
005500 0.228 0.385 0.000 0.387
006000 0.228 0.385 0.000 0.387
006500 0.228 0.385 0.000 0.386
007000 0.228 0.385 0.000 0.387
007500 0.228 0.385 0.000 0.387
008000 0.228 0.385 0.000 0.387
008500 0.228 0.385 0.000 0.387
009000 0.228 0.384 0.000 0.387
009500 0.228 0.384 0.000 0.387
010000 0.228 0.385 0.000 0.387
010500 0.228 0.385 0.000 0.387
011000 0.228 0.384 0.000 0.387
011500 0.228 0.385 0.000 0.387
012000 0.228 0.385 0.000 0.387
012500 0.228 0.384 0.000 0.387
013000 0.228 0.384 0.000 0.387
013500 0.228 0.385 0.000 0.387
014000 0.228 0.385 0.000 0.387
014500 0.228 0.385 0.000 0.387
015000 0.228 0.384 0.000 0.388
015500 0.228 0.384 0.000 0.387
016000 0.228 0.384 0.000 0.387
016500 0.228 0.384 0.000 0.387
017000 0.228 0.384 0.000 0.388
017500 0.228 0.384 0.000 0.388
018000 0.228 0.384 0.000 0.388
018500 0.228 0.383 0.000 0.388
019000 0.228 0.384 0.000 0.388
019500 0.228 0.384 0.000 0.387
020000 0.228 0.384 0.000 0.388
020500 0.228 0.384 0.000 0.387
021000 0.228 0.384 0.000 0.388
021500 0.228 0.384 0.000 0.387
022000 0.228 0.384 0.000 0.387
022500 0.228 0.384 0.000 0.387
023000 0.228 0.384 0.000 0.387
023500 0.228 0.385 0.000 0.387
024000 0.228 0.385 0.000 0.387
024500 0.228 0.385 0.000 0.387
025000 0.228 0.384 0.000 0.387
025500 0.228 0.385 0.000 0.387
026000 0.228 0.384 0.000 0.387
026500 0.228 0.384 0.000 0.387
027000 0.228 0.385 0.000 0.387
027500 0.228 0.385 0.000 0.387
028000 0.228 0.385 0.000 0.387
028500 0.228 0.385 0.000 0.387
029000 0.228 0.385 0.000 0.387
029500 0.228 0.385 0.000 0.386
030000 0.228 0.385 0.000 0.387
030500 0.228 0.385 0.000 0.387
031000 0.228 0.384 0.000 0.387
031500 0.228 0.384 0.000 0.387
032000 0.228 0.384 0.000 0.387
032500 0.228 0.385 0.000 0.387
033000 0.228 0.384 0.000 0.387
033500 0.228 0.384 0.000 0.387
034000 0.228 0.384 0.000 0.387
034500 0.228 0.384 0.000 0.387
035000 0.228 0.384 0.000 0.387
035500 0.228 0.385 0.000 0.387
036000 0.228 0.384 0.000 0.387
036500 0.228 0.385 0.000 0.387
037000 0.228 0.385 0.000 0.387
037500 0.228 0.385 0.000 0.387
038000 0.228 0.385 0.000 0.387
038500 0.228 0.385 0.000 0.387
039000 0.228 0.385 0.000 0.387
039500 0.228 0.384 0.000 0.388
040000 0.228 0.384 0.000 0.387
040500 0.228 0.385 0.000 0.387
041000 0.228 0.384 0.000 0.387
041500 0.228 0.385 0.000 0.387
042000 0.228 0.384 0.000 0.387
042500 0.228 0.384 0.000 0.387
043000 0.228 0.384 0.000 0.387
043500 0.228 0.384 0.000 0.387
044000 0.228 0.385 0.000 0.387
044500 0.228 0.385 0.000 0.387
045000 0.228 0.384 0.000 0.387
045500 0.228 0.385 0.000 0.387
046000 0.228 0.384 0.000 0.387
046500 0.228 0.384 0.000 0.388
047000 0.228 0.384 0.000 0.387
047500 0.228 0.384 0.000 0.387
048000 0.228 0.384 0.000 0.387
048500 0.228 0.384 0.000 0.387
049000 0.228 0.384 0.000 0.388
049500 0.228 0.384 0.000 0.387
050000 0.228 0.384 0.000 0.387
050500 0.228 0.385 0.000 0.387
051000 0.228 0.384 0.000 0.388
051500 0.228 0.384 0.000 0.387
052000 0.228 0.384 0.000 0.387
052500 0.228 0.384 0.000 0.388
053000 0.228 0.385 0.000 0.387
053500 0.228 0.385 0.000 0.387
054000 0.228 0.385 0.000 0.387
054500 0.228 0.385 0.000 0.387
055000 0.228 0.385 0.000 0.387
055500 0.228 0.385 0.000 0.387
056000 0.228 0.385 0.000 0.387
056500 0.228 0.385 0.000 0.387
057000 0.228 0.385 0.000 0.387
057500 0.228 0.384 0.000 0.387
058000 0.228 0.385 0.000 0.387
058500 0.228 0.385 0.000 0.387
059000 0.228 0.384 0.000 0.387
059500 0.228 0.384 0.000 0.387
060000 0.228 0.384 0.000 0.387
060500 0.228 0.385 0.000 0.387
061000 0.228 0.385 0.000 0.387
061500 0.228 0.385 0.000 0.387
062000 0.228 0.385 0.000 0.386
062500 0.228 0.385 0.000 0.386
063000 0.228 0.385 0.000 0.387
063500 0.228 0.385 0.000 0.387
064000 0.228 0.385 0.000 0.387
064500 0.228 0.385 0.000 0.387
065000 0.228 0.385 0.000 0.387
065500 0.228 0.385 0.000 0.387
066000 0.228 0.385 0.000 0.387
066500 0.228 0.385 0.000 0.387
067000 0.228 0.385 0.000 0.386
067500 0.228 0.385 0.000 0.387
068000 0.228 0.385 0.000 0.387
068500 0.228 0.385 0.000 0.386
069000 0.228 0.385 0.000 0.387
069500 0.228 0.385 0.000 0.387
070000 0.228 0.385 0.000 0.387
070500 0.228 0.385 0.000 0.387
071000 0.228 0.385 0.000 0.387
071500 0.228 0.385 0.000 0.387
072000 0.228 0.385 0.000 0.387
072500 0.228 0.385 0.000 0.387
073000 0.228 0.385 0.000 0.387
073500 0.228 0.385 0.000 0.387
074000 0.228 0.385 0.000 0.387
074500 0.228 0.385 0.000 0.386
075000 0.228 0.385 0.000 0.387
075500 0.228 0.385 0.000 0.387
076000 0.228 0.385 0.000 0.387
076500 0.228 0.385 0.000 0.387
077000 0.228 0.385 0.000 0.387
077500 0.228 0.385 0.000 0.387
078000 0.228 0.385 0.000 0.387
078500 0.228 0.385 0.000 0.386
079000 0.228 0.385 0.000 0.387
079500 0.228 0.385 0.000 0.386
080000 0.228 0.385 0.000 0.387
080500 0.228 0.385 0.000 0.386
081000 0.228 0.385 0.000 0.387
081500 0.228 0.385 0.000 0.387
082000 0.228 0.385 0.000 0.387
082500 0.228 0.385 0.000 0.387
083000 0.228 0.385 0.000 0.387
083500 0.228 0.385 0.000 0.387
084000 0.228 0.385 0.000 0.387
084500 0.228 0.385 0.000 0.386
085000 0.228 0.385 0.000 0.386
085500 0.228 0.385 0.000 0.386
086000 0.228 0.385 0.000 0.387
086500 0.228 0.385 0.000 0.387
087000 0.228 0.385 0.000 0.387
087500 0.228 0.385 0.000 0.386
088000 0.228 0.385 0.000 0.387
088500 0.228 0.385 0.000 0.387
089000 0.228 0.385 0.000 0.387
089500 0.228 0.385 0.000 0.387
090000 0.228 0.385 0.000 0.387
090500 0.228 0.385 0.000 0.387
091000 0.228 0.385 0.000 0.387
091500 0.228 0.385 0.000 0.387
092000 0.228 0.384 0.000 0.387
092500 0.228 0.384 0.000 0.387
093000 0.228 0.384 0.000 0.387
093500 0.228 0.384 0.000 0.388
094000 0.228 0.384 0.000 0.387
094500 0.228 0.384 0.000 0.387
095000 0.228 0.385 0.000 0.387
095500 0.228 0.384 0.000 0.387
096000 0.228 0.385 0.000 0.387
096500 0.228 0.384 0.000 0.387
097000 0.228 0.384 0.000 0.387
097500 0.228 0.385 0.000 0.387
098000 0.228 0.384 0.000 0.387
098500 0.228 0.384 0.000 0.387
099000 0.228 0.385 0.000 0.387
099500 0.228 0.385 0.000 0.387
100000 0.228 0.385 0.000 0.387
100500 0.228 0.384 0.000 0.387
101000 0.228 0.384 0.000 0.387
101500 0.228 0.384 0.000 0.387
102000 0.228 0.385 0.000 0.387
102500 0.228 0.384 0.000 0.387
103000 0.228 0.385 0.000 0.387
103500 0.228 0.384 0.000 0.387
104000 0.228 0.385 0.000 0.387
104500 0.228 0.384 0.000 0.387
105000 0.228 0.384 0.000 0.388
105500 0.228 0.384 0.000 0.387
106000 0.228 0.384 0.000 0.388
106500 0.228 0.384 0.000 0.387
107000 0.228 0.384 0.000 0.387
107500 0.228 0.384 0.000 0.387
108000 0.228 0.385 0.000 0.387
108500 0.228 0.384 0.000 0.387
109000 0.228 0.385 0.000 0.387
109500 0.228 0.385 0.000 0.387
110000 0.228 0.385 0.000 0.387
110500 0.228 0.384 0.000 0.388
111000 0.228 0.384 0.000 0.387
111500 0.228 0.384 0.000 0.388
112000 0.228 0.384 0.000 0.388
112500 0.228 0.384 0.000 0.387
113000 0.228 0.384 0.000 0.388
113500 0.228 0.384 0.000 0.387
114000 0.228 0.384 0.000 0.387
114500 0.228 0.384 0.000 0.387
115000 0.228 0.384 0.000 0.387
115500 0.228 0.384 0.000 0.388
116000 0.228 0.384 0.000 0.387
116500 0.228 0.384 0.000 0.387
117000 0.228 0.384 0.000 0.387
117500 0.228 0.384 0.000 0.387
118000 0.228 0.384 0.000 0.387
118500 0.228 0.384 0.000 0.388
119000 0.228 0.384 0.000 0.388
119500 0.228 0.384 0.000 0.387
120000 0.228 0.384 0.000 0.387
120500 0.228 0.384 0.000 0.388
121000 0.228 0.384 0.000 0.387
121500 0.228 0.384 0.000 0.387
122000 0.228 0.384 0.000 0.388
122500 0.228 0.384 0.000 0.387
123000 0.228 0.384 0.000 0.388
123500 0.228 0.384 0.000 0.388
124000 0.228 0.384 0.000 0.388
124500 0.228 0.383 0.000 0.388
125000 0.228 0.383 0.000 0.388
125500 0.228 0.383 0.000 0.388
126000 0.228 0.383 0.000 0.388
126500 0.228 0.383 0.000 0.388
127000 0.228 0.383 0.000 0.388
127500 0.228 0.383 0.000 0.388
128000 0.228 0.383 0.000 0.388
128500 0.228 0.384 0.000 0.388
129000 0.228 0.384 0.000 0.388
129500 0.228 0.384 0.000 0.388
130000 0.228 0.384 0.000 0.388
130500 0.228 0.384 0.000 0.388
131000 0.228 0.383 0.000 0.388
131500 0.228 0.383 0.000 0.388
132000 0.228 0.383 0.000 0.388
132500 0.228 0.384 0.000 0.388
133000 0.228 0.384 0.000 0.388
133500 0.228 0.384 0.000 0.388
134000 0.228 0.383 0.000 0.389
134500 0.228 0.384 0.000 0.388
135000 0.228 0.384 0.000 0.388
135500 0.228 0.383 0.000 0.388
136000 0.228 0.384 0.000 0.388
136500 0.228 0.384 0.000 0.388
137000 0.228 0.383 0.000 0.388
137500 0.228 0.384 0.000 0.388
138000 0.228 0.383 0.000 0.388
138500 0.228 0.383 0.000 0.388
139000 0.228 0.383 0.000 0.388
139500 0.228 0.384 0.000 0.388
140000 0.228 0.383 0.000 0.388
140500 0.228 0.384 0.000 0.388
141000 0.228 0.384 0.000 0.388
141500 0.228 0.384 0.000 0.387
142000 0.228 0.384 0.000 0.388
142500 0.228 0.384 0.000 0.388
143000 0.228 0.384 0.000 0.388
143500 0.228 0.384 0.000 0.388
144000 0.228 0.384 0.000 0.388
144500 0.228 0.384 0.000 0.388
145000 0.228 0.384 0.000 0.388
145500 0.228 0.384 0.000 0.387
146000 0.228 0.384 0.000 0.387
146500 0.228 0.385 0.000 0.387
147000 0.228 0.384 0.000 0.387
147500 0.228 0.384 0.000 0.387
148000 0.228 0.384 0.000 0.387
148500 0.228 0.384 0.000 0.387
149000 0.228 0.384 0.000 0.387
149500 0.228 0.384 0.000 0.387
150000 0.228 0.384 0.000 0.387
150500 0.228 0.384 0.000 0.387
151000 0.228 0.384 0.000 0.388
151500 0.228 0.384 0.000 0.388
152000 0.228 0.384 0.000 0.387
152500 0.228 0.384 0.000 0.387
153000 0.228 0.384 0.000 0.388
153500 0.228 0.384 0.000 0.387
154000 0.228 0.384 0.000 0.387
154500 0.228 0.384 0.000 0.388
155000 0.228 0.384 0.000 0.388
155500 0.228 0.384 0.000 0.387
156000 0.228 0.384 0.000 0.388
156500 0.228 0.384 0.000 0.387
157000 0.228 0.384 0.000 0.387
157500 0.228 0.384 0.000 0.387
158000 0.228 0.384 0.000 0.388
158500 0.228 0.384 0.000 0.387
159000 0.228 0.384 0.000 0.388
159500 0.228 0.384 0.000 0.387
160000 0.228 0.384 0.000 0.388
160500 0.228 0.384 0.000 0.387
161000 0.228 0.384 0.000 0.387
161500 0.228 0.384 0.000 0.388
162000 0.228 0.384 0.000 0.387
162500 0.228 0.384 0.000 0.388
163000 0.228 0.384 0.000 0.387
163500 0.228 0.384 0.000 0.388
164000 0.228 0.384 0.000 0.387
164500 0.228 0.384 0.000 0.388
165000 0.228 0.384 0.000 0.387
165500 0.228 0.384 0.000 0.388
166000 0.228 0.384 0.000 0.387
166500 0.228 0.384 0.000 0.387
167000 0.228 0.384 0.000 0.387
167500 0.228 0.384 0.000 0.387
168000 0.228 0.384 0.000 0.387
168500 0.228 0.384 0.000 0.387
169000 0.228 0.384 0.000 0.387
169500 0.228 0.384 0.000 0.388
170000 0.228 0.384 0.000 0.388
170500 0.228 0.384 0.000 0.388
171000 0.228 0.384 0.000 0.387
171500 0.228 0.384 0.000 0.388
172000 0.228 0.384 0.000 0.387
172500 0.228 0.384 0.000 0.387
173000 0.228 0.384 0.000 0.387
173500 0.228 0.384 0.000 0.388
174000 0.228 0.384 0.000 0.387
174500 0.228 0.384 0.000 0.387
175000 0.228 0.384 0.000 0.387
175500 0.228 0.384 0.000 0.387
176000 0.228 0.384 0.000 0.387
176500 0.228 0.384 0.000 0.387
177000 0.228 0.384 0.000 0.387
177500 0.228 0.384 0.000 0.387
178000 0.228 0.384 0.000 0.387
178500 0.228 0.384 0.000 0.387
179000 0.228 0.384 0.000 0.387
179500 0.228 0.384 0.000 0.387
180000 0.228 0.384 0.000 0.387
180500 0.228 0.384 0.000 0.387
181000 0.228 0.385 0.000 0.387
181500 0.228 0.384 0.000 0.387
182000 0.228 0.384 0.000 0.387
182500 0.228 0.385 0.000 0.387
183000 0.228 0.384 0.000 0.387
183500 0.228 0.384 0.000 0.387
184000 0.228 0.384 0.000 0.387
184500 0.228 0.384 0.000 0.387
185000 0.228 0.384 0.000 0.387
185500 0.228 0.385 0.000 0.387
186000 0.228 0.385 0.000 0.387
186500 0.228 0.385 0.000 0.387
187000 0.228 0.384 0.000 0.387
187500 0.228 0.384 0.000 0.387
188000 0.228 0.384 0.000 0.387
188500 0.228 0.384 0.000 0.387
189000 0.228 0.384 0.000 0.387
189500 0.228 0.384 0.000 0.387
190000 0.228 0.385 0.000 0.387
190500 0.228 0.385 0.000 0.387
191000 0.228 0.385 0.000 0.387
191500 0.228 0.384 0.000 0.387
192000 0.228 0.385 0.000 0.387
192500 0.228 0.384 0.000 0.387
193000 0.228 0.384 0.000 0.387
193500 0.228 0.384 0.000 0.387
194000 0.228 0.384 0.000 0.387
194500 0.228 0.384 0.000 0.387
195000 0.228 0.384 0.000 0.387
195500 0.228 0.385 0.000 0.387
196000 0.228 0.384 0.000 0.387
196500 0.228 0.384 0.000 0.388
197000 0.228 0.385 0.000 0.387
197500 0.228 0.385 0.000 0.387
198000 0.228 0.384 0.000 0.387
198500 0.228 0.384 0.000 0.387
199000 0.228 0.384 0.000 0.387
199500 0.228 0.385 0.000 0.387
200000 0.228 0.385 0.000 0.387
200500 0.228 0.385 0.000 0.387
201000 0.228 0.385 0.000 0.387
201500 0.228 0.385 0.000 0.387
202000 0.228 0.385 0.000 0.387
202500 0.228 0.384 0.000 0.387
203000 0.228 0.384 0.000 0.387
203500 0.228 0.385 0.000 0.387
204000 0.228 0.384 0.000 0.387
204500 0.228 0.384 0.000 0.387
205000 0.228 0.385 0.000 0.387
205500 0.228 0.385 0.000 0.387
206000 0.228 0.385 0.000 0.387
206500 0.228 0.385 0.000 0.387
207000 0.228 0.384 0.000 0.387
207500 0.228 0.385 0.000 0.387
208000 0.228 0.384 0.000 0.387
208500 0.228 0.384 0.000 0.387
209000 0.228 0.384 0.000 0.387
209500 0.228 0.385 0.000 0.387
210000 0.228 0.385 0.000 0.387
210500 0.228 0.385 0.000 0.387
211000 0.228 0.385 0.000 0.387
211500 0.228 0.385 0.000 0.387
212000 0.228 0.384 0.000 0.387
212500 0.228 0.384 0.000 0.387
213000 0.228 0.384 0.000 0.387
213500 0.228 0.384 0.000 0.387
214000 0.228 0.385 0.000 0.387
214500 0.228 0.385 0.000 0.387
215000 0.228 0.385 0.000 0.387
215500 0.228 0.385 0.000 0.387
216000 0.228 0.385 0.000 0.387
216500 0.228 0.385 0.000 0.387
217000 0.228 0.384 0.000 0.387
217500 0.228 0.385 0.000 0.387
218000 0.228 0.384 0.000 0.387
218500 0.228 0.384 0.000 0.387
219000 0.228 0.384 0.000 0.387
219500 0.228 0.384 0.000 0.387
220000 0.228 0.384 0.000 0.387
220500 0.228 0.384 0.000 0.387
221000 0.228 0.384 0.000 0.387
221500 0.228 0.384 0.000 0.387
222000 0.228 0.384 0.000 0.387
222500 0.228 0.384 0.000 0.387
223000 0.228 0.385 0.000 0.387
223500 0.228 0.384 0.000 0.387
224000 0.228 0.384 0.000 0.387
224500 0.228 0.384 0.000 0.387
225000 0.228 0.384 0.000 0.387
225500 0.228 0.385 0.000 0.387
226000 0.228 0.384 0.000 0.387
226500 0.228 0.384 0.000 0.387
227000 0.228 0.384 0.000 0.387
227500 0.228 0.384 0.000 0.387
228000 0.228 0.384 0.000 0.387
228500 0.228 0.384 0.000 0.387
229000 0.228 0.384 0.000 0.387
229500 0.228 0.384 0.000 0.387
230000 0.228 0.384 0.000 0.387
230500 0.228 0.384 0.000 0.387
231000 0.228 0.384 0.000 0.387
231500 0.228 0.384 0.000 0.387
232000 0.228 0.384 0.000 0.387
232500 0.228 0.384 0.000 0.387
233000 0.228 0.384 0.000 0.387
233500 0.228 0.384 0.000 0.387
234000 0.228 0.384 0.000 0.387
234500 0.228 0.385 0.000 0.387
235000 0.228 0.384 0.000 0.387
235500 0.228 0.384 0.000 0.387
236000 0.228 0.384 0.000 0.388
236500 0.228 0.384 0.000 0.387
237000 0.228 0.384 0.000 0.387
237500 0.228 0.385 0.000 0.387
238000 0.228 0.384 0.000 0.387
238500 0.228 0.384 0.000 0.387
239000 0.228 0.384 0.000 0.387
239500 0.228 0.384 0.000 0.387
240000 0.228 0.385 0.000 0.387
240500 0.228 0.385 0.000 0.387
241000 0.228 0.384 0.000 0.387
241500 0.228 0.384 0.000 0.387
242000 0.228 0.384 0.000 0.387
242500 0.228 0.384 0.000 0.387
243000 0.228 0.384 0.000 0.387
243500 0.228 0.384 0.000 0.387
244000 0.228 0.384 0.000 0.387
244500 0.228 0.384 0.000 0.387
245000 0.228 0.384 0.000 0.387
245500 0.228 0.384 0.000 0.387
246000 0.228 0.384 0.000 0.387
246500 0.228 0.384 0.000 0.387
247000 0.228 0.384 0.000 0.387
247500 0.228 0.384 0.000 0.387
248000 0.228 0.385 0.000 0.387
248500 0.228 0.384 0.000 0.387
249000 0.228 0.384 0.000 0.388
249500 0.228 0.384 0.000 0.387
250000 0.228 0.385 0.000 0.387
250500 0.228 0.384 0.000 0.387
251000 0.228 0.385 0.000 0.387
251500 0.228 0.384 0.000 0.387
252000 0.228 0.384 0.000 0.387
252500 0.228 0.384 0.000 0.387
253000 0.228 0.385 0.000 0.387
253500 0.228 0.385 0.000 0.387
254000 0.228 0.385 0.000 0.387
254500 0.228 0.385 0.000 0.387
255000 0.228 0.385 0.000 0.387
255500 0.228 0.385 0.000 0.387
256000 0.228 0.385 0.000 0.387
256500 0.228 0.385 0.000 0.387
257000 0.228 0.385 0.000 0.387
257500 0.228 0.385 0.000 0.387
258000 0.228 0.385 0.000 0.387
258500 0.228 0.385 0.000 0.387
259000 0.228 0.385 0.000 0.387
259500 0.228 0.385 0.000 0.387
260000 0.228 0.385 0.000 0.387
260500 0.228 0.385 0.000 0.387
261000 0.228 0.385 0.000 0.387
261500 0.228 0.385 0.000 0.387
262000 0.228 0.385 0.000 0.387
262500 0.228 0.385 0.000 0.387
263000 0.228 0.384 0.000 0.387
263500 0.228 0.384 0.000 0.387
264000 0.228 0.384 0.000 0.387
264500 0.228 0.385 0.000 0.387
265000 0.228 0.385 0.000 0.387
265500 0.228 0.384 0.000 0.387
266000 0.228 0.384 0.000 0.387
266500 0.228 0.384 0.000 0.387
267000 0.228 0.384 0.000 0.387
267500 0.228 0.385 0.000 0.387
268000 0.228 0.385 0.000 0.387
268500 0.228 0.384 0.000 0.388
269000 0.228 0.384 0.000 0.388
269500 0.228 0.384 0.000 0.388
270000 0.228 0.384 0.000 0.387
270500 0.228 0.384 0.000 0.387
271000 0.228 0.384 0.000 0.387
271500 0.228 0.384 0.000 0.387
272000 0.228 0.384 0.000 0.387
272500 0.228 0.384 0.000 0.388
273000 0.228 0.384 0.000 0.388
273500 0.228 0.384 0.000 0.387
274000 0.228 0.384 0.000 0.387
274500 0.228 0.384 0.000 0.387
275000 0.228 0.384 0.000 0.387
275500 0.228 0.384 0.000 0.387
276000 0.228 0.384 0.000 0.388
276500 0.228 0.384 0.000 0.388
277000 0.228 0.384 0.000 0.388
277500 0.228 0.385 0.000 0.387
278000 0.228 0.385 0.000 0.386
278500 0.228 0.385 0.000 0.387
279000 0.228 0.385 0.000 0.387
279500 0.228 0.385 0.000 0.387
280000 0.228 0.385 0.000 0.387
280500 0.228 0.385 0.000 0.387
281000 0.228 0.385 0.000 0.387
281500 0.228 0.385 0.000 0.387
282000 0.228 0.385 0.000 0.387
282500 0.228 0.384 0.000 0.387
283000 0.228 0.385 0.000 0.387
283500 0.228 0.385 0.000 0.387
284000 0.228 0.385 0.000 0.386
284500 0.228 0.385 0.000 0.387
285000 0.228 0.385 0.000 0.387
285500 0.228 0.385 0.000 0.387
286000 0.228 0.385 0.000 0.387
286500 0.228 0.385 0.000 0.387
287000 0.228 0.385 0.000 0.387
287500 0.228 0.385 0.000 0.387
288000 0.228 0.385 0.000 0.387
288500 0.228 0.385 0.000 0.387
289000 0.228 0.385 0.000 0.387
289500 0.228 0.385 0.000 0.387
290000 0.228 0.385 0.000 0.387
290500 0.228 0.385 0.000 0.387
291000 0.228 0.385 0.000 0.387
291500 0.228 0.385 0.000 0.387
292000 0.228 0.385 0.000 0.387
292500 0.228 0.384 0.000 0.387
293000 0.228 0.385 0.000 0.387
293500 0.228 0.385 0.000 0.387
294000 0.228 0.385 0.000 0.387
294500 0.228 0.385 0.000 0.387
295000 0.228 0.385 0.000 0.387
295500 0.228 0.385 0.000 0.387
296000 0.228 0.385 0.000 0.386
296500 0.228 0.385 0.000 0.387
297000 0.228 0.385 0.000 0.386
297500 0.228 0.385 0.000 0.386
298000 0.228 0.385 0.000 0.387
298500 0.228 0.385 0.000 0.386
299000 0.228 0.385 0.000 0.387
299500 0.228 0.385 0.000 0.387
300000 0.228 0.385 0.000 0.386
300500 0.228 0.385 0.000 0.386
301000 0.228 0.385 0.000 0.387
301500 0.228 0.385 0.000 0.386
302000 0.228 0.385 0.000 0.387
302500 0.228 0.385 0.000 0.387
303000 0.228 0.385 0.000 0.386
303500 0.228 0.385 0.000 0.387
304000 0.228 0.385 0.000 0.387
304500 0.228 0.385 0.000 0.387
305000 0.228 0.385 0.000 0.387
305500 0.228 0.385 0.000 0.387
306000 0.228 0.385 0.000 0.386
306500 0.228 0.385 0.000 0.387
307000 0.228 0.385 0.000 0.386
307500 0.228 0.385 0.000 0.386
308000 0.228 0.385 0.000 0.386
308500 0.228 0.386 0.000 0.386
309000 0.228 0.385 0.000 0.386
309500 0.228 0.385 0.000 0.386
310000 0.228 0.385 0.000 0.386
310500 0.228 0.385 0.000 0.386
311000 0.228 0.385 0.000 0.386
311500 0.228 0.385 0.000 0.386
312000 0.228 0.385 0.000 0.386
312500 0.228 0.385 0.000 0.386
313000 0.228 0.385 0.000 0.386
313500 0.228 0.385 0.000 0.386
314000 0.228 0.385 0.000 0.386
314500 0.228 0.385 0.000 0.386
315000 0.228 0.385 0.000 0.386
315500 0.228 0.385 0.000 0.386
316000 0.228 0.385 0.000 0.386
316500 0.228 0.385 0.000 0.386
317000 0.228 0.385 0.000 0.386
317500 0.228 0.385 0.000 0.386
318000 0.228 0.385 0.000 0.386
318500 0.228 0.385 0.000 0.386
319000 0.228 0.385 0.000 0.386
319500 0.228 0.386 0.000 0.386
320000 0.228 0.385 0.000 0.386
320500 0.228 0.385 0.000 0.386
321000 0.228 0.385 0.000 0.387
321500 0.228 0.385 0.000 0.386
322000 0.228 0.385 0.000 0.386
322500 0.228 0.385 0.000 0.386
323000 0.228 0.385 0.000 0.386
323500 0.228 0.385 0.000 0.386
324000 0.228 0.386 0.000 0.386
324500 0.228 0.385 0.000 0.386
325000 0.228 0.385 0.000 0.386
325500 0.228 0.385 0.000 0.386
326000 0.228 0.385 0.000 0.386
326500 0.228 0.385 0.000 0.386
327000 0.228 0.385 0.000 0.386
327500 0.228 0.385 0.000 0.386
328000 0.228 0.385 0.000 0.386
328500 0.228 0.385 0.000 0.386
329000 0.228 0.385 0.000 0.386
329500 0.228 0.385 0.000 0.386
330000 0.228 0.386 0.000 0.386
330500 0.228 0.385 0.000 0.386
331000 0.228 0.385 0.000 0.386
331500 0.228 0.385 0.000 0.387
332000 0.228 0.385 0.000 0.386
332500 0.228 0.385 0.000 0.386
333000 0.228 0.385 0.000 0.387
333500 0.228 0.385 0.000 0.386
334000 0.228 0.385 0.000 0.386
334500 0.228 0.385 0.000 0.386
335000 0.228 0.385 0.000 0.386
335500 0.228 0.385 0.000 0.386
336000 0.228 0.385 0.000 0.386
336500 0.228 0.385 0.000 0.387
337000 0.228 0.385 0.000 0.386
337500 0.228 0.385 0.000 0.386
338000 0.228 0.385 0.000 0.386
338500 0.228 0.385 0.000 0.386
339000 0.228 0.385 0.000 0.386
339500 0.228 0.385 0.000 0.386
340000 0.228 0.385 0.000 0.386
340500 0.228 0.385 0.000 0.386
341000 0.228 0.385 0.000 0.386
341500 0.228 0.385 0.000 0.386
342000 0.228 0.385 0.000 0.386
342500 0.228 0.386 0.000 0.386
343000 0.228 0.386 0.000 0.386
343500 0.228 0.385 0.000 0.386
344000 0.228 0.386 0.000 0.386
344500 0.228 0.386 0.000 0.386
345000 0.228 0.385 0.000 0.386
345500 0.228 0.385 0.000 0.386
346000 0.228 0.385 0.000 0.387
346500 0.228 0.385 0.000 0.386
347000 0.228 0.385 0.000 0.387
347500 0.228 0.385 0.000 0.386
348000 0.228 0.385 0.000 0.386
348500 0.228 0.386 0.000 0.386
349000 0.228 0.385 0.000 0.386
349500 0.228 0.385 0.000 0.386
350000 0.228 0.385 0.000 0.386
350500 0.228 0.385 0.000 0.386
351000 0.228 0.385 0.000 0.386
351500 0.228 0.385 0.000 0.387
352000 0.228 0.385 0.000 0.386
352500 0.228 0.385 0.000 0.386
353000 0.228 0.385 0.000 0.386
353500 0.228 0.385 0.000 0.386
354000 0.228 0.385 0.000 0.386
354500 0.228 0.385 0.000 0.386
355000 0.228 0.385 0.000 0.386
355500 0.228 0.385 0.000 0.386
356000 0.228 0.386 0.000 0.386
356500 0.228 0.385 0.000 0.386
357000 0.228 0.385 0.000 0.386
357500 0.228 0.386 0.000 0.386
358000 0.228 0.385 0.000 0.386
358500 0.228 0.385 0.000 0.386
359000 0.228 0.386 0.000 0.386
359500 0.228 0.385 0.000 0.386
360000 0.228 0.385 0.000 0.386
360500 0.228 0.385 0.000 0.386
361000 0.228 0.385 0.000 0.386
361500 0.228 0.385 0.000 0.386
362000 0.228 0.386 0.000 0.386
362500 0.228 0.385 0.000 0.386
363000 0.228 0.385 0.000 0.386
363500 0.228 0.385 0.000 0.387
364000 0.228 0.385 0.000 0.387
364500 0.228 0.385 0.000 0.386
365000 0.228 0.385 0.000 0.387
365500 0.228 0.385 0.000 0.387
366000 0.228 0.385 0.000 0.387
366500 0.228 0.385 0.000 0.387
367000 0.228 0.385 0.000 0.386
367500 0.228 0.385 0.000 0.386
368000 0.228 0.385 0.000 0.387
368500 0.228 0.385 0.000 0.386
369000 0.228 0.385 0.000 0.386
369500 0.228 0.385 0.000 0.387
370000 0.228 0.385 0.000 0.386
370500 0.228 0.385 0.000 0.386
371000 0.228 0.385 0.000 0.386
371500 0.228 0.385 0.000 0.386
372000 0.228 0.385 0.000 0.387
372500 0.228 0.385 0.000 0.386
373000 0.228 0.385 0.000 0.387
373500 0.228 0.385 0.000 0.386
374000 0.228 0.385 0.000 0.386
374500 0.228 0.385 0.000 0.386
375000 0.228 0.385 0.000 0.386
375500 0.228 0.385 0.000 0.386
376000 0.228 0.385 0.000 0.387
376500 0.228 0.385 0.000 0.387
377000 0.228 0.385 0.000 0.387
377500 0.228 0.385 0.000 0.386
378000 0.228 0.385 0.000 0.386
378500 0.228 0.385 0.000 0.386
379000 0.228 0.386 0.000 0.386
379500 0.228 0.386 0.000 0.386
380000 0.228 0.385 0.000 0.386
380500 0.228 0.385 0.000 0.386
381000 0.228 0.386 0.000 0.386
381500 0.228 0.386 0.000 0.386
382000 0.228 0.386 0.000 0.386
382500 0.228 0.386 0.000 0.386
383000 0.228 0.386 0.000 0.386
383500 0.228 0.386 0.000 0.386
384000 0.228 0.386 0.000 0.386
384500 0.228 0.385 0.000 0.386
385000 0.228 0.386 0.000 0.386
385500 0.228 0.385 0.000 0.386
386000 0.228 0.385 0.000 0.386
386500 0.228 0.386 0.000 0.386
387000 0.228 0.385 0.000 0.386
387500 0.228 0.386 0.000 0.386
388000 0.228 0.386 0.000 0.386
388500 0.228 0.385 0.000 0.386
389000 0.228 0.386 0.000 0.386
389500 0.228 0.385 0.000 0.386
390000 0.228 0.385 0.000 0.386
390500 0.228 0.386 0.000 0.386
391000 0.228 0.386 0.000 0.386
391500 0.228 0.386 0.000 0.386
392000 0.228 0.386 0.000 0.386
392500 0.228 0.386 0.000 0.386
393000 0.228 0.386 0.000 0.385
393500 0.228 0.386 0.000 0.385
394000 0.228 0.386 0.000 0.385
394500 0.228 0.386 0.000 0.385
395000 0.228 0.386 0.000 0.385
395500 0.228 0.386 0.000 0.385
396000 0.228 0.386 0.000 0.385
396500 0.228 0.386 0.000 0.385
397000 0.228 0.386 0.000 0.385
397500 0.228 0.386 0.000 0.386
398000 0.228 0.386 0.000 0.385
398500 0.228 0.386 0.000 0.385
399000 0.228 0.386 0.000 0.386
399500 0.228 0.386 0.000 0.385
400000 0.228 0.386 0.000 0.385
400500 0.228 0.386 0.000 0.385
401000 0.228 0.386 0.000 0.385
401500 0.228 0.386 0.000 0.385
402000 0.228 0.386 0.000 0.385
402500 0.228 0.386 0.000 0.385
403000 0.228 0.386 0.000 0.385
403500 0.228 0.386 0.000 0.386
404000 0.228 0.386 0.000 0.385
404500 0.228 0.386 0.000 0.385
405000 0.228 0.386 0.000 0.385
405500 0.228 0.386 0.000 0.385
406000 0.228 0.386 0.000 0.385
406500 0.228 0.386 0.000 0.385
407000 0.228 0.386 0.000 0.385
407500 0.228 0.386 0.000 0.385
408000 0.228 0.386 0.000 0.385
408500 0.228 0.386 0.000 0.385
409000 0.228 0.386 0.000 0.386
409500 0.228 0.386 0.000 0.385
410000 0.228 0.386 0.000 0.385
410500 0.228 0.386 0.000 0.385
411000 0.228 0.386 0.000 0.385
411500 0.228 0.386 0.000 0.385
412000 0.228 0.386 0.000 0.385
412500 0.228 0.386 0.000 0.385
413000 0.228 0.386 0.000 0.386
413500 0.228 0.386 0.000 0.385
414000 0.228 0.386 0.000 0.385
414500 0.228 0.386 0.000 0.385
415000 0.228 0.386 0.000 0.385
415500 0.228 0.386 0.000 0.385
416000 0.228 0.386 0.000 0.386
416500 0.228 0.386 0.000 0.386
417000 0.228 0.386 0.000 0.385
417500 0.228 0.386 0.000 0.385
418000 0.228 0.386 0.000 0.385
418500 0.228 0.386 0.000 0.385
419000 0.228 0.386 0.000 0.385
419500 0.228 0.386 0.000 0.385
420000 0.228 0.386 0.000 0.385
420500 0.228 0.386 0.000 0.385
421000 0.228 0.386 0.000 0.385
421500 0.228 0.386 0.000 0.385
422000 0.228 0.386 0.000 0.385
422500 0.228 0.386 0.000 0.385
423000 0.228 0.386 0.000 0.385
423500 0.228 0.386 0.000 0.385
424000 0.228 0.386 0.000 0.385
424500 0.228 0.386 0.000 0.385
425000 0.228 0.386 0.000 0.385
425500 0.228 0.386 0.000 0.385
426000 0.228 0.386 0.000 0.385
426500 0.228 0.386 0.000 0.386
427000 0.228 0.386 0.000 0.385
427500 0.228 0.386 0.000 0.385
428000 0.228 0.386 0.000 0.385
428500 0.228 0.386 0.000 0.386
429000 0.228 0.386 0.000 0.385
429500 0.228 0.386 0.000 0.385
430000 0.228 0.386 0.000 0.385
430500 0.228 0.386 0.000 0.385
431000 0.228 0.386 0.000 0.385
431500 0.228 0.386 0.000 0.385
432000 0.228 0.386 0.000 0.385
432500 0.228 0.386 0.000 0.385
433000 0.228 0.386 0.000 0.385
433500 0.228 0.386 0.000 0.385
434000 0.228 0.386 0.000 0.385
434500 0.228 0.386 0.000 0.385
435000 0.228 0.386 0.000 0.385
435500 0.228 0.386 0.000 0.385
436000 0.228 0.386 0.000 0.385
436500 0.228 0.386 0.000 0.385
437000 0.228 0.386 0.000 0.385
437500 0.228 0.386 0.000 0.385
438000 0.228 0.386 0.000 0.385
438500 0.228 0.386 0.000 0.385
439000 0.228 0.387 0.000 0.385
439500 0.228 0.386 0.000 0.385
440000 0.228 0.386 0.000 0.385
440500 0.228 0.386 0.000 0.385
441000 0.228 0.386 0.000 0.385
441500 0.228 0.386 0.000 0.385
442000 0.228 0.386 0.000 0.385
442500 0.228 0.386 0.000 0.385
443000 0.228 0.386 0.000 0.385
443500 0.228 0.386 0.000 0.385
444000 0.228 0.386 0.000 0.385
444500 0.228 0.386 0.000 0.385
445000 0.228 0.387 0.000 0.385
445500 0.228 0.386 0.000 0.385
446000 0.228 0.386 0.000 0.385
446500 0.228 0.386 0.000 0.385
447000 0.228 0.386 0.000 0.385
447500 0.228 0.386 0.000 0.385
448000 0.228 0.386 0.000 0.385
448500 0.228 0.387 0.000 0.385
449000 0.228 0.386 0.000 0.385
449500 0.228 0.386 0.000 0.385
450000 0.228 0.387 0.000 0.385
450500 0.228 0.387 0.000 0.385
451000 0.228 0.387 0.000 0.385
451500 0.228 0.386 0.000 0.385
452000 0.228 0.387 0.000 0.385
452500 0.228 0.387 0.000 0.384
453000 0.228 0.388 0.000 0.384
453500 0.228 0.387 0.000 0.384
454000 0.228 0.387 0.000 0.384
454500 0.228 0.387 0.000 0.384
455000 0.228 0.387 0.000 0.384
455500 0.228 0.387 0.000 0.384
456000 0.228 0.387 0.000 0.384
456500 0.228 0.387 0.000 0.384
457000 0.228 0.387 0.000 0.384
457500 0.228 0.387 0.000 0.384
458000 0.228 0.388 0.000 0.384
458500 0.228 0.387 0.000 0.384
459000 0.228 0.387 0.000 0.384
459500 0.228 0.387 0.000 0.384
460000 0.228 0.387 0.000 0.384
460500 0.228 0.387 0.000 0.384
461000 0.228 0.387 0.000 0.384
461500 0.228 0.387 0.000 0.385
462000 0.228 0.387 0.000 0.385
462500 0.228 0.387 0.000 0.385
463000 0.228 0.387 0.000 0.385
463500 0.228 0.387 0.000 0.385
464000 0.228 0.387 0.000 0.385
464500 0.228 0.387 0.000 0.385
465000 0.228 0.387 0.000 0.385
465500 0.228 0.386 0.000 0.385
466000 0.228 0.387 0.000 0.385
466500 0.228 0.387 0.000 0.385
467000 0.228 0.387 0.000 0.385
467500 0.228 0.387 0.000 0.385
468000 0.228 0.387 0.000 0.385
468500 0.228 0.387 0.000 0.385
469000 0.228 0.387 0.000 0.385
469500 0.228 0.387 0.000 0.385
470000 0.228 0.387 0.000 0.385
470500 0.228 0.387 0.000 0.385
471000 0.228 0.387 0.000 0.385
471500 0.228 0.387 0.000 0.385
472000 0.228 0.387 0.000 0.385
472500 0.228 0.387 0.000 0.385
473000 0.228 0.387 0.000 0.385
473500 0.228 0.387 0.000 0.385
474000 0.228 0.387 0.000 0.385
474500 0.228 0.387 0.000 0.385
475000 0.228 0.386 0.000 0.385
475500 0.228 0.387 0.000 0.385
476000 0.228 0.387 0.000 0.385
476500 0.228 0.387 0.000 0.385
477000 0.228 0.387 0.000 0.385
477500 0.228 0.387 0.000 0.384
478000 0.228 0.387 0.000 0.384
478500 0.228 0.387 0.000 0.384
479000 0.228 0.387 0.000 0.384
479500 0.228 0.387 0.000 0.384
480000 0.228 0.387 0.000 0.384
480500 0.228 0.387 0.000 0.384
481000 0.228 0.387 0.000 0.384
481500 0.228 0.387 0.000 0.384
482000 0.228 0.387 0.000 0.384
482500 0.228 0.387 0.000 0.384
483000 0.228 0.387 0.000 0.384
483500 0.228 0.387 0.000 0.384
484000 0.228 0.387 0.000 0.384
484500 0.228 0.387 0.000 0.384
485000 0.228 0.387 0.000 0.384
485500 0.228 0.387 0.000 0.384
486000 0.228 0.387 0.000 0.384
486500 0.228 0.387 0.000 0.384
487000 0.228 0.387 0.000 0.384
487500 0.228 0.387 0.000 0.384
488000 0.228 0.387 0.000 0.384
488500 0.228 0.387 0.000 0.384
489000 0.228 0.387 0.000 0.384
489500 0.228 0.387 0.000 0.385
490000 0.228 0.387 0.000 0.384
490500 0.228 0.387 0.000 0.384
491000 0.228 0.387 0.000 0.385
491500 0.228 0.387 0.000 0.384
492000 0.228 0.387 0.000 0.384
492500 0.228 0.387 0.000 0.384
493000 0.228 0.387 0.000 0.384
493500 0.228 0.387 0.000 0.384
494000 0.228 0.387 0.000 0.384
494500 0.228 0.387 0.000 0.384
495000 0.228 0.387 0.000 0.384
495500 0.228 0.387 0.000 0.384
496000 0.228 0.387 0.000 0.384
496500 0.228 0.387 0.000 0.384
497000 0.228 0.387 0.000 0.384
497500 0.228 0.387 0.000 0.385
498000 0.228 0.387 0.000 0.384
498500 0.228 0.387 0.000 0.384
499000 0.228 0.387 0.000 0.384
499500 0.228 0.387 0.000 0.384
500000 0.228 0.387 0.000 0.384
