000000 0.250 0.250 0.250 0.250
000500 0.989 0.002 0.000 0.009
001000 0.988 0.002 0.000 0.009
001500 0.989 0.002 0.000 0.009
002000 0.989 0.002 0.000 0.009
002500 0.989 0.002 0.000 0.009
003000 0.989 0.002 0.000 0.009
003500 0.989 0.002 0.000 0.009
004000 0.989 0.002 0.000 0.009
004500 0.989 0.002 0.000 0.009
005000 0.989 0.002 0.000 0.009
005500 0.989 0.002 0.000 0.009
006000 0.989 0.002 0.000 0.009
006500 0.989 0.002 0.000 0.009
007000 0.989 0.002 0.000 0.009
007500 0.989 0.002 0.000 0.009
008000 0.989 0.002 0.000 0.009
008500 0.989 0.002 0.000 0.009
009000 0.989 0.002 0.000 0.009
009500 0.989 0.002 0.000 0.009
010000 0.989 0.002 0.000 0.009
010500 0.989 0.002 0.000 0.009
011000 0.989 0.002 0.000 0.009
011500 0.989 0.002 0.000 0.009
012000 0.989 0.002 0.000 0.009
012500 0.989 0.002 0.000 0.009
013000 0.989 0.002 0.000 0.009
013500 0.989 0.002 0.000 0.009
014000 0.989 0.002 0.000 0.009
014500 0.989 0.002 0.000 0.009
015000 0.989 0.002 0.000 0.009
015500 0.989 0.002 0.000 0.009
016000 0.989 0.002 0.000 0.009
016500 0.989 0.002 0.000 0.009
017000 0.989 0.002 0.000 0.009
017500 0.989 0.002 0.000 0.009
018000 0.989 0.002 0.000 0.009
018500 0.989 0.002 0.000 0.009
019000 0.989 0.002 0.000 0.009
019500 0.989 0.002 0.000 0.009
020000 0.989 0.002 0.000 0.009
020500 0.989 0.002 0.000 0.009
021000 0.989 0.002 0.000 0.009
021500 0.989 0.002 0.000 0.009
022000 0.989 0.002 0.000 0.009
022500 0.989 0.002 0.000 0.009
023000 0.989 0.002 0.000 0.009
023500 0.989 0.002 0.000 0.009
024000 0.989 0.002 0.000 0.009
024500 0.989 0.002 0.000 0.009
025000 0.989 0.002 0.000 0.009
025500 0.989 0.002 0.000 0.009
026000 0.989 0.002 0.000 0.009
026500 0.989 0.002 0.000 0.009
027000 0.989 0.002 0.000 0.009
027500 0.989 0.002 0.000 0.009
028000 0.989 0.002 0.000 0.009
028500 0.989 0.002 0.000 0.009
029000 0.989 0.002 0.000 0.009
029500 0.989 0.002 0.000 0.009
030000 0.989 0.002 0.000 0.009
030500 0.989 0.002 0.000 0.009
031000 0.989 0.002 0.000 0.009
031500 0.989 0.002 0.000 0.009
032000 0.989 0.002 0.000 0.009
032500 0.989 0.002 0.000 0.009
033000 0.989 0.002 0.000 0.009
033500 0.989 0.002 0.000 0.009
034000 0.989 0.002 0.000 0.009
034500 0.989 0.002 0.000 0.009
035000 0.989 0.002 0.000 0.009
035500 0.989 0.002 0.000 0.009
036000 0.989 0.002 0.000 0.009
036500 0.989 0.002 0.000 0.009
037000 0.989 0.002 0.000 0.009
037500 0.989 0.002 0.000 0.009
038000 0.989 0.002 0.000 0.009
038500 0.989 0.002 0.000 0.009
039000 0.989 0.002 0.000 0.009
039500 0.989 0.002 0.000 0.009
040000 0.989 0.002 0.000 0.009
040500 0.989 0.002 0.000 0.009
041000 0.989 0.002 0.000 0.009
041500 0.989 0.002 0.000 0.009
042000 0.989 0.002 0.000 0.009
042500 0.989 0.002 0.000 0.009
043000 0.989 0.002 0.000 0.009
043500 0.989 0.002 0.000 0.009
044000 0.989 0.002 0.000 0.009
044500 0.989 0.002 0.000 0.009
045000 0.989 0.002 0.000 0.009
045500 0.989 0.002 0.000 0.009
046000 0.989 0.002 0.000 0.009
046500 0.989 0.002 0.000 0.009
047000 0.989 0.002 0.000 0.009
047500 0.989 0.002 0.000 0.009
048000 0.989 0.002 0.000 0.009
048500 0.989 0.002 0.000 0.009
049000 0.989 0.002 0.000 0.009
049500 0.989 0.002 0.000 0.009
050000 0.989 0.002 0.000 0.009
050500 0.989 0.002 0.000 0.009
051000 0.989 0.002 0.000 0.009
051500 0.989 0.002 0.000 0.009
052000 0.989 0.002 0.000 0.009
052500 0.989 0.002 0.000 0.009
053000 0.989 0.002 0.000 0.009
053500 0.989 0.002 0.000 0.009
054000 0.989 0.002 0.000 0.009
054500 0.989 0.002 0.000 0.009
055000 0.989 0.002 0.000 0.009
055500 0.989 0.002 0.000 0.009
056000 0.989 0.002 0.000 0.009
056500 0.989 0.002 0.000 0.009
057000 0.989 0.002 0.000 0.009
057500 0.989 0.002 0.000 0.009
058000 0.989 0.002 0.000 0.009
058500 0.989 0.002 0.000 0.009
059000 0.989 0.002 0.000 0.009
059500 0.989 0.002 0.000 0.009
060000 0.989 0.002 0.000 0.009
060500 0.989 0.002 0.000 0.009
061000 0.989 0.002 0.000 0.009
061500 0.989 0.002 0.000 0.009
062000 0.989 0.002 0.000 0.009
062500 0.989 0.002 0.000 0.009
063000 0.989 0.002 0.000 0.009
063500 0.989 0.002 0.000 0.009
064000 0.989 0.002 0.000 0.009
064500 0.989 0.002 0.000 0.009
065000 0.989 0.002 0.000 0.009
065500 0.989 0.002 0.000 0.009
066000 0.989 0.002 0.000 0.009
066500 0.989 0.002 0.000 0.009
067000 0.989 0.002 0.000 0.009
067500 0.989 0.002 0.000 0.009
068000 0.989 0.002 0.000 0.009
068500 0.989 0.002 0.000 0.009
069000 0.989 0.002 0.000 0.009
069500 0.989 0.002 0.000 0.009
070000 0.989 0.002 0.000 0.009
070500 0.989 0.002 0.000 0.009
071000 0.989 0.002 0.000 0.009
071500 0.989 0.002 0.000 0.009
072000 0.989 0.002 0.000 0.009
072500 0.989 0.002 0.000 0.009
073000 0.989 0.002 0.000 0.009
073500 0.989 0.002 0.000 0.009
074000 0.989 0.002 0.000 0.009
074500 0.989 0.002 0.000 0.009
075000 0.989 0.002 0.000 0.009
075500 0.989 0.002 0.000 0.009
076000 0.989 0.002 0.000 0.009
076500 0.989 0.002 0.000 0.009
077000 0.989 0.002 0.000 0.009
077500 0.989 0.002 0.000 0.009
078000 0.989 0.002 0.000 0.009
078500 0.989 0.002 0.000 0.009
079000 0.989 0.002 0.000 0.009
079500 0.989 0.002 0.000 0.009
080000 0.989 0.002 0.000 0.009
080500 0.989 0.002 0.000 0.009
081000 0.989 0.002 0.000 0.009
081500 0.989 0.002 0.000 0.009
082000 0.989 0.002 0.000 0.009
082500 0.989 0.002 0.000 0.009
083000 0.989 0.002 0.000 0.009
083500 0.989 0.002 0.000 0.009
084000 0.989 0.002 0.000 0.009
084500 0.989 0.002 0.000 0.009
085000 0.989 0.002 0.000 0.009
085500 0.989 0.002 0.000 0.009
086000 0.989 0.002 0.000 0.009
086500 0.989 0.002 0.000 0.009
087000 0.989 0.002 0.000 0.009
087500 0.989 0.002 0.000 0.009
088000 0.989 0.002 0.000 0.009
088500 0.989 0.002 0.000 0.009
089000 0.989 0.002 0.000 0.009
089500 0.989 0.002 0.000 0.009
090000 0.989 0.002 0.000 0.009
090500 0.989 0.002 0.000 0.009
091000 0.989 0.002 0.000 0.009
091500 0.989 0.002 0.000 0.009
092000 0.989 0.002 0.000 0.009
092500 0.989 0.002 0.000 0.009
093000 0.989 0.002 0.000 0.009
093500 0.989 0.002 0.000 0.009
094000 0.989 0.002 0.000 0.009
094500 0.989 0.002 0.000 0.009
095000 0.989 0.002 0.000 0.009
095500 0.989 0.002 0.000 0.009
096000 0.989 0.002 0.000 0.009
096500 0.989 0.002 0.000 0.009
097000 0.989 0.002 0.000 0.009
097500 0.989 0.002 0.000 0.009
098000 0.989 0.002 0.000 0.009
098500 0.989 0.002 0.000 0.009
099000 0.989 0.002 0.000 0.009
099500 0.989 0.002 0.000 0.009
100000 0.989 0.002 0.000 0.009
100500 0.989 0.002 0.000 0.009
101000 0.989 0.002 0.000 0.009
101500 0.989 0.002 0.000 0.009
102000 0.989 0.002 0.000 0.009
102500 0.989 0.002 0.000 0.009
103000 0.989 0.002 0.000 0.009
103500 0.989 0.002 0.000 0.009
104000 0.989 0.002 0.000 0.009
104500 0.989 0.002 0.000 0.009
105000 0.989 0.002 0.000 0.009
105500 0.989 0.002 0.000 0.009
106000 0.989 0.002 0.000 0.009
106500 0.989 0.002 0.000 0.009
107000 0.989 0.002 0.000 0.009
107500 0.989 0.002 0.000 0.009
108000 0.989 0.002 0.000 0.009
108500 0.989 0.002 0.000 0.009
109000 0.989 0.002 0.000 0.009
109500 0.989 0.002 0.000 0.009
110000 0.989 0.002 0.000 0.009
110500 0.989 0.002 0.000 0.009
111000 0.989 0.002 0.000 0.009
111500 0.989 0.002 0.000 0.009
112000 0.989 0.002 0.000 0.009
112500 0.989 0.002 0.000 0.009
113000 0.989 0.002 0.000 0.009
113500 0.989 0.002 0.000 0.009
114000 0.989 0.002 0.000 0.009
114500 0.989 0.002 0.000 0.009
115000 0.989 0.002 0.000 0.009
115500 0.989 0.002 0.000 0.009
116000 0.989 0.002 0.000 0.009
116500 0.989 0.002 0.000 0.009
117000 0.989 0.002 0.000 0.009
117500 0.989 0.002 0.000 0.009
118000 0.989 0.002 0.000 0.009
118500 0.989 0.002 0.000 0.009
119000 0.989 0.002 0.000 0.009
119500 0.989 0.002 0.000 0.009
120000 0.989 0.002 0.000 0.009
120500 0.989 0.002 0.000 0.009
121000 0.989 0.002 0.000 0.009
121500 0.989 0.002 0.000 0.009
122000 0.989 0.002 0.000 0.009
122500 0.989 0.002 0.000 0.009
123000 0.989 0.002 0.000 0.009
123500 0.989 0.002 0.000 0.009
124000 0.989 0.002 0.000 0.009
124500 0.989 0.002 0.000 0.009
125000 0.989 0.002 0.000 0.009
125500 0.989 0.002 0.000 0.009
126000 0.989 0.002 0.000 0.009
126500 0.989 0.002 0.000 0.009
127000 0.989 0.002 0.000 0.009
127500 0.989 0.002 0.000 0.009
128000 0.989 0.002 0.000 0.009
128500 0.989 0.002 0.000 0.009
129000 0.989 0.002 0.000 0.009
129500 0.989 0.002 0.000 0.009
130000 0.989 0.002 0.000 0.009
130500 0.989 0.002 0.000 0.009
131000 0.989 0.002 0.000 0.009
131500 0.989 0.002 0.000 0.009
132000 0.989 0.002 0.000 0.009
132500 0.989 0.002 0.000 0.009
133000 0.989 0.002 0.000 0.009
133500 0.989 0.002 0.000 0.009
134000 0.989 0.002 0.000 0.009
134500 0.989 0.002 0.000 0.009
135000 0.989 0.002 0.000 0.009
135500 0.989 0.002 0.000 0.009
136000 0.989 0.002 0.000 0.009
136500 0.989 0.002 0.000 0.009
137000 0.989 0.002 0.000 0.009
137500 0.989 0.002 0.000 0.009
138000 0.989 0.002 0.000 0.009
138500 0.989 0.002 0.000 0.009
139000 0.989 0.002 0.000 0.009
139500 0.989 0.002 0.000 0.009
140000 0.989 0.002 0.000 0.009
140500 0.989 0.002 0.000 0.009
141000 0.989 0.002 0.000 0.009
141500 0.989 0.002 0.000 0.009
142000 0.989 0.002 0.000 0.009
142500 0.989 0.002 0.000 0.009
143000 0.989 0.002 0.000 0.009
143500 0.989 0.002 0.000 0.009
144000 0.989 0.002 0.000 0.009
144500 0.989 0.002 0.000 0.009
145000 0.989 0.002 0.000 0.009
145500 0.989 0.002 0.000 0.009
146000 0.989 0.002 0.000 0.009
146500 0.989 0.002 0.000 0.009
147000 0.989 0.002 0.000 0.009
147500 0.989 0.002 0.000 0.009
148000 0.989 0.002 0.000 0.009
148500 0.989 0.002 0.000 0.009
149000 0.989 0.002 0.000 0.009
149500 0.989 0.002 0.000 0.009
150000 0.989 0.002 0.000 0.009
150500 0.989 0.002 0.000 0.009
151000 0.989 0.002 0.000 0.009
151500 0.989 0.002 0.000 0.009
152000 0.989 0.002 0.000 0.009
152500 0.989 0.002 0.000 0.009
153000 0.989 0.002 0.000 0.009
153500 0.989 0.002 0.000 0.009
154000 0.989 0.002 0.000 0.009
154500 0.989 0.002 0.000 0.009
155000 0.989 0.002 0.000 0.009
155500 0.989 0.002 0.000 0.009
156000 0.989 0.002 0.000 0.009
156500 0.989 0.002 0.000 0.009
157000 0.989 0.002 0.000 0.009
157500 0.989 0.002 0.000 0.009
158000 0.989 0.002 0.000 0.009
158500 0.989 0.002 0.000 0.009
159000 0.989 0.002 0.000 0.009
159500 0.989 0.002 0.000 0.009
160000 0.989 0.002 0.000 0.009
160500 0.989 0.002 0.000 0.009
161000 0.989 0.002 0.000 0.009
161500 0.989 0.002 0.000 0.009
162000 0.989 0.002 0.000 0.009
162500 0.989 0.002 0.000 0.009
163000 0.989 0.002 0.000 0.009
163500 0.989 0.002 0.000 0.009
164000 0.989 0.002 0.000 0.009
164500 0.989 0.002 0.000 0.009
165000 0.989 0.002 0.000 0.009
165500 0.989 0.002 0.000 0.009
166000 0.989 0.002 0.000 0.009
166500 0.989 0.002 0.000 0.009
167000 0.989 0.002 0.000 0.009
167500 0.989 0.002 0.000 0.009
168000 0.989 0.002 0.000 0.009
168500 0.989 0.002 0.000 0.009
169000 0.989 0.002 0.000 0.009
169500 0.989 0.002 0.000 0.009
170000 0.989 0.002 0.000 0.009
170500 0.989 0.002 0.000 0.009
171000 0.989 0.002 0.000 0.009
171500 0.989 0.002 0.000 0.009
172000 0.989 0.002 0.000 0.009
172500 0.989 0.002 0.000 0.009
173000 0.989 0.002 0.000 0.009
173500 0.989 0.002 0.000 0.009
174000 0.989 0.002 0.000 0.009
174500 0.989 0.002 0.000 0.009
175000 0.989 0.002 0.000 0.009
175500 0.989 0.002 0.000 0.009
176000 0.989 0.002 0.000 0.009
176500 0.989 0.002 0.000 0.009
177000 0.989 0.002 0.000 0.009
177500 0.989 0.002 0.000 0.009
178000 0.989 0.002 0.000 0.009
178500 0.989 0.002 0.000 0.009
179000 0.989 0.002 0.000 0.009
179500 0.989 0.002 0.000 0.009
180000 0.989 0.002 0.000 0.009
180500 0.989 0.002 0.000 0.009
181000 0.989 0.002 0.000 0.009
181500 0.989 0.002 0.000 0.009
182000 0.989 0.002 0.000 0.009
182500 0.989 0.002 0.000 0.009
183000 0.989 0.002 0.000 0.009
183500 0.989 0.002 0.000 0.009
184000 0.989 0.002 0.000 0.009
184500 0.989 0.002 0.000 0.009
185000 0.989 0.002 0.000 0.009
185500 0.989 0.002 0.000 0.009
186000 0.989 0.002 0.000 0.009
186500 0.989 0.002 0.000 0.009
187000 0.989 0.002 0.000 0.009
187500 0.989 0.002 0.000 0.009
188000 0.989 0.002 0.000 0.009
188500 0.989 0.002 0.000 0.009
189000 0.989 0.002 0.000 0.009
189500 0.989 0.002 0.000 0.009
190000 0.989 0.002 0.000 0.009
190500 0.989 0.002 0.000 0.009
191000 0.989 0.002 0.000 0.009
191500 0.989 0.002 0.000 0.009
192000 0.989 0.002 0.000 0.009
192500 0.989 0.002 0.000 0.009
193000 0.989 0.002 0.000 0.009
193500 0.989 0.002 0.000 0.009
194000 0.989 0.002 0.000 0.009
194500 0.989 0.002 0.000 0.009
195000 0.989 0.002 0.000 0.009
195500 0.989 0.002 0.000 0.009
196000 0.989 0.002 0.000 0.009
196500 0.989 0.002 0.000 0.009
197000 0.989 0.002 0.000 0.009
197500 0.989 0.002 0.000 0.009
198000 0.989 0.002 0.000 0.009
198500 0.989 0.002 0.000 0.009
199000 0.989 0.002 0.000 0.009
199500 0.989 0.002 0.000 0.009
200000 0.989 0.002 0.000 0.009
200500 0.989 0.002 0.000 0.009
201000 0.989 0.002 0.000 0.009
201500 0.989 0.002 0.000 0.009
202000 0.989 0.002 0.000 0.009
202500 0.989 0.002 0.000 0.009
203000 0.989 0.002 0.000 0.009
203500 0.989 0.002 0.000 0.009
204000 0.989 0.002 0.000 0.009
204500 0.989 0.002 0.000 0.009
205000 0.989 0.002 0.000 0.009
205500 0.989 0.002 0.000 0.009
206000 0.989 0.002 0.000 0.009
206500 0.989 0.002 0.000 0.009
207000 0.989 0.002 0.000 0.009
207500 0.989 0.002 0.000 0.009
208000 0.989 0.002 0.000 0.009
208500 0.989 0.002 0.000 0.009
209000 0.989 0.002 0.000 0.009
209500 0.989 0.002 0.000 0.009
210000 0.989 0.002 0.000 0.009
210500 0.989 0.002 0.000 0.009
211000 0.989 0.002 0.000 0.009
211500 0.989 0.002 0.000 0.009
212000 0.989 0.002 0.000 0.009
212500 0.989 0.002 0.000 0.009
213000 0.989 0.002 0.000 0.009
213500 0.989 0.002 0.000 0.009
214000 0.989 0.002 0.000 0.009
214500 0.989 0.002 0.000 0.009
215000 0.989 0.002 0.000 0.009
215500 0.989 0.002 0.000 0.009
216000 0.989 0.002 0.000 0.009
216500 0.989 0.002 0.000 0.009
217000 0.989 0.002 0.000 0.009
217500 0.989 0.002 0.000 0.009
218000 0.989 0.002 0.000 0.009
218500 0.989 0.002 0.000 0.009
219000 0.989 0.002 0.000 0.009
219500 0.989 0.002 0.000 0.009
220000 0.989 0.002 0.000 0.009
220500 0.989 0.002 0.000 0.009
221000 0.989 0.002 0.000 0.009
221500 0.989 0.002 0.000 0.009
222000 0.989 0.002 0.000 0.009
222500 0.989 0.002 0.000 0.009
223000 0.989 0.002 0.000 0.009
223500 0.989 0.002 0.000 0.009
224000 0.989 0.002 0.000 0.009
224500 0.989 0.002 0.000 0.009
225000 0.989 0.002 0.000 0.009
225500 0.989 0.002 0.000 0.009
226000 0.989 0.002 0.000 0.009
226500 0.989 0.002 0.000 0.009
227000 0.989 0.002 0.000 0.009
227500 0.989 0.002 0.000 0.009
228000 0.989 0.002 0.000 0.009
228500 0.989 0.002 0.000 0.009
229000 0.989 0.002 0.000 0.009
229500 0.989 0.002 0.000 0.009
230000 0.989 0.002 0.000 0.009
230500 0.989 0.002 0.000 0.009
231000 0.989 0.002 0.000 0.009
231500 0.989 0.002 0.000 0.009
232000 0.989 0.002 0.000 0.009
232500 0.989 0.002 0.000 0.009
233000 0.989 0.002 0.000 0.009
233500 0.989 0.002 0.000 0.009
234000 0.989 0.002 0.000 0.009
234500 0.989 0.002 0.000 0.009
235000 0.989 0.002 0.000 0.009
235500 0.989 0.002 0.000 0.009
236000 0.989 0.002 0.000 0.009
236500 0.989 0.002 0.000 0.009
237000 0.989 0.002 0.000 0.009
237500 0.989 0.002 0.000 0.009
238000 0.989 0.002 0.000 0.009
238500 0.989 0.002 0.000 0.009
239000 0.989 0.002 0.000 0.009
239500 0.989 0.002 0.000 0.009
240000 0.989 0.002 0.000 0.009
240500 0.989 0.002 0.000 0.009
241000 0.989 0.002 0.000 0.009
241500 0.989 0.002 0.000 0.009
242000 0.989 0.002 0.000 0.009
242500 0.989 0.002 0.000 0.009
243000 0.989 0.002 0.000 0.009
243500 0.989 0.002 0.000 0.009
244000 0.989 0.002 0.000 0.009
244500 0.989 0.002 0.000 0.009
245000 0.989 0.002 0.000 0.009
245500 0.989 0.002 0.000 0.009
246000 0.989 0.002 0.000 0.009
246500 0.989 0.002 0.000 0.009
247000 0.989 0.002 0.000 0.009
247500 0.989 0.002 0.000 0.009
248000 0.989 0.002 0.000 0.009
248500 0.989 0.002 0.000 0.009
249000 0.989 0.002 0.000 0.009
249500 0.989 0.002 0.000 0.009
250000 0.989 0.002 0.000 0.009
250500 0.989 0.002 0.000 0.009
251000 0.989 0.002 0.000 0.009
251500 0.989 0.002 0.000 0.009
252000 0.989 0.002 0.000 0.009
252500 0.989 0.002 0.000 0.009
253000 0.989 0.002 0.000 0.009
253500 0.989 0.002 0.000 0.009
254000 0.989 0.002 0.000 0.009
254500 0.989 0.002 0.000 0.009
255000 0.989 0.002 0.000 0.009
255500 0.989 0.002 0.000 0.009
256000 0.989 0.002 0.000 0.009
256500 0.989 0.002 0.000 0.009
257000 0.989 0.002 0.000 0.009
257500 0.989 0.002 0.000 0.009
258000 0.989 0.002 0.000 0.009
258500 0.989 0.002 0.000 0.009
259000 0.989 0.002 0.000 0.009
259500 0.989 0.002 0.000 0.009
260000 0.989 0.002 0.000 0.009
260500 0.989 0.002 0.000 0.009
261000 0.989 0.002 0.000 0.009
261500 0.989 0.002 0.000 0.009
262000 0.989 0.002 0.000 0.009
262500 0.989 0.002 0.000 0.009
263000 0.989 0.002 0.000 0.009
263500 0.989 0.002 0.000 0.009
264000 0.989 0.002 0.000 0.009
264500 0.989 0.002 0.000 0.009
265000 0.989 0.002 0.000 0.009
265500 0.989 0.002 0.000 0.009
266000 0.989 0.002 0.000 0.009
266500 0.989 0.002 0.000 0.009
267000 0.989 0.002 0.000 0.009
267500 0.989 0.002 0.000 0.009
268000 0.989 0.002 0.000 0.009
268500 0.989 0.002 0.000 0.009
269000 0.989 0.002 0.000 0.009
269500 0.989 0.002 0.000 0.009
270000 0.989 0.002 0.000 0.009
270500 0.989 0.002 0.000 0.009
271000 0.989 0.002 0.000 0.009
271500 0.989 0.002 0.000 0.009
272000 0.989 0.002 0.000 0.009
272500 0.989 0.002 0.000 0.009
273000 0.989 0.002 0.000 0.009
273500 0.989 0.002 0.000 0.009
274000 0.989 0.002 0.000 0.009
274500 0.989 0.002 0.000 0.009
275000 0.989 0.002 0.000 0.009
275500 0.989 0.002 0.000 0.009
276000 0.989 0.002 0.000 0.009
276500 0.989 0.002 0.000 0.009
277000 0.989 0.002 0.000 0.009
277500 0.989 0.002 0.000 0.009
278000 0.989 0.002 0.000 0.009
278500 0.989 0.002 0.000 0.009
279000 0.989 0.002 0.000 0.009
279500 0.989 0.002 0.000 0.009
280000 0.989 0.002 0.000 0.009
280500 0.989 0.002 0.000 0.009
281000 0.989 0.002 0.000 0.009
281500 0.989 0.002 0.000 0.009
282000 0.989 0.002 0.000 0.009
282500 0.989 0.002 0.000 0.009
283000 0.989 0.002 0.000 0.009
283500 0.989 0.002 0.000 0.009
284000 0.989 0.002 0.000 0.009
284500 0.989 0.002 0.000 0.009
285000 0.989 0.002 0.000 0.009
285500 0.989 0.002 0.000 0.009
286000 0.989 0.002 0.000 0.009
286500 0.989 0.002 0.000 0.009
287000 0.989 0.002 0.000 0.009
287500 0.989 0.002 0.000 0.009
288000 0.989 0.002 0.000 0.009
288500 0.989 0.002 0.000 0.009
289000 0.989 0.002 0.000 0.009
289500 0.989 0.002 0.000 0.009
290000 0.989 0.002 0.000 0.009
290500 0.989 0.002 0.000 0.009
291000 0.989 0.002 0.000 0.009
291500 0.989 0.002 0.000 0.009
292000 0.989 0.002 0.000 0.009
292500 0.989 0.002 0.000 0.009
293000 0.989 0.002 0.000 0.009
293500 0.989 0.002 0.000 0.009
294000 0.989 0.002 0.000 0.009
294500 0.989 0.002 0.000 0.009
295000 0.989 0.002 0.000 0.009
295500 0.989 0.002 0.000 0.009
296000 0.989 0.002 0.000 0.009
296500 0.989 0.002 0.000 0.009
297000 0.989 0.002 0.000 0.009
297500 0.989 0.002 0.000 0.009
298000 0.989 0.002 0.000 0.009
298500 0.989 0.002 0.000 0.009
299000 0.989 0.002 0.000 0.009
299500 0.989 0.002 0.000 0.009
300000 0.989 0.002 0.000 0.009
300500 0.989 0.002 0.000 0.009
301000 0.989 0.002 0.000 0.009
301500 0.989 0.002 0.000 0.009
302000 0.989 0.002 0.000 0.009
302500 0.989 0.002 0.000 0.009
303000 0.989 0.002 0.000 0.009
303500 0.989 0.002 0.000 0.009
304000 0.989 0.002 0.000 0.009
304500 0.989 0.002 0.000 0.009
305000 0.989 0.002 0.000 0.009
305500 0.989 0.002 0.000 0.009
306000 0.989 0.002 0.000 0.009
306500 0.989 0.002 0.000 0.009
307000 0.989 0.002 0.000 0.009
307500 0.989 0.002 0.000 0.009
308000 0.989 0.002 0.000 0.009
308500 0.989 0.002 0.000 0.009
309000 0.989 0.002 0.000 0.009
309500 0.989 0.002 0.000 0.009
310000 0.989 0.002 0.000 0.009
310500 0.989 0.002 0.000 0.009
311000 0.989 0.002 0.000 0.009
311500 0.989 0.002 0.000 0.009
312000 0.989 0.002 0.000 0.009
312500 0.989 0.002 0.000 0.009
313000 0.989 0.002 0.000 0.009
313500 0.989 0.002 0.000 0.009
314000 0.989 0.002 0.000 0.009
314500 0.989 0.002 0.000 0.009
315000 0.989 0.002 0.000 0.009
315500 0.989 0.002 0.000 0.009
316000 0.989 0.002 0.000 0.009
316500 0.989 0.002 0.000 0.009
317000 0.989 0.002 0.000 0.009
317500 0.989 0.002 0.000 0.009
318000 0.989 0.002 0.000 0.009
318500 0.989 0.002 0.000 0.009
319000 0.989 0.002 0.000 0.009
319500 0.989 0.002 0.000 0.009
320000 0.989 0.002 0.000 0.009
320500 0.989 0.002 0.000 0.009
321000 0.989 0.002 0.000 0.009
321500 0.989 0.002 0.000 0.009
322000 0.989 0.002 0.000 0.009
322500 0.989 0.002 0.000 0.009
323000 0.989 0.002 0.000 0.009
323500 0.989 0.002 0.000 0.009
324000 0.989 0.002 0.000 0.009
324500 0.989 0.002 0.000 0.009
325000 0.989 0.002 0.000 0.009
325500 0.989 0.002 0.000 0.009
326000 0.989 0.002 0.000 0.009
326500 0.989 0.002 0.000 0.009
327000 0.989 0.002 0.000 0.009
327500 0.989 0.002 0.000 0.009
328000 0.989 0.002 0.000 0.009
328500 0.989 0.002 0.000 0.009
329000 0.989 0.002 0.000 0.009
329500 0.989 0.002 0.000 0.009
330000 0.989 0.002 0.000 0.009
330500 0.989 0.002 0.000 0.009
331000 0.989 0.002 0.000 0.009
331500 0.989 0.002 0.000 0.009
332000 0.989 0.002 0.000 0.009
332500 0.989 0.002 0.000 0.009
333000 0.989 0.002 0.000 0.009
333500 0.989 0.002 0.000 0.009
334000 0.989 0.002 0.000 0.009
334500 0.989 0.002 0.000 0.009
335000 0.989 0.002 0.000 0.009
335500 0.989 0.002 0.000 0.009
336000 0.989 0.002 0.000 0.009
336500 0.989 0.002 0.000 0.009
337000 0.989 0.002 0.000 0.009
337500 0.989 0.002 0.000 0.009
338000 0.989 0.002 0.000 0.009
338500 0.989 0.002 0.000 0.009
339000 0.989 0.002 0.000 0.009
339500 0.989 0.002 0.000 0.009
340000 0.989 0.002 0.000 0.009
340500 0.989 0.002 0.000 0.009
341000 0.989 0.002 0.000 0.009
341500 0.989 0.002 0.000 0.009
342000 0.989 0.002 0.000 0.009
342500 0.989 0.002 0.000 0.009
343000 0.989 0.002 0.000 0.009
343500 0.989 0.002 0.000 0.009
344000 0.989 0.002 0.000 0.009
344500 0.989 0.002 0.000 0.009
345000 0.989 0.002 0.000 0.009
345500 0.989 0.002 0.000 0.009
346000 0.989 0.002 0.000 0.009
346500 0.989 0.002 0.000 0.009
347000 0.989 0.002 0.000 0.009
347500 0.989 0.002 0.000 0.009
348000 0.989 0.002 0.000 0.009
348500 0.989 0.002 0.000 0.009
349000 0.989 0.002 0.000 0.009
349500 0.989 0.002 0.000 0.009
350000 0.989 0.002 0.000 0.009
350500 0.989 0.002 0.000 0.009
351000 0.989 0.002 0.000 0.009
351500 0.989 0.002 0.000 0.009
352000 0.989 0.002 0.000 0.009
352500 0.989 0.002 0.000 0.009
353000 0.989 0.002 0.000 0.009
353500 0.989 0.002 0.000 0.009
354000 0.989 0.002 0.000 0.009
354500 0.989 0.002 0.000 0.009
355000 0.989 0.002 0.000 0.009
355500 0.989 0.002 0.000 0.009
356000 0.989 0.002 0.000 0.009
356500 0.989 0.002 0.000 0.009
357000 0.989 0.002 0.000 0.009
357500 0.989 0.002 0.000 0.009
358000 0.989 0.002 0.000 0.009
358500 0.989 0.002 0.000 0.009
359000 0.989 0.002 0.000 0.009
359500 0.989 0.002 0.000 0.009
360000 0.989 0.002 0.000 0.009
360500 0.989 0.002 0.000 0.009
361000 0.989 0.002 0.000 0.009
361500 0.989 0.002 0.000 0.009
362000 0.989 0.002 0.000 0.009
362500 0.989 0.002 0.000 0.009
363000 0.989 0.002 0.000 0.009
363500 0.989 0.002 0.000 0.009
364000 0.989 0.002 0.000 0.009
364500 0.989 0.002 0.000 0.009
365000 0.989 0.002 0.000 0.009
365500 0.989 0.002 0.000 0.009
366000 0.989 0.002 0.000 0.009
366500 0.989 0.002 0.000 0.009
367000 0.989 0.002 0.000 0.009
367500 0.989 0.002 0.000 0.009
368000 0.989 0.002 0.000 0.009
368500 0.989 0.002 0.000 0.009
369000 0.989 0.002 0.000 0.009
369500 0.989 0.002 0.000 0.009
370000 0.989 0.002 0.000 0.009
370500 0.989 0.002 0.000 0.009
371000 0.989 0.002 0.000 0.009
371500 0.989 0.002 0.000 0.009
372000 0.989 0.002 0.000 0.009
372500 0.989 0.002 0.000 0.009
373000 0.989 0.002 0.000 0.009
373500 0.989 0.002 0.000 0.009
374000 0.989 0.002 0.000 0.009
374500 0.989 0.002 0.000 0.009
375000 0.989 0.002 0.000 0.009
375500 0.989 0.002 0.000 0.009
376000 0.989 0.002 0.000 0.009
376500 0.989 0.002 0.000 0.009
377000 0.989 0.002 0.000 0.009
377500 0.989 0.002 0.000 0.009
378000 0.989 0.002 0.000 0.009
378500 0.989 0.002 0.000 0.009
379000 0.989 0.002 0.000 0.009
379500 0.989 0.002 0.000 0.009
380000 0.989 0.002 0.000 0.009
380500 0.989 0.002 0.000 0.009
381000 0.989 0.002 0.000 0.009
381500 0.989 0.002 0.000 0.009
382000 0.989 0.002 0.000 0.009
382500 0.989 0.002 0.000 0.009
383000 0.989 0.002 0.000 0.009
383500 0.989 0.002 0.000 0.009
384000 0.989 0.002 0.000 0.009
384500 0.989 0.002 0.000 0.009
385000 0.989 0.002 0.000 0.009
385500 0.989 0.002 0.000 0.009
386000 0.989 0.002 0.000 0.009
386500 0.989 0.002 0.000 0.009
387000 0.989 0.002 0.000 0.009
387500 0.989 0.002 0.000 0.009
388000 0.989 0.002 0.000 0.009
388500 0.989 0.002 0.000 0.009
389000 0.989 0.002 0.000 0.009
389500 0.989 0.002 0.000 0.009
390000 0.989 0.002 0.000 0.009
390500 0.989 0.002 0.000 0.009
391000 0.989 0.002 0.000 0.009
391500 0.989 0.002 0.000 0.009
392000 0.989 0.002 0.000 0.009
392500 0.989 0.002 0.000 0.009
393000 0.989 0.002 0.000 0.009
393500 0.989 0.002 0.000 0.009
394000 0.989 0.002 0.000 0.009
394500 0.989 0.002 0.000 0.009
395000 0.989 0.002 0.000 0.009
395500 0.989 0.002 0.000 0.009
396000 0.989 0.002 0.000 0.009
396500 0.989 0.002 0.000 0.009
397000 0.989 0.002 0.000 0.009
397500 0.989 0.002 0.000 0.009
398000 0.989 0.002 0.000 0.009
398500 0.989 0.002 0.000 0.009
399000 0.989 0.002 0.000 0.009
399500 0.989 0.002 0.000 0.009
400000 0.989 0.002 0.000 0.009
400500 0.989 0.002 0.000 0.009
401000 0.989 0.002 0.000 0.009
401500 0.989 0.002 0.000 0.009
402000 0.989 0.002 0.000 0.009
402500 0.989 0.002 0.000 0.009
403000 0.989 0.002 0.000 0.009
403500 0.989 0.002 0.000 0.009
404000 0.989 0.002 0.000 0.009
404500 0.989 0.002 0.000 0.009
405000 0.989 0.002 0.000 0.009
405500 0.989 0.002 0.000 0.009
406000 0.989 0.002 0.000 0.009
406500 0.989 0.002 0.000 0.009
407000 0.989 0.002 0.000 0.009
407500 0.989 0.002 0.000 0.009
408000 0.989 0.002 0.000 0.009
408500 0.989 0.002 0.000 0.009
409000 0.989 0.002 0.000 0.009
409500 0.989 0.002 0.000 0.009
410000 0.989 0.002 0.000 0.009
410500 0.989 0.002 0.000 0.009
411000 0.989 0.002 0.000 0.009
411500 0.989 0.002 0.000 0.009
412000 0.989 0.002 0.000 0.009
412500 0.989 0.002 0.000 0.009
413000 0.989 0.002 0.000 0.009
413500 0.989 0.002 0.000 0.009
414000 0.989 0.002 0.000 0.009
414500 0.989 0.002 0.000 0.009
415000 0.989 0.002 0.000 0.009
415500 0.989 0.002 0.000 0.009
416000 0.989 0.002 0.000 0.009
416500 0.989 0.002 0.000 0.009
417000 0.989 0.002 0.000 0.009
417500 0.989 0.002 0.000 0.009
418000 0.989 0.002 0.000 0.009
418500 0.989 0.002 0.000 0.009
419000 0.989 0.002 0.000 0.009
419500 0.989 0.002 0.000 0.009
420000 0.989 0.002 0.000 0.009
420500 0.989 0.002 0.000 0.009
421000 0.989 0.002 0.000 0.009
421500 0.989 0.002 0.000 0.009
422000 0.989 0.002 0.000 0.009
422500 0.989 0.002 0.000 0.009
423000 0.989 0.002 0.000 0.009
423500 0.989 0.002 0.000 0.009
424000 0.989 0.002 0.000 0.009
424500 0.989 0.002 0.000 0.009
425000 0.989 0.002 0.000 0.009
425500 0.989 0.002 0.000 0.009
426000 0.989 0.002 0.000 0.009
426500 0.989 0.002 0.000 0.009
427000 0.989 0.002 0.000 0.009
427500 0.989 0.002 0.000 0.009
428000 0.989 0.002 0.000 0.009
428500 0.989 0.002 0.000 0.009
429000 0.989 0.002 0.000 0.009
429500 0.989 0.002 0.000 0.009
430000 0.989 0.002 0.000 0.009
430500 0.989 0.002 0.000 0.009
431000 0.989 0.002 0.000 0.009
431500 0.989 0.002 0.000 0.009
432000 0.989 0.002 0.000 0.009
432500 0.989 0.002 0.000 0.009
433000 0.989 0.002 0.000 0.009
433500 0.989 0.002 0.000 0.009
434000 0.989 0.002 0.000 0.009
434500 0.989 0.002 0.000 0.009
435000 0.989 0.002 0.000 0.009
435500 0.989 0.002 0.000 0.009
436000 0.989 0.002 0.000 0.009
436500 0.989 0.002 0.000 0.009
437000 0.989 0.002 0.000 0.009
437500 0.989 0.002 0.000 0.009
438000 0.989 0.002 0.000 0.009
438500 0.989 0.002 0.000 0.009
439000 0.989 0.002 0.000 0.009
439500 0.989 0.002 0.000 0.009
440000 0.989 0.002 0.000 0.009
440500 0.989 0.002 0.000 0.009
441000 0.989 0.002 0.000 0.009
441500 0.989 0.002 0.000 0.009
442000 0.989 0.002 0.000 0.009
442500 0.989 0.002 0.000 0.009
443000 0.989 0.002 0.000 0.009
443500 0.989 0.002 0.000 0.009
444000 0.989 0.002 0.000 0.009
444500 0.989 0.002 0.000 0.009
445000 0.989 0.002 0.000 0.009
445500 0.989 0.002 0.000 0.009
446000 0.989 0.002 0.000 0.009
446500 0.989 0.002 0.000 0.009
447000 0.989 0.002 0.000 0.009
447500 0.989 0.002 0.000 0.009
448000 0.989 0.002 0.000 0.009
448500 0.989 0.002 0.000 0.009
449000 0.989 0.002 0.000 0.009
449500 0.989 0.002 0.000 0.009
450000 0.989 0.002 0.000 0.009
450500 0.989 0.002 0.000 0.009
451000 0.989 0.002 0.000 0.009
451500 0.989 0.002 0.000 0.009
452000 0.989 0.002 0.000 0.009
452500 0.989 0.002 0.000 0.009
453000 0.989 0.002 0.000 0.009
453500 0.989 0.002 0.000 0.009
454000 0.989 0.002 0.000 0.009
454500 0.989 0.002 0.000 0.009
455000 0.989 0.002 0.000 0.009
455500 0.989 0.002 0.000 0.009
456000 0.989 0.002 0.000 0.009
456500 0.989 0.002 0.000 0.009
457000 0.989 0.002 0.000 0.009
457500 0.989 0.002 0.000 0.009
458000 0.989 0.002 0.000 0.009
458500 0.989 0.002 0.000 0.009
459000 0.989 0.002 0.000 0.009
459500 0.989 0.002 0.000 0.009
460000 0.989 0.002 0.000 0.009
460500 0.989 0.002 0.000 0.009
461000 0.989 0.002 0.000 0.009
461500 0.989 0.002 0.000 0.009
462000 0.989 0.002 0.000 0.009
462500 0.989 0.002 0.000 0.009
463000 0.989 0.002 0.000 0.009
463500 0.989 0.002 0.000 0.009
464000 0.989 0.002 0.000 0.009
464500 0.989 0.002 0.000 0.009
465000 0.989 0.002 0.000 0.009
465500 0.989 0.002 0.000 0.009
466000 0.989 0.002 0.000 0.009
466500 0.989 0.002 0.000 0.009
467000 0.989 0.002 0.000 0.009
467500 0.989 0.002 0.000 0.009
468000 0.989 0.002 0.000 0.009
468500 0.989 0.002 0.000 0.009
469000 0.989 0.002 0.000 0.009
469500 0.989 0.002 0.000 0.009
470000 0.989 0.002 0.000 0.009
470500 0.989 0.002 0.000 0.009
471000 0.989 0.002 0.000 0.009
471500 0.989 0.002 0.000 0.009
472000 0.989 0.002 0.000 0.009
472500 0.989 0.002 0.000 0.009
473000 0.989 0.002 0.000 0.009
473500 0.989 0.002 0.000 0.009
474000 0.989 0.002 0.000 0.009
474500 0.989 0.002 0.000 0.009
475000 0.989 0.002 0.000 0.009
475500 0.989 0.002 0.000 0.009
476000 0.989 0.002 0.000 0.009
476500 0.989 0.002 0.000 0.009
477000 0.989 0.002 0.000 0.009
477500 0.989 0.002 0.000 0.009
478000 0.989 0.002 0.000 0.009
478500 0.989 0.002 0.000 0.009
479000 0.989 0.002 0.000 0.009
479500 0.989 0.002 0.000 0.009
480000 0.989 0.002 0.000 0.009
480500 0.989 0.002 0.000 0.009
481000 0.989 0.002 0.000 0.009
481500 0.989 0.002 0.000 0.009
482000 0.989 0.002 0.000 0.009
482500 0.989 0.002 0.000 0.009
483000 0.989 0.002 0.000 0.009
483500 0.989 0.002 0.000 0.009
484000 0.989 0.002 0.000 0.009
484500 0.989 0.002 0.000 0.009
485000 0.989 0.002 0.000 0.009
485500 0.989 0.002 0.000 0.009
486000 0.989 0.002 0.000 0.009
486500 0.989 0.002 0.000 0.009
487000 0.989 0.002 0.000 0.009
487500 0.989 0.002 0.000 0.009
488000 0.989 0.002 0.000 0.009
488500 0.989 0.002 0.000 0.009
489000 0.989 0.002 0.000 0.009
489500 0.989 0.002 0.000 0.009
490000 0.989 0.002 0.000 0.009
490500 0.989 0.002 0.000 0.009
491000 0.989 0.002 0.000 0.009
491500 0.989 0.002 0.000 0.009
492000 0.989 0.002 0.000 0.009
492500 0.989 0.002 0.000 0.009
493000 0.989 0.002 0.000 0.009
493500 0.989 0.002 0.000 0.009
494000 0.989 0.002 0.000 0.009
494500 0.989 0.002 0.000 0.009
495000 0.989 0.002 0.000 0.009
495500 0.989 0.002 0.000 0.009
496000 0.989 0.002 0.000 0.009
496500 0.989 0.002 0.000 0.009
497000 0.989 0.002 0.000 0.009
497500 0.989 0.002 0.000 0.009
498000 0.989 0.002 0.000 0.009
498500 0.989 0.002 0.000 0.009
499000 0.989 0.002 0.000 0.009
499500 0.989 0.002 0.000 0.009
500000 0.989 0.002 0.000 0.009
