000000 0.250 0.250 0.250 0.250
000500 0.019 0.674 0.000 0.307
001000 0.019 0.680 0.000 0.301
001500 0.019 0.685 0.000 0.297
002000 0.019 0.688 0.000 0.294
002500 0.019 0.692 0.000 0.290
003000 0.019 0.695 0.000 0.287
003500 0.019 0.699 0.000 0.283
004000 0.019 0.700 0.000 0.281
004500 0.019 0.704 0.000 0.278
005000 0.019 0.707 0.000 0.274
005500 0.019 0.713 0.000 0.268
006000 0.019 0.715 0.000 0.266
006500 0.019 0.718 0.000 0.264
007000 0.019 0.722 0.000 0.260
007500 0.019 0.726 0.000 0.256
008000 0.019 0.729 0.000 0.253
008500 0.019 0.731 0.000 0.250
009000 0.019 0.734 0.000 0.247
009500 0.019 0.736 0.000 0.246
010000 0.019 0.738 0.000 0.243
010500 0.019 0.741 0.000 0.240
011000 0.019 0.743 0.000 0.239
011500 0.019 0.745 0.000 0.237
012000 0.019 0.745 0.000 0.236
012500 0.019 0.748 0.000 0.233
013000 0.019 0.750 0.000 0.231
013500 0.019 0.752 0.000 0.229
014000 0.019 0.754 0.000 0.228
014500 0.019 0.756 0.000 0.225
015000 0.019 0.757 0.000 0.224
015500 0.019 0.759 0.000 0.223
016000 0.019 0.762 0.000 0.219
016500 0.019 0.765 0.000 0.217
017000 0.019 0.766 0.000 0.216
017500 0.019 0.766 0.000 0.215
018000 0.019 0.769 0.000 0.213
018500 0.019 0.771 0.000 0.210
019000 0.019 0.774 0.000 0.207
019500 0.019 0.775 0.000 0.206
020000 0.019 0.777 0.000 0.205
020500 0.019 0.779 0.000 0.203
021000 0.019 0.779 0.000 0.203
021500 0.019 0.779 0.000 0.202
022000 0.019 0.779 0.000 0.202
022500 0.019 0.779 0.000 0.202
023000 0.019 0.779 0.000 0.202
023500 0.019 0.779 0.000 0.202
024000 0.019 0.779 0.000 0.202
024500 0.019 0.779 0.000 0.202
025000 0.019 0.779 0.000 0.202
025500 0.019 0.779 0.000 0.202
026000 0.019 0.779 0.000 0.202
026500 0.019 0.779 0.000 0.202
027000 0.019 0.779 0.000 0.202
027500 0.019 0.779 0.000 0.202
028000 0.019 0.779 0.000 0.202
028500 0.019 0.779 0.000 0.202
029000 0.019 0.779 0.000 0.202
029500 0.019 0.779 0.000 0.202
030000 0.019 0.779 0.000 0.202
030500 0.019 0.779 0.000 0.202
031000 0.019 0.779 0.000 0.202
031500 0.019 0.779 0.000 0.202
032000 0.019 0.779 0.000 0.202
032500 0.019 0.779 0.000 0.202
033000 0.019 0.779 0.000 0.202
033500 0.019 0.779 0.000 0.202
034000 0.019 0.779 0.000 0.202
034500 0.019 0.779 0.000 0.202
035000 0.019 0.779 0.000 0.202
035500 0.019 0.779 0.000 0.202
036000 0.019 0.779 0.000 0.202
036500 0.019 0.779 0.000 0.202
037000 0.019 0.779 0.000 0.202
037500 0.019 0.779 0.000 0.202
038000 0.019 0.779 0.000 0.202
038500 0.019 0.779 0.000 0.202
039000 0.019 0.779 0.000 0.202
039500 0.019 0.779 0.000 0.202
040000 0.019 0.779 0.000 0.202
040500 0.019 0.779 0.000 0.202
041000 0.019 0.779 0.000 0.202
041500 0.019 0.779 0.000 0.202
042000 0.019 0.779 0.000 0.202
042500 0.019 0.779 0.000 0.202
043000 0.019 0.779 0.000 0.202
043500 0.019 0.779 0.000 0.202
044000 0.019 0.779 0.000 0.202
044500 0.019 0.779 0.000 0.202
045000 0.019 0.779 0.000 0.202
045500 0.019 0.779 0.000 0.202
046000 0.019 0.779 0.000 0.202
046500 0.019 0.779 0.000 0.202
047000 0.019 0.779 0.000 0.202
047500 0.019 0.779 0.000 0.202
048000 0.019 0.779 0.000 0.202
048500 0.019 0.779 0.000 0.202
049000 0.019 0.779 0.000 0.202
049500 0.019 0.779 0.000 0.202
050000 0.019 0.779 0.000 0.202
050500 0.019 0.779 0.000 0.202
051000 0.019 0.779 0.000 0.202
051500 0.019 0.779 0.000 0.202
052000 0.019 0.779 0.000 0.202
052500 0.019 0.779 0.000 0.202
053000 0.019 0.779 0.000 0.202
053500 0.019 0.779 0.000 0.202
054000 0.019 0.779 0.000 0.202
054500 0.019 0.779 0.000 0.202
055000 0.019 0.779 0.000 0.202
055500 0.019 0.779 0.000 0.202
056000 0.019 0.779 0.000 0.202
056500 0.019 0.779 0.000 0.202
057000 0.019 0.779 0.000 0.202
057500 0.019 0.779 0.000 0.202
058000 0.019 0.779 0.000 0.202
058500 0.019 0.779 0.000 0.202
059000 0.019 0.779 0.000 0.202
059500 0.019 0.779 0.000 0.202
060000 0.019 0.779 0.000 0.202
060500 0.019 0.779 0.000 0.202
061000 0.019 0.779 0.000 0.202
061500 0.019 0.779 0.000 0.202
062000 0.019 0.779 0.000 0.202
062500 0.019 0.779 0.000 0.202
063000 0.019 0.779 0.000 0.202
063500 0.019 0.779 0.000 0.202
064000 0.019 0.779 0.000 0.202
064500 0.019 0.779 0.000 0.202
065000 0.019 0.779 0.000 0.202
065500 0.019 0.779 0.000 0.202
066000 0.019 0.779 0.000 0.202
066500 0.019 0.779 0.000 0.202
067000 0.019 0.779 0.000 0.202
067500 0.019 0.779 0.000 0.202
068000 0.019 0.779 0.000 0.202
068500 0.019 0.779 0.000 0.202
069000 0.019 0.779 0.000 0.202
069500 0.019 0.779 0.000 0.202
070000 0.019 0.779 0.000 0.202
070500 0.019 0.779 0.000 0.202
071000 0.019 0.779 0.000 0.202
071500 0.019 0.779 0.000 0.202
072000 0.019 0.779 0.000 0.202
072500 0.019 0.779 0.000 0.202
073000 0.019 0.779 0.000 0.202
073500 0.019 0.779 0.000 0.202
074000 0.019 0.779 0.000 0.202
074500 0.019 0.779 0.000 0.202
075000 0.019 0.779 0.000 0.202
075500 0.019 0.779 0.000 0.202
076000 0.019 0.779 0.000 0.202
076500 0.019 0.779 0.000 0.202
077000 0.019 0.779 0.000 0.202
077500 0.019 0.779 0.000 0.202
078000 0.019 0.779 0.000 0.202
078500 0.019 0.779 0.000 0.202
079000 0.019 0.779 0.000 0.202
079500 0.019 0.779 0.000 0.202
080000 0.019 0.779 0.000 0.202
080500 0.019 0.779 0.000 0.202
081000 0.019 0.779 0.000 0.202
081500 0.019 0.779 0.000 0.202
082000 0.019 0.779 0.000 0.202
082500 0.019 0.779 0.000 0.202
083000 0.019 0.779 0.000 0.202
083500 0.019 0.779 0.000 0.202
084000 0.019 0.779 0.000 0.202
084500 0.019 0.779 0.000 0.202
085000 0.019 0.779 0.000 0.202
085500 0.019 0.779 0.000 0.202
086000 0.019 0.779 0.000 0.202
086500 0.019 0.779 0.000 0.202
087000 0.019 0.779 0.000 0.202
087500 0.019 0.779 0.000 0.202
088000 0.019 0.779 0.000 0.202
088500 0.019 0.779 0.000 0.202
089000 0.019 0.779 0.000 0.202
089500 0.019 0.779 0.000 0.202
090000 0.019 0.779 0.000 0.202
090500 0.019 0.779 0.000 0.202
091000 0.019 0.779 0.000 0.202
091500 0.019 0.779 0.000 0.202
092000 0.019 0.779 0.000 0.202
092500 0.019 0.779 0.000 0.202
093000 0.019 0.779 0.000 0.202
093500 0.019 0.779 0.000 0.202
094000 0.019 0.779 0.000 0.202
094500 0.019 0.779 0.000 0.202
095000 0.019 0.779 0.000 0.202
095500 0.019 0.779 0.000 0.202
096000 0.019 0.779 0.000 0.202
096500 0.019 0.779 0.000 0.202
097000 0.019 0.779 0.000 0.202
097500 0.019 0.779 0.000 0.202
098000 0.019 0.779 0.000 0.202
098500 0.019 0.779 0.000 0.202
099000 0.019 0.779 0.000 0.202
099500 0.019 0.779 0.000 0.202
100000 0.019 0.779 0.000 0.202
100500 0.019 0.779 0.000 0.202
101000 0.019 0.779 0.000 0.202
101500 0.019 0.779 0.000 0.202
102000 0.019 0.779 0.000 0.202
102500 0.019 0.779 0.000 0.202
103000 0.019 0.779 0.000 0.202
103500 0.019 0.779 0.000 0.202
104000 0.019 0.779 0.000 0.202
104500 0.019 0.779 0.000 0.202
105000 0.019 0.779 0.000 0.202
105500 0.019 0.779 0.000 0.202
106000 0.019 0.779 0.000 0.202
106500 0.019 0.779 0.000 0.202
107000 0.019 0.779 0.000 0.202
107500 0.019 0.779 0.000 0.202
108000 0.019 0.779 0.000 0.202
108500 0.019 0.779 0.000 0.202
109000 0.019 0.779 0.000 0.202
109500 0.019 0.779 0.000 0.202
110000 0.019 0.779 0.000 0.202
110500 0.019 0.779 0.000 0.202
111000 0.019 0.779 0.000 0.202
111500 0.019 0.779 0.000 0.202
112000 0.019 0.779 0.000 0.202
112500 0.019 0.779 0.000 0.202
113000 0.019 0.779 0.000 0.202
113500 0.019 0.779 0.000 0.202
114000 0.019 0.779 0.000 0.202
114500 0.019 0.779 0.000 0.202
115000 0.019 0.779 0.000 0.202
115500 0.019 0.779 0.000 0.202
116000 0.019 0.779 0.000 0.202
116500 0.019 0.779 0.000 0.202
117000 0.019 0.779 0.000 0.202
117500 0.019 0.779 0.000 0.202
118000 0.019 0.779 0.000 0.202
118500 0.019 0.779 0.000 0.202
119000 0.019 0.779 0.000 0.202
119500 0.019 0.779 0.000 0.202
120000 0.019 0.779 0.000 0.202
120500 0.019 0.779 0.000 0.202
121000 0.019 0.779 0.000 0.202
121500 0.019 0.779 0.000 0.202
122000 0.019 0.779 0.000 0.202
122500 0.019 0.779 0.000 0.202
123000 0.019 0.779 0.000 0.202
123500 0.019 0.779 0.000 0.202
124000 0.019 0.779 0.000 0.202
124500 0.019 0.779 0.000 0.202
125000 0.019 0.779 0.000 0.202
125500 0.019 0.779 0.000 0.202
126000 0.019 0.779 0.000 0.202
126500 0.019 0.779 0.000 0.202
127000 0.019 0.779 0.000 0.202
127500 0.019 0.779 0.000 0.202
128000 0.019 0.779 0.000 0.202
128500 0.019 0.779 0.000 0.202
129000 0.019 0.779 0.000 0.202
129500 0.019 0.779 0.000 0.202
130000 0.019 0.779 0.000 0.202
130500 0.019 0.779 0.000 0.202
131000 0.019 0.779 0.000 0.202
131500 0.019 0.779 0.000 0.202
132000 0.019 0.779 0.000 0.202
132500 0.019 0.779 0.000 0.202
133000 0.019 0.779 0.000 0.202
133500 0.019 0.779 0.000 0.202
134000 0.019 0.779 0.000 0.202
134500 0.019 0.779 0.000 0.202
135000 0.019 0.779 0.000 0.202
135500 0.019 0.779 0.000 0.202
136000 0.019 0.779 0.000 0.202
136500 0.019 0.779 0.000 0.202
137000 0.019 0.779 0.000 0.202
137500 0.019 0.779 0.000 0.202
138000 0.019 0.779 0.000 0.202
138500 0.019 0.779 0.000 0.202
139000 0.019 0.779 0.000 0.202
139500 0.019 0.779 0.000 0.202
140000 0.019 0.779 0.000 0.202
140500 0.019 0.779 0.000 0.202
141000 0.019 0.779 0.000 0.202
141500 0.019 0.779 0.000 0.202
142000 0.019 0.779 0.000 0.202
142500 0.019 0.779 0.000 0.202
143000 0.019 0.779 0.000 0.202
143500 0.019 0.779 0.000 0.202
144000 0.019 0.779 0.000 0.202
144500 0.019 0.779 0.000 0.202
145000 0.019 0.779 0.000 0.202
145500 0.019 0.779 0.000 0.202
146000 0.019 0.779 0.000 0.202
146500 0.019 0.779 0.000 0.202
147000 0.019 0.779 0.000 0.202
147500 0.019 0.779 0.000 0.202
148000 0.019 0.779 0.000 0.202
148500 0.019 0.779 0.000 0.202
149000 0.019 0.779 0.000 0.202
149500 0.019 0.779 0.000 0.202
150000 0.019 0.779 0.000 0.202
150500 0.019 0.779 0.000 0.202
151000 0.019 0.779 0.000 0.202
151500 0.019 0.779 0.000 0.202
152000 0.019 0.779 0.000 0.202
152500 0.019 0.779 0.000 0.202
153000 0.019 0.779 0.000 0.202
153500 0.019 0.779 0.000 0.202
154000 0.019 0.779 0.000 0.202
154500 0.019 0.779 0.000 0.202
155000 0.019 0.779 0.000 0.202
155500 0.019 0.779 0.000 0.202
156000 0.019 0.779 0.000 0.202
156500 0.019 0.779 0.000 0.202
157000 0.019 0.779 0.000 0.202
157500 0.019 0.779 0.000 0.202
158000 0.019 0.779 0.000 0.202
158500 0.019 0.779 0.000 0.202
159000 0.019 0.779 0.000 0.202
159500 0.019 0.779 0.000 0.202
160000 0.019 0.779 0.000 0.202
160500 0.019 0.779 0.000 0.202
161000 0.019 0.779 0.000 0.202
161500 0.019 0.779 0.000 0.202
162000 0.019 0.779 0.000 0.202
162500 0.019 0.779 0.000 0.202
163000 0.019 0.779 0.000 0.202
163500 0.019 0.779 0.000 0.202
164000 0.019 0.779 0.000 0.202
164500 0.019 0.779 0.000 0.202
165000 0.019 0.779 0.000 0.202
165500 0.019 0.779 0.000 0.202
166000 0.019 0.779 0.000 0.202
166500 0.019 0.779 0.000 0.202
167000 0.019 0.779 0.000 0.202
167500 0.019 0.779 0.000 0.202
168000 0.019 0.779 0.000 0.202
168500 0.019 0.779 0.000 0.202
169000 0.019 0.779 0.000 0.202
169500 0.019 0.779 0.000 0.202
170000 0.019 0.779 0.000 0.202
170500 0.019 0.779 0.000 0.202
171000 0.019 0.779 0.000 0.202
171500 0.019 0.779 0.000 0.202
172000 0.019 0.779 0.000 0.202
172500 0.019 0.779 0.000 0.202
173000 0.019 0.779 0.000 0.202
173500 0.019 0.779 0.000 0.202
174000 0.019 0.779 0.000 0.202
174500 0.019 0.779 0.000 0.202
175000 0.019 0.779 0.000 0.202
175500 0.019 0.779 0.000 0.202
176000 0.019 0.779 0.000 0.202
176500 0.019 0.779 0.000 0.202
177000 0.019 0.779 0.000 0.202
177500 0.019 0.779 0.000 0.202
178000 0.019 0.779 0.000 0.202
178500 0.019 0.779 0.000 0.202
179000 0.019 0.779 0.000 0.202
179500 0.019 0.779 0.000 0.202
180000 0.019 0.779 0.000 0.202
180500 0.019 0.779 0.000 0.202
181000 0.019 0.779 0.000 0.202
181500 0.019 0.779 0.000 0.202
182000 0.019 0.779 0.000 0.202
182500 0.019 0.779 0.000 0.202
183000 0.019 0.779 0.000 0.202
183500 0.019 0.779 0.000 0.202
184000 0.019 0.779 0.000 0.202
184500 0.019 0.779 0.000 0.202
185000 0.019 0.779 0.000 0.202
185500 0.019 0.779 0.000 0.202
186000 0.019 0.779 0.000 0.202
186500 0.019 0.779 0.000 0.202
187000 0.019 0.779 0.000 0.202
187500 0.019 0.779 0.000 0.202
188000 0.019 0.779 0.000 0.202
188500 0.019 0.779 0.000 0.202
189000 0.019 0.779 0.000 0.202
189500 0.019 0.779 0.000 0.202
190000 0.019 0.779 0.000 0.202
190500 0.019 0.779 0.000 0.202
191000 0.019 0.779 0.000 0.202
191500 0.019 0.779 0.000 0.202
192000 0.019 0.779 0.000 0.202
192500 0.019 0.779 0.000 0.202
193000 0.019 0.779 0.000 0.202
193500 0.019 0.779 0.000 0.202
194000 0.019 0.779 0.000 0.202
194500 0.019 0.779 0.000 0.202
195000 0.019 0.779 0.000 0.202
195500 0.019 0.779 0.000 0.202
196000 0.019 0.779 0.000 0.202
196500 0.019 0.779 0.000 0.202
197000 0.019 0.779 0.000 0.202
197500 0.019 0.779 0.000 0.202
198000 0.019 0.779 0.000 0.202
198500 0.019 0.779 0.000 0.202
199000 0.019 0.779 0.000 0.202
199500 0.019 0.779 0.000 0.202
200000 0.019 0.779 0.000 0.202
200500 0.019 0.779 0.000 0.202
201000 0.019 0.779 0.000 0.202
201500 0.019 0.779 0.000 0.202
202000 0.019 0.779 0.000 0.202
202500 0.019 0.779 0.000 0.202
203000 0.019 0.779 0.000 0.202
203500 0.019 0.779 0.000 0.202
204000 0.019 0.779 0.000 0.202
204500 0.019 0.779 0.000 0.202
205000 0.019 0.779 0.000 0.202
205500 0.019 0.779 0.000 0.202
206000 0.019 0.779 0.000 0.202
206500 0.019 0.779 0.000 0.202
207000 0.019 0.779 0.000 0.202
207500 0.019 0.779 0.000 0.202
208000 0.019 0.779 0.000 0.202
208500 0.019 0.779 0.000 0.202
209000 0.019 0.779 0.000 0.202
209500 0.019 0.779 0.000 0.202
210000 0.019 0.779 0.000 0.202
210500 0.019 0.779 0.000 0.202
211000 0.019 0.779 0.000 0.202
211500 0.019 0.779 0.000 0.202
212000 0.019 0.779 0.000 0.202
212500 0.019 0.779 0.000 0.202
213000 0.019 0.779 0.000 0.202
213500 0.019 0.779 0.000 0.202
214000 0.019 0.779 0.000 0.202
214500 0.019 0.779 0.000 0.202
215000 0.019 0.779 0.000 0.202
215500 0.019 0.779 0.000 0.202
216000 0.019 0.779 0.000 0.202
216500 0.019 0.779 0.000 0.202
217000 0.019 0.779 0.000 0.202
217500 0.019 0.779 0.000 0.202
218000 0.019 0.779 0.000 0.202
218500 0.019 0.779 0.000 0.202
219000 0.019 0.779 0.000 0.202
219500 0.019 0.779 0.000 0.202
220000 0.019 0.779 0.000 0.202
220500 0.019 0.779 0.000 0.202
221000 0.019 0.779 0.000 0.202
221500 0.019 0.779 0.000 0.202
222000 0.019 0.779 0.000 0.202
222500 0.019 0.779 0.000 0.202
223000 0.019 0.779 0.000 0.202
223500 0.019 0.779 0.000 0.202
224000 0.019 0.779 0.000 0.202
224500 0.019 0.779 0.000 0.202
225000 0.019 0.779 0.000 0.202
225500 0.019 0.779 0.000 0.202
226000 0.019 0.779 0.000 0.202
226500 0.019 0.779 0.000 0.202
227000 0.019 0.779 0.000 0.202
227500 0.019 0.779 0.000 0.202
228000 0.019 0.779 0.000 0.202
228500 0.019 0.779 0.000 0.202
229000 0.019 0.779 0.000 0.202
229500 0.019 0.779 0.000 0.202
230000 0.019 0.779 0.000 0.202
230500 0.019 0.779 0.000 0.202
231000 0.019 0.779 0.000 0.202
231500 0.019 0.779 0.000 0.202
232000 0.019 0.779 0.000 0.202
232500 0.019 0.779 0.000 0.202
233000 0.019 0.779 0.000 0.202
233500 0.019 0.779 0.000 0.202
234000 0.019 0.779 0.000 0.202
234500 0.019 0.779 0.000 0.202
235000 0.019 0.779 0.000 0.202
235500 0.019 0.779 0.000 0.202
236000 0.019 0.779 0.000 0.202
236500 0.019 0.779 0.000 0.202
237000 0.019 0.779 0.000 0.202
237500 0.019 0.779 0.000 0.202
238000 0.019 0.779 0.000 0.202
238500 0.019 0.779 0.000 0.202
239000 0.019 0.779 0.000 0.202
239500 0.019 0.779 0.000 0.202
240000 0.019 0.779 0.000 0.202
240500 0.019 0.779 0.000 0.202
241000 0.019 0.779 0.000 0.202
241500 0.019 0.779 0.000 0.202
242000 0.019 0.779 0.000 0.202
242500 0.019 0.779 0.000 0.202
243000 0.019 0.779 0.000 0.202
243500 0.019 0.779 0.000 0.202
244000 0.019 0.779 0.000 0.202
244500 0.019 0.779 0.000 0.202
245000 0.019 0.779 0.000 0.202
245500 0.019 0.779 0.000 0.202
246000 0.019 0.779 0.000 0.202
246500 0.019 0.779 0.000 0.202
247000 0.019 0.779 0.000 0.202
247500 0.019 0.779 0.000 0.202
248000 0.019 0.779 0.000 0.202
248500 0.019 0.779 0.000 0.202
249000 0.019 0.779 0.000 0.202
249500 0.019 0.779 0.000 0.202
250000 0.019 0.779 0.000 0.202
250500 0.019 0.779 0.000 0.202
251000 0.019 0.779 0.000 0.202
251500 0.019 0.779 0.000 0.202
252000 0.019 0.779 0.000 0.202
252500 0.019 0.779 0.000 0.202
253000 0.019 0.779 0.000 0.202
253500 0.019 0.779 0.000 0.202
254000 0.019 0.779 0.000 0.202
254500 0.019 0.779 0.000 0.202
255000 0.019 0.779 0.000 0.202
255500 0.019 0.779 0.000 0.202
256000 0.019 0.779 0.000 0.202
256500 0.019 0.779 0.000 0.202
257000 0.019 0.779 0.000 0.202
257500 0.019 0.779 0.000 0.202
258000 0.019 0.779 0.000 0.202
258500 0.019 0.779 0.000 0.202
259000 0.019 0.779 0.000 0.202
259500 0.019 0.779 0.000 0.202
260000 0.019 0.779 0.000 0.202
260500 0.019 0.779 0.000 0.202
261000 0.019 0.779 0.000 0.202
261500 0.019 0.779 0.000 0.202
262000 0.019 0.779 0.000 0.202
262500 0.019 0.779 0.000 0.202
263000 0.019 0.779 0.000 0.202
263500 0.019 0.779 0.000 0.202
264000 0.019 0.779 0.000 0.202
264500 0.019 0.779 0.000 0.202
265000 0.019 0.779 0.000 0.202
265500 0.019 0.779 0.000 0.202
266000 0.019 0.779 0.000 0.202
266500 0.019 0.779 0.000 0.202
267000 0.019 0.779 0.000 0.202
267500 0.019 0.779 0.000 0.202
268000 0.019 0.779 0.000 0.202
268500 0.019 0.779 0.000 0.202
269000 0.019 0.779 0.000 0.202
269500 0.019 0.779 0.000 0.202
270000 0.019 0.779 0.000 0.202
270500 0.019 0.779 0.000 0.202
271000 0.019 0.779 0.000 0.202
271500 0.019 0.779 0.000 0.202
272000 0.019 0.779 0.000 0.202
272500 0.019 0.779 0.000 0.202
273000 0.019 0.779 0.000 0.202
273500 0.019 0.779 0.000 0.202
274000 0.019 0.779 0.000 0.202
274500 0.019 0.779 0.000 0.202
275000 0.019 0.779 0.000 0.202
275500 0.019 0.779 0.000 0.202
276000 0.019 0.779 0.000 0.202
276500 0.019 0.779 0.000 0.202
277000 0.019 0.779 0.000 0.202
277500 0.019 0.779 0.000 0.202
278000 0.019 0.779 0.000 0.202
278500 0.019 0.779 0.000 0.202
279000 0.019 0.779 0.000 0.202
279500 0.019 0.779 0.000 0.202
280000 0.019 0.779 0.000 0.202
280500 0.019 0.779 0.000 0.202
281000 0.019 0.779 0.000 0.202
281500 0.019 0.779 0.000 0.202
282000 0.019 0.779 0.000 0.202
282500 0.019 0.779 0.000 0.202
283000 0.019 0.779 0.000 0.202
283500 0.019 0.779 0.000 0.202
284000 0.019 0.779 0.000 0.202
284500 0.019 0.779 0.000 0.202
285000 0.019 0.779 0.000 0.202
285500 0.019 0.779 0.000 0.202
286000 0.019 0.779 0.000 0.202
286500 0.019 0.779 0.000 0.202
287000 0.019 0.779 0.000 0.202
287500 0.019 0.779 0.000 0.202
288000 0.019 0.779 0.000 0.202
288500 0.019 0.779 0.000 0.202
289000 0.019 0.779 0.000 0.202
289500 0.019 0.779 0.000 0.202
290000 0.019 0.779 0.000 0.202
290500 0.019 0.779 0.000 0.202
291000 0.019 0.779 0.000 0.202
291500 0.019 0.779 0.000 0.202
292000 0.019 0.779 0.000 0.202
292500 0.019 0.779 0.000 0.202
293000 0.019 0.779 0.000 0.202
293500 0.019 0.779 0.000 0.202
294000 0.019 0.779 0.000 0.202
294500 0.019 0.779 0.000 0.202
295000 0.019 0.779 0.000 0.202
295500 0.019 0.779 0.000 0.202
296000 0.019 0.779 0.000 0.202
296500 0.019 0.779 0.000 0.202
297000 0.019 0.779 0.000 0.202
297500 0.019 0.779 0.000 0.202
298000 0.019 0.779 0.000 0.202
298500 0.019 0.779 0.000 0.202
299000 0.019 0.779 0.000 0.202
299500 0.019 0.779 0.000 0.202
300000 0.019 0.779 0.000 0.202
300500 0.019 0.779 0.000 0.202
301000 0.019 0.779 0.000 0.202
301500 0.019 0.779 0.000 0.202
302000 0.019 0.779 0.000 0.202
302500 0.019 0.779 0.000 0.202
303000 0.019 0.779 0.000 0.202
303500 0.019 0.779 0.000 0.202
304000 0.019 0.779 0.000 0.202
304500 0.019 0.779 0.000 0.202
305000 0.019 0.779 0.000 0.202
305500 0.019 0.779 0.000 0.202
306000 0.019 0.779 0.000 0.202
306500 0.019 0.779 0.000 0.202
307000 0.019 0.779 0.000 0.202
307500 0.019 0.779 0.000 0.202
308000 0.019 0.779 0.000 0.202
308500 0.019 0.779 0.000 0.202
309000 0.019 0.779 0.000 0.202
309500 0.019 0.779 0.000 0.202
310000 0.019 0.779 0.000 0.202
310500 0.019 0.779 0.000 0.202
311000 0.019 0.779 0.000 0.202
311500 0.019 0.779 0.000 0.202
312000 0.019 0.779 0.000 0.202
312500 0.019 0.779 0.000 0.202
313000 0.019 0.779 0.000 0.202
313500 0.019 0.779 0.000 0.202
314000 0.019 0.779 0.000 0.202
314500 0.019 0.779 0.000 0.202
315000 0.019 0.779 0.000 0.202
315500 0.019 0.779 0.000 0.202
316000 0.019 0.779 0.000 0.202
316500 0.019 0.779 0.000 0.202
317000 0.019 0.779 0.000 0.202
317500 0.019 0.779 0.000 0.202
318000 0.019 0.779 0.000 0.202
318500 0.019 0.779 0.000 0.202
319000 0.019 0.779 0.000 0.202
319500 0.019 0.779 0.000 0.202
320000 0.019 0.779 0.000 0.202
320500 0.019 0.779 0.000 0.202
321000 0.019 0.779 0.000 0.202
321500 0.019 0.779 0.000 0.202
322000 0.019 0.779 0.000 0.202
322500 0.019 0.779 0.000 0.202
323000 0.019 0.779 0.000 0.202
323500 0.019 0.779 0.000 0.202
324000 0.019 0.779 0.000 0.202
324500 0.019 0.779 0.000 0.202
325000 0.019 0.779 0.000 0.202
325500 0.019 0.779 0.000 0.202
326000 0.019 0.779 0.000 0.202
326500 0.019 0.779 0.000 0.202
327000 0.019 0.779 0.000 0.202
327500 0.019 0.779 0.000 0.202
328000 0.019 0.779 0.000 0.202
328500 0.019 0.779 0.000 0.202
329000 0.019 0.779 0.000 0.202
329500 0.019 0.779 0.000 0.202
330000 0.019 0.779 0.000 0.202
330500 0.019 0.779 0.000 0.202
331000 0.019 0.779 0.000 0.202
331500 0.019 0.779 0.000 0.202
332000 0.019 0.779 0.000 0.202
332500 0.019 0.779 0.000 0.202
333000 0.019 0.779 0.000 0.202
333500 0.019 0.779 0.000 0.202
334000 0.019 0.779 0.000 0.202
334500 0.019 0.779 0.000 0.202
335000 0.019 0.779 0.000 0.202
335500 0.019 0.779 0.000 0.202
336000 0.019 0.779 0.000 0.202
336500 0.019 0.779 0.000 0.202
337000 0.019 0.779 0.000 0.202
337500 0.019 0.779 0.000 0.202
338000 0.019 0.779 0.000 0.202
338500 0.019 0.779 0.000 0.202
339000 0.019 0.779 0.000 0.202
339500 0.019 0.779 0.000 0.202
340000 0.019 0.779 0.000 0.202
340500 0.019 0.779 0.000 0.202
341000 0.019 0.779 0.000 0.202
341500 0.019 0.779 0.000 0.202
342000 0.019 0.779 0.000 0.202
342500 0.019 0.779 0.000 0.202
343000 0.019 0.779 0.000 0.202
343500 0.019 0.779 0.000 0.202
344000 0.019 0.779 0.000 0.202
344500 0.019 0.779 0.000 0.202
345000 0.019 0.779 0.000 0.202
345500 0.019 0.779 0.000 0.202
346000 0.019 0.779 0.000 0.202
346500 0.019 0.779 0.000 0.202
347000 0.019 0.779 0.000 0.202
347500 0.019 0.779 0.000 0.202
348000 0.019 0.779 0.000 0.202
348500 0.019 0.779 0.000 0.202
349000 0.019 0.779 0.000 0.202
349500 0.019 0.779 0.000 0.202
350000 0.019 0.779 0.000 0.202
350500 0.019 0.779 0.000 0.202
351000 0.019 0.779 0.000 0.202
351500 0.019 0.779 0.000 0.202
352000 0.019 0.779 0.000 0.202
352500 0.019 0.779 0.000 0.202
353000 0.019 0.779 0.000 0.202
353500 0.019 0.779 0.000 0.202
354000 0.019 0.779 0.000 0.202
354500 0.019 0.779 0.000 0.202
355000 0.019 0.779 0.000 0.202
355500 0.019 0.779 0.000 0.202
356000 0.019 0.779 0.000 0.202
356500 0.019 0.779 0.000 0.202
357000 0.019 0.779 0.000 0.202
357500 0.019 0.779 0.000 0.202
358000 0.019 0.779 0.000 0.202
358500 0.019 0.779 0.000 0.202
359000 0.019 0.779 0.000 0.202
359500 0.019 0.779 0.000 0.202
360000 0.019 0.779 0.000 0.202
360500 0.019 0.779 0.000 0.202
361000 0.019 0.779 0.000 0.202
361500 0.019 0.779 0.000 0.202
362000 0.019 0.779 0.000 0.202
362500 0.019 0.779 0.000 0.202
363000 0.019 0.779 0.000 0.202
363500 0.019 0.779 0.000 0.202
364000 0.019 0.779 0.000 0.202
364500 0.019 0.779 0.000 0.202
365000 0.019 0.779 0.000 0.202
365500 0.019 0.779 0.000 0.202
366000 0.019 0.779 0.000 0.202
366500 0.019 0.779 0.000 0.202
367000 0.019 0.779 0.000 0.202
367500 0.019 0.779 0.000 0.202
368000 0.019 0.779 0.000 0.202
368500 0.019 0.779 0.000 0.202
369000 0.019 0.779 0.000 0.202
369500 0.019 0.779 0.000 0.202
370000 0.019 0.779 0.000 0.202
370500 0.019 0.779 0.000 0.202
371000 0.019 0.779 0.000 0.202
371500 0.019 0.779 0.000 0.202
372000 0.019 0.779 0.000 0.202
372500 0.019 0.779 0.000 0.202
373000 0.019 0.779 0.000 0.202
373500 0.019 0.779 0.000 0.202
374000 0.019 0.779 0.000 0.202
374500 0.019 0.779 0.000 0.202
375000 0.019 0.779 0.000 0.202
375500 0.019 0.779 0.000 0.202
376000 0.019 0.779 0.000 0.202
376500 0.019 0.779 0.000 0.202
377000 0.019 0.779 0.000 0.202
377500 0.019 0.779 0.000 0.202
378000 0.019 0.779 0.000 0.202
378500 0.019 0.779 0.000 0.202
379000 0.019 0.779 0.000 0.202
379500 0.019 0.779 0.000 0.202
380000 0.019 0.779 0.000 0.202
380500 0.019 0.779 0.000 0.202
381000 0.019 0.779 0.000 0.202
381500 0.019 0.779 0.000 0.202
382000 0.019 0.779 0.000 0.202
382500 0.019 0.779 0.000 0.202
383000 0.019 0.779 0.000 0.202
383500 0.019 0.779 0.000 0.202
384000 0.019 0.779 0.000 0.202
384500 0.019 0.779 0.000 0.202
385000 0.019 0.779 0.000 0.202
385500 0.019 0.779 0.000 0.202
386000 0.019 0.779 0.000 0.202
386500 0.019 0.779 0.000 0.202
387000 0.019 0.779 0.000 0.202
387500 0.019 0.779 0.000 0.202
388000 0.019 0.779 0.000 0.202
388500 0.019 0.779 0.000 0.202
389000 0.019 0.779 0.000 0.202
389500 0.019 0.779 0.000 0.202
390000 0.019 0.779 0.000 0.202
390500 0.019 0.779 0.000 0.202
391000 0.019 0.779 0.000 0.202
391500 0.019 0.779 0.000 0.202
392000 0.019 0.779 0.000 0.202
392500 0.019 0.779 0.000 0.202
393000 0.019 0.779 0.000 0.202
393500 0.019 0.779 0.000 0.202
394000 0.019 0.779 0.000 0.202
394500 0.019 0.779 0.000 0.202
395000 0.019 0.779 0.000 0.202
395500 0.019 0.779 0.000 0.202
396000 0.019 0.779 0.000 0.202
396500 0.019 0.779 0.000 0.202
397000 0.019 0.779 0.000 0.202
397500 0.019 0.779 0.000 0.202
398000 0.019 0.779 0.000 0.202
398500 0.019 0.779 0.000 0.202
399000 0.019 0.779 0.000 0.202
399500 0.019 0.779 0.000 0.202
400000 0.019 0.779 0.000 0.202
400500 0.019 0.779 0.000 0.202
401000 0.019 0.779 0.000 0.202
401500 0.019 0.779 0.000 0.202
402000 0.019 0.779 0.000 0.202
402500 0.019 0.779 0.000 0.202
403000 0.019 0.779 0.000 0.202
403500 0.019 0.779 0.000 0.202
404000 0.019 0.779 0.000 0.202
404500 0.019 0.779 0.000 0.202
405000 0.019 0.779 0.000 0.202
405500 0.019 0.779 0.000 0.202
406000 0.019 0.779 0.000 0.202
406500 0.019 0.779 0.000 0.202
407000 0.019 0.779 0.000 0.202
407500 0.019 0.779 0.000 0.202
408000 0.019 0.779 0.000 0.202
408500 0.019 0.779 0.000 0.202
409000 0.019 0.779 0.000 0.202
409500 0.019 0.779 0.000 0.202
410000 0.019 0.779 0.000 0.202
410500 0.019 0.779 0.000 0.202
411000 0.019 0.779 0.000 0.202
411500 0.019 0.779 0.000 0.202
412000 0.019 0.779 0.000 0.202
412500 0.019 0.779 0.000 0.202
413000 0.019 0.779 0.000 0.202
413500 0.019 0.779 0.000 0.202
414000 0.019 0.779 0.000 0.202
414500 0.019 0.779 0.000 0.202
415000 0.019 0.779 0.000 0.202
415500 0.019 0.779 0.000 0.202
416000 0.019 0.779 0.000 0.202
416500 0.019 0.779 0.000 0.202
417000 0.019 0.779 0.000 0.202
417500 0.019 0.779 0.000 0.202
418000 0.019 0.779 0.000 0.202
418500 0.019 0.779 0.000 0.202
419000 0.019 0.779 0.000 0.202
419500 0.019 0.779 0.000 0.202
420000 0.019 0.779 0.000 0.202
420500 0.019 0.779 0.000 0.202
421000 0.019 0.779 0.000 0.202
421500 0.019 0.779 0.000 0.202
422000 0.019 0.779 0.000 0.202
422500 0.019 0.779 0.000 0.202
423000 0.019 0.779 0.000 0.202
423500 0.019 0.779 0.000 0.202
424000 0.019 0.779 0.000 0.202
424500 0.019 0.779 0.000 0.202
425000 0.019 0.779 0.000 0.202
425500 0.019 0.779 0.000 0.202
426000 0.019 0.779 0.000 0.202
426500 0.019 0.779 0.000 0.202
427000 0.019 0.779 0.000 0.202
427500 0.019 0.779 0.000 0.202
428000 0.019 0.779 0.000 0.202
428500 0.019 0.779 0.000 0.202
429000 0.019 0.779 0.000 0.202
429500 0.019 0.779 0.000 0.202
430000 0.019 0.779 0.000 0.202
430500 0.019 0.779 0.000 0.202
431000 0.019 0.779 0.000 0.202
431500 0.019 0.779 0.000 0.202
432000 0.019 0.779 0.000 0.202
432500 0.019 0.779 0.000 0.202
433000 0.019 0.779 0.000 0.202
433500 0.019 0.779 0.000 0.202
434000 0.019 0.779 0.000 0.202
434500 0.019 0.779 0.000 0.202
435000 0.019 0.779 0.000 0.202
435500 0.019 0.779 0.000 0.202
436000 0.019 0.779 0.000 0.202
436500 0.019 0.779 0.000 0.202
437000 0.019 0.779 0.000 0.202
437500 0.019 0.779 0.000 0.202
438000 0.019 0.779 0.000 0.202
438500 0.019 0.779 0.000 0.202
439000 0.019 0.779 0.000 0.202
439500 0.019 0.779 0.000 0.202
440000 0.019 0.779 0.000 0.202
440500 0.019 0.779 0.000 0.202
441000 0.019 0.779 0.000 0.202
441500 0.019 0.779 0.000 0.202
442000 0.019 0.779 0.000 0.202
442500 0.019 0.779 0.000 0.202
443000 0.019 0.779 0.000 0.202
443500 0.019 0.779 0.000 0.202
444000 0.019 0.779 0.000 0.202
444500 0.019 0.779 0.000 0.202
445000 0.019 0.779 0.000 0.202
445500 0.019 0.779 0.000 0.202
446000 0.019 0.779 0.000 0.202
446500 0.019 0.779 0.000 0.202
447000 0.019 0.779 0.000 0.202
447500 0.019 0.779 0.000 0.202
448000 0.019 0.779 0.000 0.202
448500 0.019 0.779 0.000 0.202
449000 0.019 0.779 0.000 0.202
449500 0.019 0.779 0.000 0.202
450000 0.019 0.779 0.000 0.202
450500 0.019 0.779 0.000 0.202
451000 0.019 0.779 0.000 0.202
451500 0.019 0.779 0.000 0.202
452000 0.019 0.779 0.000 0.202
452500 0.019 0.779 0.000 0.202
453000 0.019 0.779 0.000 0.202
453500 0.019 0.779 0.000 0.202
454000 0.019 0.779 0.000 0.202
454500 0.019 0.779 0.000 0.202
455000 0.019 0.779 0.000 0.202
455500 0.019 0.779 0.000 0.202
456000 0.019 0.779 0.000 0.202
456500 0.019 0.779 0.000 0.202
457000 0.019 0.779 0.000 0.202
457500 0.019 0.779 0.000 0.202
458000 0.019 0.779 0.000 0.202
458500 0.019 0.779 0.000 0.202
459000 0.019 0.779 0.000 0.202
459500 0.019 0.779 0.000 0.202
460000 0.019 0.779 0.000 0.202
460500 0.019 0.779 0.000 0.202
461000 0.019 0.779 0.000 0.202
461500 0.019 0.779 0.000 0.202
462000 0.019 0.779 0.000 0.202
462500 0.019 0.779 0.000 0.202
463000 0.019 0.779 0.000 0.202
463500 0.019 0.779 0.000 0.202
464000 0.019 0.779 0.000 0.202
464500 0.019 0.779 0.000 0.202
465000 0.019 0.779 0.000 0.202
465500 0.019 0.779 0.000 0.202
466000 0.019 0.779 0.000 0.202
466500 0.019 0.779 0.000 0.202
467000 0.019 0.779 0.000 0.202
467500 0.019 0.779 0.000 0.202
468000 0.019 0.779 0.000 0.202
468500 0.019 0.779 0.000 0.202
469000 0.019 0.779 0.000 0.202
469500 0.019 0.779 0.000 0.202
470000 0.019 0.779 0.000 0.202
470500 0.019 0.779 0.000 0.202
471000 0.019 0.779 0.000 0.202
471500 0.019 0.779 0.000 0.202
472000 0.019 0.779 0.000 0.202
472500 0.019 0.779 0.000 0.202
473000 0.019 0.779 0.000 0.202
473500 0.019 0.779 0.000 0.202
474000 0.019 0.779 0.000 0.202
474500 0.019 0.779 0.000 0.202
475000 0.019 0.779 0.000 0.202
475500 0.019 0.779 0.000 0.202
476000 0.019 0.779 0.000 0.202
476500 0.019 0.779 0.000 0.202
477000 0.019 0.779 0.000 0.202
477500 0.019 0.779 0.000 0.202
478000 0.019 0.779 0.000 0.202
478500 0.019 0.779 0.000 0.202
479000 0.019 0.779 0.000 0.202
479500 0.019 0.779 0.000 0.202
480000 0.019 0.779 0.000 0.202
480500 0.019 0.779 0.000 0.202
481000 0.019 0.779 0.000 0.202
481500 0.019 0.779 0.000 0.202
482000 0.019 0.779 0.000 0.202
482500 0.019 0.779 0.000 0.202
483000 0.019 0.779 0.000 0.202
483500 0.019 0.779 0.000 0.202
484000 0.019 0.779 0.000 0.202
484500 0.019 0.779 0.000 0.202
485000 0.019 0.779 0.000 0.202
485500 0.019 0.779 0.000 0.202
486000 0.019 0.779 0.000 0.202
486500 0.019 0.779 0.000 0.202
487000 0.019 0.779 0.000 0.202
487500 0.019 0.779 0.000 0.202
488000 0.019 0.779 0.000 0.202
488500 0.019 0.779 0.000 0.202
489000 0.019 0.779 0.000 0.202
489500 0.019 0.779 0.000 0.202
490000 0.019 0.779 0.000 0.202
490500 0.019 0.779 0.000 0.202
491000 0.019 0.779 0.000 0.202
491500 0.019 0.779 0.000 0.202
492000 0.019 0.779 0.000 0.202
492500 0.019 0.779 0.000 0.202
493000 0.019 0.779 0.000 0.202
493500 0.019 0.779 0.000 0.202
494000 0.019 0.779 0.000 0.202
494500 0.019 0.779 0.000 0.202
495000 0.019 0.779 0.000 0.202
495500 0.019 0.779 0.000 0.202
496000 0.019 0.779 0.000 0.202
496500 0.019 0.779 0.000 0.202
497000 0.019 0.779 0.000 0.202
497500 0.019 0.779 0.000 0.202
498000 0.019 0.779 0.000 0.202
498500 0.019 0.779 0.000 0.202
499000 0.019 0.779 0.000 0.202
499500 0.019 0.779 0.000 0.202
500000 0.019 0.779 0.000 0.202
