000000 0.250 0.250 0.250 0.250
000500 0.800 0.070 0.000 0.130
001000 0.792 0.078 0.000 0.129
001500 0.787 0.084 0.000 0.129
002000 0.786 0.085 0.000 0.128
002500 0.791 0.081 0.000 0.128
003000 0.786 0.086 0.000 0.128
003500 0.784 0.088 0.000 0.128
004000 0.787 0.086 0.000 0.128
004500 0.785 0.088 0.000 0.128
005000 0.787 0.085 0.000 0.127
005500 0.788 0.085 0.000 0.127
006000 0.788 0.084 0.000 0.127
006500 0.791 0.082 0.000 0.127
007000 0.787 0.086 0.000 0.127
007500 0.784 0.090 0.000 0.127
008000 0.791 0.083 0.000 0.126
008500 0.783 0.091 0.000 0.126
009000 0.787 0.087 0.000 0.126
009500 0.790 0.085 0.000 0.126
010000 0.791 0.084 0.000 0.125
010500 0.787 0.088 0.000 0.126
011000 0.787 0.087 0.000 0.125
011500 0.788 0.086 0.000 0.125
012000 0.788 0.087 0.000 0.126
012500 0.783 0.091 0.000 0.125
013000 0.788 0.086 0.000 0.126
013500 0.790 0.085 0.000 0.125
014000 0.781 0.093 0.000 0.125
014500 0.782 0.092 0.000 0.126
015000 0.782 0.093 0.000 0.126
015500 0.783 0.091 0.000 0.126
016000 0.788 0.087 0.000 0.126
016500 0.784 0.091 0.000 0.126
017000 0.783 0.091 0.000 0.126
017500 0.783 0.091 0.000 0.125
018000 0.788 0.087 0.000 0.125
018500 0.788 0.087 0.000 0.125
019000 0.786 0.089 0.000 0.126
019500 0.783 0.091 0.000 0.126
020000 0.787 0.088 0.000 0.125
020500 0.786 0.089 0.000 0.125
021000 0.790 0.085 0.000 0.125
021500 0.793 0.082 0.000 0.125
022000 0.788 0.087 0.000 0.125
022500 0.788 0.087 0.000 0.125
023000 0.793 0.083 0.000 0.125
023500 0.790 0.085 0.000 0.125
024000 0.787 0.088 0.000 0.125
024500 0.788 0.087 0.000 0.125
025000 0.792 0.084 0.000 0.125
025500 0.791 0.084 0.000 0.125
026000 0.790 0.085 0.000 0.125
026500 0.791 0.084 0.000 0.125
027000 0.789 0.086 0.000 0.125
027500 0.790 0.085 0.000 0.125
028000 0.786 0.089 0.000 0.125
028500 0.786 0.089 0.000 0.125
029000 0.783 0.092 0.000 0.125
029500 0.788 0.087 0.000 0.125
030000 0.786 0.089 0.000 0.125
030500 0.790 0.085 0.000 0.125
031000 0.790 0.085 0.000 0.125
031500 0.791 0.084 0.000 0.125
032000 0.788 0.087 0.000 0.125
032500 0.787 0.088 0.000 0.125
033000 0.785 0.090 0.000 0.125
033500 0.779 0.096 0.000 0.125
034000 0.787 0.088 0.000 0.125
034500 0.785 0.090 0.000 0.125
035000 0.793 0.082 0.000 0.125
035500 0.785 0.090 0.000 0.125
036000 0.779 0.096 0.000 0.125
036500 0.782 0.093 0.000 0.125
037000 0.782 0.093 0.000 0.125
037500 0.783 0.091 0.000 0.125
038000 0.784 0.091 0.000 0.125
038500 0.785 0.090 0.000 0.125
039000 0.785 0.090 0.000 0.125
039500 0.787 0.088 0.000 0.125
040000 0.787 0.088 0.000 0.125
040500 0.784 0.091 0.000 0.125
041000 0.787 0.088 0.000 0.125
041500 0.781 0.094 0.000 0.125
042000 0.784 0.091 0.000 0.125
042500 0.785 0.090 0.000 0.125
043000 0.782 0.093 0.000 0.125
043500 0.782 0.093 0.000 0.125
044000 0.788 0.087 0.000 0.125
044500 0.788 0.087 0.000 0.125
045000 0.790 0.084 0.000 0.125
045500 0.790 0.085 0.000 0.125
046000 0.789 0.086 0.000 0.125
046500 0.790 0.084 0.000 0.125
047000 0.790 0.085 0.000 0.125
047500 0.790 0.085 0.000 0.125
048000 0.791 0.084 0.000 0.125
048500 0.786 0.088 0.000 0.125
049000 0.788 0.087 0.000 0.125
049500 0.789 0.086 0.000 0.125
050000 0.792 0.083 0.000 0.125
050500 0.790 0.084 0.000 0.125
051000 0.792 0.083 0.000 0.125
051500 0.791 0.084 0.000 0.125
052000 0.789 0.086 0.000 0.125
052500 0.793 0.082 0.000 0.125
053000 0.791 0.084 0.000 0.125
053500 0.791 0.083 0.000 0.125
054000 0.789 0.086 0.000 0.125
054500 0.796 0.079 0.000 0.125
055000 0.794 0.081 0.000 0.125
055500 0.794 0.081 0.000 0.125
056000 0.789 0.086 0.000 0.125
056500 0.792 0.083 0.000 0.125
057000 0.795 0.080 0.000 0.125
057500 0.788 0.087 0.000 0.125
058000 0.786 0.088 0.000 0.125
058500 0.787 0.088 0.000 0.125
059000 0.787 0.088 0.000 0.125
059500 0.788 0.087 0.000 0.125
060000 0.790 0.085 0.000 0.125
060500 0.787 0.088 0.000 0.125
061000 0.788 0.086 0.000 0.125
061500 0.783 0.092 0.000 0.125
062000 0.783 0.091 0.000 0.125
062500 0.784 0.091 0.000 0.125
063000 0.788 0.086 0.000 0.125
063500 0.786 0.088 0.000 0.125
064000 0.783 0.091 0.000 0.125
064500 0.783 0.091 0.000 0.125
065000 0.788 0.087 0.000 0.125
065500 0.784 0.091 0.000 0.125
066000 0.785 0.090 0.000 0.125
066500 0.784 0.091 0.000 0.125
067000 0.786 0.089 0.000 0.125
067500 0.789 0.085 0.000 0.125
068000 0.790 0.084 0.000 0.125
068500 0.790 0.085 0.000 0.125
069000 0.791 0.083 0.000 0.125
069500 0.788 0.087 0.000 0.125
070000 0.789 0.086 0.000 0.125
070500 0.784 0.091 0.000 0.125
071000 0.790 0.085 0.000 0.125
071500 0.786 0.088 0.000 0.125
072000 0.791 0.084 0.000 0.125
072500 0.790 0.084 0.000 0.125
073000 0.787 0.088 0.000 0.125
073500 0.785 0.090 0.000 0.125
074000 0.784 0.091 0.000 0.125
074500 0.785 0.090 0.000 0.125
075000 0.787 0.088 0.000 0.125
075500 0.779 0.096 0.000 0.125
076000 0.774 0.101 0.000 0.125
076500 0.783 0.092 0.000 0.125
077000 0.779 0.096 0.000 0.125
077500 0.778 0.097 0.000 0.125
078000 0.787 0.088 0.000 0.125
078500 0.788 0.087 0.000 0.125
079000 0.781 0.093 0.000 0.125
079500 0.783 0.092 0.000 0.125
080000 0.786 0.089 0.000 0.125
080500 0.782 0.093 0.000 0.125
081000 0.788 0.087 0.000 0.125
081500 0.784 0.090 0.000 0.125
082000 0.785 0.090 0.000 0.125
082500 0.786 0.088 0.000 0.125
083000 0.787 0.088 0.000 0.125
083500 0.787 0.088 0.000 0.125
084000 0.787 0.088 0.000 0.125
084500 0.787 0.088 0.000 0.125
085000 0.787 0.088 0.000 0.125
085500 0.787 0.088 0.000 0.125
086000 0.787 0.088 0.000 0.125
086500 0.787 0.088 0.000 0.125
087000 0.787 0.088 0.000 0.125
087500 0.787 0.088 0.000 0.125
088000 0.787 0.088 0.000 0.125
088500 0.787 0.088 0.000 0.125
089000 0.787 0.088 0.000 0.125
089500 0.787 0.088 0.000 0.125
090000 0.787 0.088 0.000 0.125
090500 0.787 0.088 0.000 0.125
091000 0.787 0.088 0.000 0.125
091500 0.787 0.088 0.000 0.125
092000 0.787 0.088 0.000 0.125
092500 0.787 0.088 0.000 0.125
093000 0.787 0.088 0.000 0.125
093500 0.787 0.088 0.000 0.125
094000 0.787 0.088 0.000 0.125
094500 0.787 0.088 0.000 0.125
095000 0.787 0.088 0.000 0.125
095500 0.787 0.088 0.000 0.125
096000 0.787 0.088 0.000 0.125
096500 0.787 0.088 0.000 0.125
097000 0.787 0.088 0.000 0.125
097500 0.787 0.088 0.000 0.125
098000 0.787 0.088 0.000 0.125
098500 0.787 0.088 0.000 0.125
099000 0.787 0.088 0.000 0.125
099500 0.787 0.088 0.000 0.125
100000 0.787 0.088 0.000 0.125
100500 0.787 0.088 0.000 0.125
101000 0.787 0.088 0.000 0.125
101500 0.787 0.088 0.000 0.125
102000 0.787 0.088 0.000 0.125
102500 0.787 0.088 0.000 0.125
103000 0.787 0.088 0.000 0.125
103500 0.787 0.088 0.000 0.125
104000 0.787 0.088 0.000 0.125
104500 0.787 0.088 0.000 0.125
105000 0.787 0.088 0.000 0.125
105500 0.787 0.088 0.000 0.125
106000 0.787 0.088 0.000 0.125
106500 0.787 0.088 0.000 0.125
107000 0.787 0.088 0.000 0.125
107500 0.787 0.088 0.000 0.125
108000 0.787 0.088 0.000 0.125
108500 0.787 0.088 0.000 0.125
109000 0.787 0.088 0.000 0.125
109500 0.787 0.088 0.000 0.125
110000 0.787 0.088 0.000 0.125
110500 0.787 0.088 0.000 0.125
111000 0.787 0.088 0.000 0.125
111500 0.787 0.088 0.000 0.125
112000 0.787 0.088 0.000 0.125
112500 0.787 0.088 0.000 0.125
113000 0.787 0.088 0.000 0.125
113500 0.787 0.088 0.000 0.125
114000 0.787 0.088 0.000 0.125
114500 0.787 0.088 0.000 0.125
115000 0.787 0.088 0.000 0.125
115500 0.787 0.088 0.000 0.125
116000 0.787 0.088 0.000 0.125
116500 0.787 0.088 0.000 0.125
117000 0.787 0.088 0.000 0.125
117500 0.787 0.088 0.000 0.125
118000 0.787 0.088 0.000 0.125
118500 0.787 0.088 0.000 0.125
119000 0.787 0.088 0.000 0.125
119500 0.787 0.088 0.000 0.125
120000 0.787 0.088 0.000 0.125
120500 0.787 0.088 0.000 0.125
121000 0.787 0.088 0.000 0.125
121500 0.787 0.088 0.000 0.125
122000 0.787 0.088 0.000 0.125
122500 0.787 0.088 0.000 0.125
123000 0.787 0.088 0.000 0.125
123500 0.787 0.088 0.000 0.125
124000 0.787 0.088 0.000 0.125
124500 0.787 0.088 0.000 0.125
125000 0.787 0.088 0.000 0.125
125500 0.787 0.088 0.000 0.125
126000 0.787 0.088 0.000 0.125
126500 0.787 0.088 0.000 0.125
127000 0.787 0.088 0.000 0.125
127500 0.787 0.088 0.000 0.125
128000 0.787 0.088 0.000 0.125
128500 0.787 0.088 0.000 0.125
129000 0.787 0.088 0.000 0.125
129500 0.787 0.088 0.000 0.125
130000 0.787 0.088 0.000 0.125
130500 0.787 0.088 0.000 0.125
131000 0.787 0.088 0.000 0.125
131500 0.787 0.088 0.000 0.125
132000 0.787 0.088 0.000 0.125
132500 0.787 0.088 0.000 0.125
133000 0.787 0.088 0.000 0.125
133500 0.787 0.088 0.000 0.125
134000 0.787 0.088 0.000 0.125
134500 0.787 0.088 0.000 0.125
135000 0.787 0.088 0.000 0.125
135500 0.787 0.088 0.000 0.125
136000 0.787 0.088 0.000 0.125
136500 0.787 0.088 0.000 0.125
137000 0.787 0.088 0.000 0.125
137500 0.787 0.088 0.000 0.125
138000 0.787 0.088 0.000 0.125
138500 0.787 0.088 0.000 0.125
139000 0.787 0.088 0.000 0.125
139500 0.787 0.088 0.000 0.125
140000 0.787 0.088 0.000 0.125
140500 0.787 0.088 0.000 0.125
141000 0.787 0.088 0.000 0.125
141500 0.787 0.088 0.000 0.125
142000 0.787 0.088 0.000 0.125
142500 0.787 0.088 0.000 0.125
143000 0.787 0.088 0.000 0.125
143500 0.787 0.088 0.000 0.125
144000 0.787 0.088 0.000 0.125
144500 0.787 0.088 0.000 0.125
145000 0.787 0.088 0.000 0.125
145500 0.787 0.088 0.000 0.125
146000 0.787 0.088 0.000 0.125
146500 0.787 0.088 0.000 0.125
147000 0.787 0.088 0.000 0.125
147500 0.787 0.088 0.000 0.125
148000 0.787 0.088 0.000 0.125
148500 0.787 0.088 0.000 0.125
149000 0.787 0.088 0.000 0.125
149500 0.787 0.088 0.000 0.125
150000 0.787 0.088 0.000 0.125
150500 0.787 0.088 0.000 0.125
151000 0.787 0.088 0.000 0.125
151500 0.787 0.088 0.000 0.125
152000 0.787 0.088 0.000 0.125
152500 0.787 0.088 0.000 0.125
153000 0.787 0.088 0.000 0.125
153500 0.787 0.088 0.000 0.125
154000 0.787 0.088 0.000 0.125
154500 0.787 0.088 0.000 0.125
155000 0.787 0.088 0.000 0.125
155500 0.787 0.088 0.000 0.125
156000 0.787 0.088 0.000 0.125
156500 0.787 0.088 0.000 0.125
157000 0.787 0.088 0.000 0.125
157500 0.787 0.088 0.000 0.125
158000 0.787 0.088 0.000 0.125
158500 0.787 0.088 0.000 0.125
159000 0.787 0.088 0.000 0.125
159500 0.787 0.088 0.000 0.125
160000 0.787 0.088 0.000 0.125
160500 0.787 0.088 0.000 0.125
161000 0.787 0.088 0.000 0.125
161500 0.787 0.088 0.000 0.125
162000 0.787 0.088 0.000 0.125
162500 0.787 0.088 0.000 0.125
163000 0.787 0.088 0.000 0.125
163500 0.787 0.088 0.000 0.125
164000 0.787 0.088 0.000 0.125
164500 0.787 0.088 0.000 0.125
165000 0.787 0.088 0.000 0.125
165500 0.787 0.088 0.000 0.125
166000 0.787 0.088 0.000 0.125
166500 0.787 0.088 0.000 0.125
167000 0.787 0.088 0.000 0.125
167500 0.787 0.088 0.000 0.125
168000 0.787 0.088 0.000 0.125
168500 0.787 0.088 0.000 0.125
169000 0.787 0.088 0.000 0.125
169500 0.787 0.088 0.000 0.125
170000 0.787 0.088 0.000 0.125
170500 0.787 0.088 0.000 0.125
171000 0.787 0.088 0.000 0.125
171500 0.787 0.088 0.000 0.125
172000 0.787 0.088 0.000 0.125
172500 0.787 0.088 0.000 0.125
173000 0.787 0.088 0.000 0.125
173500 0.787 0.088 0.000 0.125
174000 0.787 0.088 0.000 0.125
174500 0.787 0.088 0.000 0.125
175000 0.787 0.088 0.000 0.125
175500 0.787 0.088 0.000 0.125
176000 0.787 0.088 0.000 0.125
176500 0.787 0.088 0.000 0.125
177000 0.787 0.088 0.000 0.125
177500 0.787 0.088 0.000 0.125
178000 0.787 0.088 0.000 0.125
178500 0.787 0.088 0.000 0.125
179000 0.787 0.088 0.000 0.125
179500 0.787 0.088 0.000 0.125
180000 0.787 0.088 0.000 0.125
180500 0.787 0.088 0.000 0.125
181000 0.787 0.088 0.000 0.125
181500 0.787 0.088 0.000 0.125
182000 0.787 0.088 0.000 0.125
182500 0.787 0.088 0.000 0.125
183000 0.787 0.088 0.000 0.125
183500 0.787 0.088 0.000 0.125
184000 0.787 0.088 0.000 0.125
184500 0.787 0.088 0.000 0.125
185000 0.787 0.088 0.000 0.125
185500 0.787 0.088 0.000 0.125
186000 0.787 0.088 0.000 0.125
186500 0.787 0.088 0.000 0.125
187000 0.787 0.088 0.000 0.125
187500 0.787 0.088 0.000 0.125
188000 0.787 0.088 0.000 0.125
188500 0.787 0.088 0.000 0.125
189000 0.787 0.088 0.000 0.125
189500 0.787 0.088 0.000 0.125
190000 0.787 0.088 0.000 0.125
190500 0.787 0.088 0.000 0.125
191000 0.787 0.088 0.000 0.125
191500 0.787 0.088 0.000 0.125
192000 0.787 0.088 0.000 0.125
192500 0.787 0.088 0.000 0.125
193000 0.787 0.088 0.000 0.125
193500 0.787 0.088 0.000 0.125
194000 0.787 0.088 0.000 0.125
194500 0.787 0.088 0.000 0.125
195000 0.787 0.088 0.000 0.125
195500 0.787 0.088 0.000 0.125
196000 0.787 0.088 0.000 0.125
196500 0.787 0.088 0.000 0.125
197000 0.787 0.088 0.000 0.125
197500 0.787 0.088 0.000 0.125
198000 0.787 0.088 0.000 0.125
198500 0.787 0.088 0.000 0.125
199000 0.787 0.088 0.000 0.125
199500 0.787 0.088 0.000 0.125
200000 0.787 0.088 0.000 0.125
200500 0.787 0.088 0.000 0.125
201000 0.787 0.088 0.000 0.125
201500 0.787 0.088 0.000 0.125
202000 0.787 0.088 0.000 0.125
202500 0.787 0.088 0.000 0.125
203000 0.787 0.088 0.000 0.125
203500 0.787 0.088 0.000 0.125
204000 0.787 0.088 0.000 0.125
204500 0.787 0.088 0.000 0.125
205000 0.787 0.088 0.000 0.125
205500 0.787 0.088 0.000 0.125
206000 0.787 0.088 0.000 0.125
206500 0.787 0.088 0.000 0.125
207000 0.787 0.088 0.000 0.125
207500 0.787 0.088 0.000 0.125
208000 0.787 0.088 0.000 0.125
208500 0.787 0.088 0.000 0.125
209000 0.787 0.088 0.000 0.125
209500 0.787 0.088 0.000 0.125
210000 0.787 0.088 0.000 0.125
210500 0.787 0.088 0.000 0.125
211000 0.787 0.088 0.000 0.125
211500 0.787 0.088 0.000 0.125
212000 0.787 0.088 0.000 0.125
212500 0.787 0.088 0.000 0.125
213000 0.787 0.088 0.000 0.125
213500 0.787 0.088 0.000 0.125
214000 0.787 0.088 0.000 0.125
214500 0.787 0.088 0.000 0.125
215000 0.787 0.088 0.000 0.125
215500 0.787 0.088 0.000 0.125
216000 0.787 0.088 0.000 0.125
216500 0.787 0.088 0.000 0.125
217000 0.787 0.088 0.000 0.125
217500 0.787 0.088 0.000 0.125
218000 0.787 0.088 0.000 0.125
218500 0.787 0.088 0.000 0.125
219000 0.787 0.088 0.000 0.125
219500 0.787 0.088 0.000 0.125
220000 0.787 0.088 0.000 0.125
220500 0.787 0.088 0.000 0.125
221000 0.787 0.088 0.000 0.125
221500 0.787 0.088 0.000 0.125
222000 0.787 0.088 0.000 0.125
222500 0.787 0.088 0.000 0.125
223000 0.787 0.088 0.000 0.125
223500 0.787 0.088 0.000 0.125
224000 0.787 0.088 0.000 0.125
224500 0.787 0.088 0.000 0.125
225000 0.787 0.088 0.000 0.125
225500 0.787 0.088 0.000 0.125
226000 0.787 0.088 0.000 0.125
226500 0.787 0.088 0.000 0.125
227000 0.787 0.088 0.000 0.125
227500 0.787 0.088 0.000 0.125
228000 0.787 0.088 0.000 0.125
228500 0.787 0.088 0.000 0.125
229000 0.787 0.088 0.000 0.125
229500 0.787 0.088 0.000 0.125
230000 0.787 0.088 0.000 0.125
230500 0.787 0.088 0.000 0.125
231000 0.787 0.088 0.000 0.125
231500 0.787 0.088 0.000 0.125
232000 0.787 0.088 0.000 0.125
232500 0.787 0.088 0.000 0.125
233000 0.787 0.088 0.000 0.125
233500 0.787 0.088 0.000 0.125
234000 0.787 0.088 0.000 0.125
234500 0.787 0.088 0.000 0.125
235000 0.787 0.088 0.000 0.125
235500 0.787 0.088 0.000 0.125
236000 0.787 0.088 0.000 0.125
236500 0.787 0.088 0.000 0.125
237000 0.787 0.088 0.000 0.125
237500 0.787 0.088 0.000 0.125
238000 0.787 0.088 0.000 0.125
238500 0.787 0.088 0.000 0.125
239000 0.787 0.088 0.000 0.125
239500 0.787 0.088 0.000 0.125
240000 0.787 0.088 0.000 0.125
240500 0.787 0.088 0.000 0.125
241000 0.787 0.088 0.000 0.125
241500 0.787 0.088 0.000 0.125
242000 0.787 0.088 0.000 0.125
242500 0.787 0.088 0.000 0.125
243000 0.787 0.088 0.000 0.125
243500 0.787 0.088 0.000 0.125
244000 0.787 0.088 0.000 0.125
244500 0.787 0.088 0.000 0.125
245000 0.787 0.088 0.000 0.125
245500 0.787 0.088 0.000 0.125
246000 0.787 0.088 0.000 0.125
246500 0.787 0.088 0.000 0.125
247000 0.787 0.088 0.000 0.125
247500 0.787 0.088 0.000 0.125
248000 0.787 0.088 0.000 0.125
248500 0.787 0.088 0.000 0.125
249000 0.787 0.088 0.000 0.125
249500 0.787 0.088 0.000 0.125
250000 0.787 0.088 0.000 0.125
250500 0.787 0.088 0.000 0.125
251000 0.787 0.088 0.000 0.125
251500 0.787 0.088 0.000 0.125
252000 0.787 0.088 0.000 0.125
252500 0.787 0.088 0.000 0.125
253000 0.787 0.088 0.000 0.125
253500 0.787 0.088 0.000 0.125
254000 0.787 0.088 0.000 0.125
254500 0.787 0.088 0.000 0.125
255000 0.787 0.088 0.000 0.125
255500 0.787 0.088 0.000 0.125
256000 0.787 0.088 0.000 0.125
256500 0.787 0.088 0.000 0.125
257000 0.787 0.088 0.000 0.125
257500 0.787 0.088 0.000 0.125
258000 0.787 0.088 0.000 0.125
258500 0.787 0.088 0.000 0.125
259000 0.787 0.088 0.000 0.125
259500 0.787 0.088 0.000 0.125
260000 0.787 0.088 0.000 0.125
260500 0.787 0.088 0.000 0.125
261000 0.787 0.088 0.000 0.125
261500 0.787 0.088 0.000 0.125
262000 0.787 0.088 0.000 0.125
262500 0.787 0.088 0.000 0.125
263000 0.787 0.088 0.000 0.125
263500 0.787 0.088 0.000 0.125
264000 0.787 0.088 0.000 0.125
264500 0.787 0.088 0.000 0.125
265000 0.787 0.088 0.000 0.125
265500 0.787 0.088 0.000 0.125
266000 0.787 0.088 0.000 0.125
266500 0.787 0.088 0.000 0.125
267000 0.787 0.088 0.000 0.125
267500 0.787 0.088 0.000 0.125
268000 0.787 0.088 0.000 0.125
268500 0.787 0.088 0.000 0.125
269000 0.787 0.088 0.000 0.125
269500 0.787 0.088 0.000 0.125
270000 0.787 0.088 0.000 0.125
270500 0.787 0.088 0.000 0.125
271000 0.787 0.088 0.000 0.125
271500 0.787 0.088 0.000 0.125
272000 0.787 0.088 0.000 0.125
272500 0.787 0.088 0.000 0.125
273000 0.787 0.088 0.000 0.125
273500 0.787 0.088 0.000 0.125
274000 0.787 0.088 0.000 0.125
274500 0.787 0.088 0.000 0.125
275000 0.787 0.088 0.000 0.125
275500 0.787 0.088 0.000 0.125
276000 0.787 0.088 0.000 0.125
276500 0.787 0.088 0.000 0.125
277000 0.787 0.088 0.000 0.125
277500 0.787 0.088 0.000 0.125
278000 0.787 0.088 0.000 0.125
278500 0.787 0.088 0.000 0.125
279000 0.787 0.088 0.000 0.125
279500 0.787 0.088 0.000 0.125
280000 0.787 0.088 0.000 0.125
280500 0.787 0.088 0.000 0.125
281000 0.787 0.088 0.000 0.125
281500 0.787 0.088 0.000 0.125
282000 0.787 0.088 0.000 0.125
282500 0.787 0.088 0.000 0.125
283000 0.787 0.088 0.000 0.125
283500 0.787 0.088 0.000 0.125
284000 0.787 0.088 0.000 0.125
284500 0.787 0.088 0.000 0.125
285000 0.787 0.088 0.000 0.125
285500 0.787 0.088 0.000 0.125
286000 0.787 0.088 0.000 0.125
286500 0.787 0.088 0.000 0.125
287000 0.787 0.088 0.000 0.125
287500 0.787 0.088 0.000 0.125
288000 0.787 0.088 0.000 0.125
288500 0.787 0.088 0.000 0.125
289000 0.787 0.088 0.000 0.125
289500 0.787 0.088 0.000 0.125
290000 0.787 0.088 0.000 0.125
290500 0.787 0.088 0.000 0.125
291000 0.787 0.088 0.000 0.125
291500 0.787 0.088 0.000 0.125
292000 0.787 0.088 0.000 0.125
292500 0.787 0.088 0.000 0.125
293000 0.787 0.088 0.000 0.125
293500 0.787 0.088 0.000 0.125
294000 0.787 0.088 0.000 0.125
294500 0.787 0.088 0.000 0.125
295000 0.787 0.088 0.000 0.125
295500 0.787 0.088 0.000 0.125
296000 0.787 0.088 0.000 0.125
296500 0.787 0.088 0.000 0.125
297000 0.787 0.088 0.000 0.125
297500 0.787 0.088 0.000 0.125
298000 0.787 0.088 0.000 0.125
298500 0.787 0.088 0.000 0.125
299000 0.787 0.088 0.000 0.125
299500 0.787 0.088 0.000 0.125
300000 0.787 0.088 0.000 0.125
300500 0.787 0.088 0.000 0.125
301000 0.787 0.088 0.000 0.125
301500 0.787 0.088 0.000 0.125
302000 0.787 0.088 0.000 0.125
302500 0.787 0.088 0.000 0.125
303000 0.787 0.088 0.000 0.125
303500 0.787 0.088 0.000 0.125
304000 0.787 0.088 0.000 0.125
304500 0.787 0.088 0.000 0.125
305000 0.787 0.088 0.000 0.125
305500 0.787 0.088 0.000 0.125
306000 0.787 0.088 0.000 0.125
306500 0.787 0.088 0.000 0.125
307000 0.787 0.088 0.000 0.125
307500 0.787 0.088 0.000 0.125
308000 0.787 0.088 0.000 0.125
308500 0.787 0.088 0.000 0.125
309000 0.787 0.088 0.000 0.125
309500 0.787 0.088 0.000 0.125
310000 0.787 0.088 0.000 0.125
310500 0.787 0.088 0.000 0.125
311000 0.787 0.088 0.000 0.125
311500 0.787 0.088 0.000 0.125
312000 0.787 0.088 0.000 0.125
312500 0.787 0.088 0.000 0.125
313000 0.787 0.088 0.000 0.125
313500 0.787 0.088 0.000 0.125
314000 0.787 0.088 0.000 0.125
314500 0.787 0.088 0.000 0.125
315000 0.787 0.088 0.000 0.125
315500 0.787 0.088 0.000 0.125
316000 0.787 0.088 0.000 0.125
316500 0.787 0.088 0.000 0.125
317000 0.787 0.088 0.000 0.125
317500 0.787 0.088 0.000 0.125
318000 0.787 0.088 0.000 0.125
318500 0.787 0.088 0.000 0.125
319000 0.787 0.088 0.000 0.125
319500 0.787 0.088 0.000 0.125
320000 0.787 0.088 0.000 0.125
320500 0.787 0.088 0.000 0.125
321000 0.787 0.088 0.000 0.125
321500 0.787 0.088 0.000 0.125
322000 0.787 0.088 0.000 0.125
322500 0.787 0.088 0.000 0.125
323000 0.787 0.088 0.000 0.125
323500 0.787 0.088 0.000 0.125
324000 0.787 0.088 0.000 0.125
324500 0.787 0.088 0.000 0.125
325000 0.787 0.088 0.000 0.125
325500 0.787 0.088 0.000 0.125
326000 0.787 0.088 0.000 0.125
326500 0.787 0.088 0.000 0.125
327000 0.787 0.088 0.000 0.125
327500 0.787 0.088 0.000 0.125
328000 0.787 0.088 0.000 0.125
328500 0.787 0.088 0.000 0.125
329000 0.787 0.088 0.000 0.125
329500 0.787 0.088 0.000 0.125
330000 0.787 0.088 0.000 0.125
330500 0.787 0.088 0.000 0.125
331000 0.787 0.088 0.000 0.125
331500 0.787 0.088 0.000 0.125
332000 0.787 0.088 0.000 0.125
332500 0.787 0.088 0.000 0.125
333000 0.787 0.088 0.000 0.125
333500 0.787 0.088 0.000 0.125
334000 0.787 0.088 0.000 0.125
334500 0.787 0.088 0.000 0.125
335000 0.787 0.088 0.000 0.125
335500 0.787 0.088 0.000 0.125
336000 0.787 0.088 0.000 0.125
336500 0.787 0.088 0.000 0.125
337000 0.787 0.088 0.000 0.125
337500 0.787 0.088 0.000 0.125
338000 0.787 0.088 0.000 0.125
338500 0.787 0.088 0.000 0.125
339000 0.787 0.088 0.000 0.125
339500 0.787 0.088 0.000 0.125
340000 0.787 0.088 0.000 0.125
340500 0.787 0.088 0.000 0.125
341000 0.787 0.088 0.000 0.125
341500 0.787 0.088 0.000 0.125
342000 0.787 0.088 0.000 0.125
342500 0.787 0.088 0.000 0.125
343000 0.787 0.088 0.000 0.125
343500 0.787 0.088 0.000 0.125
344000 0.787 0.088 0.000 0.125
344500 0.787 0.088 0.000 0.125
345000 0.787 0.088 0.000 0.125
345500 0.787 0.088 0.000 0.125
346000 0.787 0.088 0.000 0.125
346500 0.787 0.088 0.000 0.125
347000 0.787 0.088 0.000 0.125
347500 0.787 0.088 0.000 0.125
348000 0.787 0.088 0.000 0.125
348500 0.787 0.088 0.000 0.125
349000 0.787 0.088 0.000 0.125
349500 0.787 0.088 0.000 0.125
350000 0.787 0.088 0.000 0.125
350500 0.787 0.088 0.000 0.125
351000 0.787 0.088 0.000 0.125
351500 0.787 0.088 0.000 0.125
352000 0.787 0.088 0.000 0.125
352500 0.787 0.088 0.000 0.125
353000 0.787 0.088 0.000 0.125
353500 0.787 0.088 0.000 0.125
354000 0.787 0.088 0.000 0.125
354500 0.787 0.088 0.000 0.125
355000 0.787 0.088 0.000 0.125
355500 0.787 0.088 0.000 0.125
356000 0.787 0.088 0.000 0.125
356500 0.787 0.088 0.000 0.125
357000 0.787 0.088 0.000 0.125
357500 0.787 0.088 0.000 0.125
358000 0.787 0.088 0.000 0.125
358500 0.787 0.088 0.000 0.125
359000 0.787 0.088 0.000 0.125
359500 0.787 0.088 0.000 0.125
360000 0.787 0.088 0.000 0.125
360500 0.787 0.088 0.000 0.125
361000 0.787 0.088 0.000 0.125
361500 0.787 0.088 0.000 0.125
362000 0.787 0.088 0.000 0.125
362500 0.787 0.088 0.000 0.125
363000 0.787 0.088 0.000 0.125
363500 0.787 0.088 0.000 0.125
364000 0.787 0.088 0.000 0.125
364500 0.787 0.088 0.000 0.125
365000 0.787 0.088 0.000 0.125
365500 0.787 0.088 0.000 0.125
366000 0.787 0.088 0.000 0.125
366500 0.787 0.088 0.000 0.125
367000 0.787 0.088 0.000 0.125
367500 0.787 0.088 0.000 0.125
368000 0.787 0.088 0.000 0.125
368500 0.787 0.088 0.000 0.125
369000 0.787 0.088 0.000 0.125
369500 0.787 0.088 0.000 0.125
370000 0.787 0.088 0.000 0.125
370500 0.787 0.088 0.000 0.125
371000 0.787 0.088 0.000 0.125
371500 0.787 0.088 0.000 0.125
372000 0.787 0.088 0.000 0.125
372500 0.787 0.088 0.000 0.125
373000 0.787 0.088 0.000 0.125
373500 0.787 0.088 0.000 0.125
374000 0.787 0.088 0.000 0.125
374500 0.787 0.088 0.000 0.125
375000 0.787 0.088 0.000 0.125
375500 0.787 0.088 0.000 0.125
376000 0.787 0.088 0.000 0.125
376500 0.787 0.088 0.000 0.125
377000 0.787 0.088 0.000 0.125
377500 0.787 0.088 0.000 0.125
378000 0.787 0.088 0.000 0.125
378500 0.787 0.088 0.000 0.125
379000 0.787 0.088 0.000 0.125
379500 0.787 0.088 0.000 0.125
380000 0.787 0.088 0.000 0.125
380500 0.787 0.088 0.000 0.125
381000 0.787 0.088 0.000 0.125
381500 0.787 0.088 0.000 0.125
382000 0.787 0.088 0.000 0.125
382500 0.787 0.088 0.000 0.125
383000 0.787 0.088 0.000 0.125
383500 0.787 0.088 0.000 0.125
384000 0.787 0.088 0.000 0.125
384500 0.787 0.088 0.000 0.125
385000 0.787 0.088 0.000 0.125
385500 0.787 0.088 0.000 0.125
386000 0.787 0.088 0.000 0.125
386500 0.787 0.088 0.000 0.125
387000 0.787 0.088 0.000 0.125
387500 0.787 0.088 0.000 0.125
388000 0.787 0.088 0.000 0.125
388500 0.787 0.088 0.000 0.125
389000 0.787 0.088 0.000 0.125
389500 0.787 0.088 0.000 0.125
390000 0.787 0.088 0.000 0.125
390500 0.787 0.088 0.000 0.125
391000 0.787 0.088 0.000 0.125
391500 0.787 0.088 0.000 0.125
392000 0.787 0.088 0.000 0.125
392500 0.787 0.088 0.000 0.125
393000 0.787 0.088 0.000 0.125
393500 0.787 0.088 0.000 0.125
394000 0.787 0.088 0.000 0.125
394500 0.787 0.088 0.000 0.125
395000 0.787 0.088 0.000 0.125
395500 0.787 0.088 0.000 0.125
396000 0.787 0.088 0.000 0.125
396500 0.787 0.088 0.000 0.125
397000 0.787 0.088 0.000 0.125
397500 0.787 0.088 0.000 0.125
398000 0.787 0.088 0.000 0.125
398500 0.787 0.088 0.000 0.125
399000 0.787 0.088 0.000 0.125
399500 0.787 0.088 0.000 0.125
400000 0.787 0.088 0.000 0.125
400500 0.787 0.088 0.000 0.125
401000 0.787 0.088 0.000 0.125
401500 0.787 0.088 0.000 0.125
402000 0.787 0.088 0.000 0.125
402500 0.787 0.088 0.000 0.125
403000 0.787 0.088 0.000 0.125
403500 0.787 0.088 0.000 0.125
404000 0.787 0.088 0.000 0.125
404500 0.787 0.088 0.000 0.125
405000 0.787 0.088 0.000 0.125
405500 0.787 0.088 0.000 0.125
406000 0.787 0.088 0.000 0.125
406500 0.787 0.088 0.000 0.125
407000 0.787 0.088 0.000 0.125
407500 0.787 0.088 0.000 0.125
408000 0.787 0.088 0.000 0.125
408500 0.787 0.088 0.000 0.125
409000 0.787 0.088 0.000 0.125
409500 0.787 0.088 0.000 0.125
410000 0.787 0.088 0.000 0.125
410500 0.787 0.088 0.000 0.125
411000 0.787 0.088 0.000 0.125
411500 0.787 0.088 0.000 0.125
412000 0.787 0.088 0.000 0.125
412500 0.787 0.088 0.000 0.125
413000 0.787 0.088 0.000 0.125
413500 0.787 0.088 0.000 0.125
414000 0.787 0.088 0.000 0.125
414500 0.787 0.088 0.000 0.125
415000 0.787 0.088 0.000 0.125
415500 0.787 0.088 0.000 0.125
416000 0.787 0.088 0.000 0.125
416500 0.787 0.088 0.000 0.125
417000 0.787 0.088 0.000 0.125
417500 0.787 0.088 0.000 0.125
418000 0.787 0.088 0.000 0.125
418500 0.787 0.088 0.000 0.125
419000 0.787 0.088 0.000 0.125
419500 0.787 0.088 0.000 0.125
420000 0.787 0.088 0.000 0.125
420500 0.787 0.088 0.000 0.125
421000 0.787 0.088 0.000 0.125
421500 0.787 0.088 0.000 0.125
422000 0.787 0.088 0.000 0.125
422500 0.787 0.088 0.000 0.125
423000 0.787 0.088 0.000 0.125
423500 0.787 0.088 0.000 0.125
424000 0.787 0.088 0.000 0.125
424500 0.787 0.088 0.000 0.125
425000 0.787 0.088 0.000 0.125
425500 0.787 0.088 0.000 0.125
426000 0.787 0.088 0.000 0.125
426500 0.787 0.088 0.000 0.125
427000 0.787 0.088 0.000 0.125
427500 0.787 0.088 0.000 0.125
428000 0.787 0.088 0.000 0.125
428500 0.787 0.088 0.000 0.125
429000 0.787 0.088 0.000 0.125
429500 0.787 0.088 0.000 0.125
430000 0.787 0.088 0.000 0.125
430500 0.787 0.088 0.000 0.125
431000 0.787 0.088 0.000 0.125
431500 0.787 0.088 0.000 0.125
432000 0.787 0.088 0.000 0.125
432500 0.787 0.088 0.000 0.125
433000 0.787 0.088 0.000 0.125
433500 0.787 0.088 0.000 0.125
434000 0.787 0.088 0.000 0.125
434500 0.787 0.088 0.000 0.125
435000 0.787 0.088 0.000 0.125
435500 0.787 0.088 0.000 0.125
436000 0.787 0.088 0.000 0.125
436500 0.787 0.088 0.000 0.125
437000 0.787 0.088 0.000 0.125
437500 0.787 0.088 0.000 0.125
438000 0.787 0.088 0.000 0.125
438500 0.787 0.088 0.000 0.125
439000 0.787 0.088 0.000 0.125
439500 0.787 0.088 0.000 0.125
440000 0.787 0.088 0.000 0.125
440500 0.787 0.088 0.000 0.125
441000 0.787 0.088 0.000 0.125
441500 0.787 0.088 0.000 0.125
442000 0.787 0.088 0.000 0.125
442500 0.787 0.088 0.000 0.125
443000 0.787 0.088 0.000 0.125
443500 0.787 0.088 0.000 0.125
444000 0.787 0.088 0.000 0.125
444500 0.787 0.088 0.000 0.125
445000 0.787 0.088 0.000 0.125
445500 0.787 0.088 0.000 0.125
446000 0.787 0.088 0.000 0.125
446500 0.787 0.088 0.000 0.125
447000 0.787 0.088 0.000 0.125
447500 0.787 0.088 0.000 0.125
448000 0.787 0.088 0.000 0.125
448500 0.787 0.088 0.000 0.125
449000 0.787 0.088 0.000 0.125
449500 0.787 0.088 0.000 0.125
450000 0.787 0.088 0.000 0.125
450500 0.787 0.088 0.000 0.125
451000 0.787 0.088 0.000 0.125
451500 0.787 0.088 0.000 0.125
452000 0.787 0.088 0.000 0.125
452500 0.787 0.088 0.000 0.125
453000 0.787 0.088 0.000 0.125
453500 0.787 0.088 0.000 0.125
454000 0.787 0.088 0.000 0.125
454500 0.787 0.088 0.000 0.125
455000 0.787 0.088 0.000 0.125
455500 0.787 0.088 0.000 0.125
456000 0.787 0.088 0.000 0.125
456500 0.787 0.088 0.000 0.125
457000 0.787 0.088 0.000 0.125
457500 0.787 0.088 0.000 0.125
458000 0.787 0.088 0.000 0.125
458500 0.787 0.088 0.000 0.125
459000 0.787 0.088 0.000 0.125
459500 0.787 0.088 0.000 0.125
460000 0.787 0.088 0.000 0.125
460500 0.787 0.088 0.000 0.125
461000 0.787 0.088 0.000 0.125
461500 0.787 0.088 0.000 0.125
462000 0.787 0.088 0.000 0.125
462500 0.787 0.088 0.000 0.125
463000 0.787 0.088 0.000 0.125
463500 0.787 0.088 0.000 0.125
464000 0.787 0.088 0.000 0.125
464500 0.787 0.088 0.000 0.125
465000 0.787 0.088 0.000 0.125
465500 0.787 0.088 0.000 0.125
466000 0.787 0.088 0.000 0.125
466500 0.787 0.088 0.000 0.125
467000 0.787 0.088 0.000 0.125
467500 0.787 0.088 0.000 0.125
468000 0.787 0.088 0.000 0.125
468500 0.787 0.088 0.000 0.125
469000 0.787 0.088 0.000 0.125
469500 0.787 0.088 0.000 0.125
470000 0.787 0.088 0.000 0.125
470500 0.787 0.088 0.000 0.125
471000 0.787 0.088 0.000 0.125
471500 0.787 0.088 0.000 0.125
472000 0.787 0.088 0.000 0.125
472500 0.787 0.088 0.000 0.125
473000 0.787 0.088 0.000 0.125
473500 0.787 0.088 0.000 0.125
474000 0.787 0.088 0.000 0.125
474500 0.787 0.088 0.000 0.125
475000 0.787 0.088 0.000 0.125
475500 0.787 0.088 0.000 0.125
476000 0.787 0.088 0.000 0.125
476500 0.787 0.088 0.000 0.125
477000 0.787 0.088 0.000 0.125
477500 0.787 0.088 0.000 0.125
478000 0.787 0.088 0.000 0.125
478500 0.787 0.088 0.000 0.125
479000 0.787 0.088 0.000 0.125
479500 0.787 0.088 0.000 0.125
480000 0.787 0.088 0.000 0.125
480500 0.787 0.088 0.000 0.125
481000 0.787 0.088 0.000 0.125
481500 0.787 0.088 0.000 0.125
482000 0.787 0.088 0.000 0.125
482500 0.787 0.088 0.000 0.125
483000 0.787 0.088 0.000 0.125
483500 0.787 0.088 0.000 0.125
484000 0.787 0.088 0.000 0.125
484500 0.787 0.088 0.000 0.125
485000 0.787 0.088 0.000 0.125
485500 0.787 0.088 0.000 0.125
486000 0.787 0.088 0.000 0.125
486500 0.787 0.088 0.000 0.125
487000 0.787 0.088 0.000 0.125
487500 0.787 0.088 0.000 0.125
488000 0.787 0.088 0.000 0.125
488500 0.787 0.088 0.000 0.125
489000 0.787 0.088 0.000 0.125
489500 0.787 0.088 0.000 0.125
490000 0.787 0.088 0.000 0.125
490500 0.787 0.088 0.000 0.125
491000 0.787 0.088 0.000 0.125
491500 0.787 0.088 0.000 0.125
492000 0.787 0.088 0.000 0.125
492500 0.787 0.088 0.000 0.125
493000 0.787 0.088 0.000 0.125
493500 0.787 0.088 0.000 0.125
494000 0.787 0.088 0.000 0.125
494500 0.787 0.088 0.000 0.125
495000 0.787 0.088 0.000 0.125
495500 0.787 0.088 0.000 0.125
496000 0.787 0.088 0.000 0.125
496500 0.787 0.088 0.000 0.125
497000 0.787 0.088 0.000 0.125
497500 0.787 0.088 0.000 0.125
498000 0.787 0.088 0.000 0.125
498500 0.787 0.088 0.000 0.125
499000 0.787 0.088 0.000 0.125
499500 0.787 0.088 0.000 0.125
500000 0.787 0.088 0.000 0.125
