000000 0.250 0.250 0.250 0.250
000500 0.839 0.045 0.000 0.116
001000 0.841 0.044 0.000 0.115
001500 0.844 0.043 0.000 0.113
002000 0.844 0.043 0.000 0.113
002500 0.844 0.043 0.000 0.113
003000 0.844 0.043 0.000 0.113
003500 0.844 0.043 0.000 0.113
004000 0.844 0.043 0.000 0.113
004500 0.844 0.043 0.000 0.113
005000 0.844 0.043 0.000 0.113
005500 0.844 0.043 0.000 0.113
006000 0.844 0.043 0.000 0.113
006500 0.844 0.043 0.000 0.113
007000 0.844 0.043 0.000 0.113
007500 0.844 0.043 0.000 0.113
008000 0.844 0.043 0.000 0.113
008500 0.844 0.043 0.000 0.113
009000 0.844 0.043 0.000 0.113
009500 0.844 0.043 0.000 0.113
010000 0.844 0.043 0.000 0.113
010500 0.844 0.043 0.000 0.113
011000 0.844 0.043 0.000 0.113
011500 0.844 0.043 0.000 0.113
012000 0.844 0.043 0.000 0.113
012500 0.844 0.043 0.000 0.113
013000 0.844 0.043 0.000 0.113
013500 0.844 0.043 0.000 0.113
014000 0.844 0.043 0.000 0.113
014500 0.844 0.043 0.000 0.113
015000 0.844 0.043 0.000 0.113
015500 0.844 0.043 0.000 0.113
016000 0.844 0.043 0.000 0.113
016500 0.844 0.043 0.000 0.113
017000 0.844 0.043 0.000 0.113
017500 0.844 0.043 0.000 0.113
018000 0.844 0.043 0.000 0.113
018500 0.844 0.043 0.000 0.113
019000 0.844 0.043 0.000 0.113
019500 0.844 0.043 0.000 0.113
020000 0.844 0.043 0.000 0.113
020500 0.844 0.043 0.000 0.113
021000 0.844 0.043 0.000 0.113
021500 0.844 0.043 0.000 0.113
022000 0.844 0.043 0.000 0.113
022500 0.844 0.043 0.000 0.113
023000 0.844 0.043 0.000 0.113
023500 0.844 0.043 0.000 0.113
024000 0.844 0.043 0.000 0.113
024500 0.844 0.043 0.000 0.113
025000 0.844 0.043 0.000 0.113
025500 0.844 0.043 0.000 0.113
026000 0.844 0.043 0.000 0.113
026500 0.844 0.043 0.000 0.113
027000 0.844 0.043 0.000 0.113
027500 0.844 0.043 0.000 0.113
028000 0.844 0.043 0.000 0.113
028500 0.844 0.043 0.000 0.113
029000 0.844 0.043 0.000 0.113
029500 0.844 0.043 0.000 0.113
030000 0.844 0.043 0.000 0.113
030500 0.844 0.043 0.000 0.113
031000 0.844 0.043 0.000 0.113
031500 0.844 0.043 0.000 0.113
032000 0.844 0.043 0.000 0.113
032500 0.844 0.043 0.000 0.113
033000 0.844 0.043 0.000 0.113
033500 0.844 0.043 0.000 0.113
034000 0.844 0.043 0.000 0.113
034500 0.844 0.043 0.000 0.113
035000 0.844 0.043 0.000 0.113
035500 0.844 0.043 0.000 0.113
036000 0.844 0.043 0.000 0.113
036500 0.844 0.043 0.000 0.113
037000 0.844 0.043 0.000 0.113
037500 0.844 0.043 0.000 0.113
038000 0.844 0.043 0.000 0.113
038500 0.844 0.043 0.000 0.113
039000 0.844 0.043 0.000 0.113
039500 0.844 0.043 0.000 0.113
040000 0.844 0.043 0.000 0.113
040500 0.844 0.043 0.000 0.113
041000 0.844 0.043 0.000 0.113
041500 0.844 0.043 0.000 0.113
042000 0.844 0.043 0.000 0.113
042500 0.844 0.043 0.000 0.113
043000 0.844 0.043 0.000 0.113
043500 0.844 0.043 0.000 0.113
044000 0.844 0.043 0.000 0.113
044500 0.844 0.043 0.000 0.113
045000 0.844 0.043 0.000 0.113
045500 0.844 0.043 0.000 0.113
046000 0.844 0.043 0.000 0.113
046500 0.844 0.043 0.000 0.113
047000 0.844 0.043 0.000 0.113
047500 0.844 0.043 0.000 0.113
048000 0.844 0.043 0.000 0.113
048500 0.844 0.043 0.000 0.113
049000 0.844 0.043 0.000 0.113
049500 0.844 0.043 0.000 0.113
050000 0.844 0.043 0.000 0.113
050500 0.844 0.043 0.000 0.113
051000 0.844 0.043 0.000 0.113
051500 0.844 0.043 0.000 0.113
052000 0.844 0.043 0.000 0.113
052500 0.844 0.043 0.000 0.113
053000 0.844 0.043 0.000 0.113
053500 0.844 0.043 0.000 0.113
054000 0.844 0.043 0.000 0.113
054500 0.844 0.043 0.000 0.113
055000 0.844 0.043 0.000 0.113
055500 0.844 0.043 0.000 0.113
056000 0.844 0.043 0.000 0.113
056500 0.844 0.043 0.000 0.113
057000 0.844 0.043 0.000 0.113
057500 0.844 0.043 0.000 0.113
058000 0.844 0.043 0.000 0.113
058500 0.844 0.043 0.000 0.113
059000 0.844 0.043 0.000 0.113
059500 0.844 0.043 0.000 0.113
060000 0.844 0.043 0.000 0.113
060500 0.844 0.043 0.000 0.113
061000 0.844 0.043 0.000 0.113
061500 0.844 0.043 0.000 0.113
062000 0.844 0.043 0.000 0.113
062500 0.844 0.043 0.000 0.113
063000 0.844 0.043 0.000 0.113
063500 0.844 0.043 0.000 0.113
064000 0.844 0.043 0.000 0.113
064500 0.844 0.043 0.000 0.113
065000 0.844 0.043 0.000 0.113
065500 0.844 0.043 0.000 0.113
066000 0.844 0.043 0.000 0.113
066500 0.844 0.043 0.000 0.113
067000 0.844 0.043 0.000 0.113
067500 0.844 0.043 0.000 0.113
068000 0.844 0.043 0.000 0.113
068500 0.844 0.043 0.000 0.113
069000 0.844 0.043 0.000 0.113
069500 0.844 0.043 0.000 0.113
070000 0.844 0.043 0.000 0.113
070500 0.844 0.043 0.000 0.113
071000 0.844 0.043 0.000 0.113
071500 0.844 0.043 0.000 0.113
072000 0.844 0.043 0.000 0.113
072500 0.844 0.043 0.000 0.113
073000 0.844 0.043 0.000 0.113
073500 0.844 0.043 0.000 0.113
074000 0.844 0.043 0.000 0.113
074500 0.844 0.043 0.000 0.113
075000 0.844 0.043 0.000 0.113
075500 0.844 0.043 0.000 0.113
076000 0.844 0.043 0.000 0.113
076500 0.844 0.043 0.000 0.113
077000 0.844 0.043 0.000 0.113
077500 0.844 0.043 0.000 0.113
078000 0.844 0.043 0.000 0.113
078500 0.844 0.043 0.000 0.113
079000 0.844 0.043 0.000 0.113
079500 0.844 0.043 0.000 0.113
080000 0.844 0.043 0.000 0.113
080500 0.844 0.043 0.000 0.113
081000 0.844 0.043 0.000 0.113
081500 0.844 0.043 0.000 0.113
082000 0.844 0.043 0.000 0.113
082500 0.844 0.043 0.000 0.113
083000 0.844 0.043 0.000 0.113
083500 0.844 0.043 0.000 0.113
084000 0.844 0.043 0.000 0.113
084500 0.844 0.043 0.000 0.113
085000 0.844 0.043 0.000 0.113
085500 0.844 0.043 0.000 0.113
086000 0.844 0.043 0.000 0.113
086500 0.844 0.043 0.000 0.113
087000 0.844 0.043 0.000 0.113
087500 0.844 0.043 0.000 0.113
088000 0.844 0.043 0.000 0.113
088500 0.844 0.043 0.000 0.113
089000 0.844 0.043 0.000 0.113
089500 0.844 0.043 0.000 0.113
090000 0.844 0.043 0.000 0.113
090500 0.844 0.043 0.000 0.113
091000 0.844 0.043 0.000 0.113
091500 0.844 0.043 0.000 0.113
092000 0.844 0.043 0.000 0.113
092500 0.844 0.043 0.000 0.113
093000 0.844 0.043 0.000 0.113
093500 0.844 0.043 0.000 0.113
094000 0.844 0.043 0.000 0.113
094500 0.844 0.043 0.000 0.113
095000 0.844 0.043 0.000 0.113
095500 0.844 0.043 0.000 0.113
096000 0.844 0.043 0.000 0.113
096500 0.844 0.043 0.000 0.113
097000 0.844 0.043 0.000 0.113
097500 0.844 0.043 0.000 0.113
098000 0.844 0.043 0.000 0.113
098500 0.844 0.043 0.000 0.113
099000 0.844 0.043 0.000 0.113
099500 0.844 0.043 0.000 0.113
100000 0.844 0.043 0.000 0.113
100500 0.844 0.043 0.000 0.113
101000 0.844 0.043 0.000 0.113
101500 0.844 0.043 0.000 0.113
102000 0.844 0.043 0.000 0.113
102500 0.844 0.043 0.000 0.113
103000 0.844 0.043 0.000 0.113
103500 0.844 0.043 0.000 0.113
104000 0.844 0.043 0.000 0.113
104500 0.844 0.043 0.000 0.113
105000 0.844 0.043 0.000 0.113
105500 0.844 0.043 0.000 0.113
106000 0.844 0.043 0.000 0.113
106500 0.844 0.043 0.000 0.113
107000 0.844 0.043 0.000 0.113
107500 0.844 0.043 0.000 0.113
108000 0.844 0.043 0.000 0.113
108500 0.844 0.043 0.000 0.113
109000 0.844 0.043 0.000 0.113
109500 0.844 0.043 0.000 0.113
110000 0.844 0.043 0.000 0.113
110500 0.844 0.043 0.000 0.113
111000 0.844 0.043 0.000 0.113
111500 0.844 0.043 0.000 0.113
112000 0.844 0.043 0.000 0.113
112500 0.844 0.043 0.000 0.113
113000 0.844 0.043 0.000 0.113
113500 0.844 0.043 0.000 0.113
114000 0.844 0.043 0.000 0.113
114500 0.844 0.043 0.000 0.113
115000 0.844 0.043 0.000 0.113
115500 0.844 0.043 0.000 0.113
116000 0.844 0.043 0.000 0.113
116500 0.844 0.043 0.000 0.113
117000 0.844 0.043 0.000 0.113
117500 0.844 0.043 0.000 0.113
118000 0.844 0.043 0.000 0.113
118500 0.844 0.043 0.000 0.113
119000 0.844 0.043 0.000 0.113
119500 0.844 0.043 0.000 0.113
120000 0.844 0.043 0.000 0.113
120500 0.844 0.043 0.000 0.113
121000 0.844 0.043 0.000 0.113
121500 0.844 0.043 0.000 0.113
122000 0.844 0.043 0.000 0.113
122500 0.844 0.043 0.000 0.113
123000 0.844 0.043 0.000 0.113
123500 0.844 0.043 0.000 0.113
124000 0.844 0.043 0.000 0.113
124500 0.844 0.043 0.000 0.113
125000 0.844 0.043 0.000 0.113
125500 0.844 0.043 0.000 0.113
126000 0.844 0.043 0.000 0.113
126500 0.844 0.043 0.000 0.113
127000 0.844 0.043 0.000 0.113
127500 0.844 0.043 0.000 0.113
128000 0.844 0.043 0.000 0.113
128500 0.844 0.043 0.000 0.113
129000 0.844 0.043 0.000 0.113
129500 0.844 0.043 0.000 0.113
130000 0.844 0.043 0.000 0.113
130500 0.844 0.043 0.000 0.113
131000 0.844 0.043 0.000 0.113
131500 0.844 0.043 0.000 0.113
132000 0.844 0.043 0.000 0.113
132500 0.844 0.043 0.000 0.113
133000 0.844 0.043 0.000 0.113
133500 0.844 0.043 0.000 0.113
134000 0.844 0.043 0.000 0.113
134500 0.844 0.043 0.000 0.113
135000 0.844 0.043 0.000 0.113
135500 0.844 0.043 0.000 0.113
136000 0.844 0.043 0.000 0.113
136500 0.844 0.043 0.000 0.113
137000 0.844 0.043 0.000 0.113
137500 0.844 0.043 0.000 0.113
138000 0.844 0.043 0.000 0.113
138500 0.844 0.043 0.000 0.113
139000 0.844 0.043 0.000 0.113
139500 0.844 0.043 0.000 0.113
140000 0.844 0.043 0.000 0.113
140500 0.844 0.043 0.000 0.113
141000 0.844 0.043 0.000 0.113
141500 0.844 0.043 0.000 0.113
142000 0.844 0.043 0.000 0.113
142500 0.844 0.043 0.000 0.113
143000 0.844 0.043 0.000 0.113
143500 0.844 0.043 0.000 0.113
144000 0.844 0.043 0.000 0.113
144500 0.844 0.043 0.000 0.113
145000 0.844 0.043 0.000 0.113
145500 0.844 0.043 0.000 0.113
146000 0.844 0.043 0.000 0.113
146500 0.844 0.043 0.000 0.113
147000 0.844 0.043 0.000 0.113
147500 0.844 0.043 0.000 0.113
148000 0.844 0.043 0.000 0.113
148500 0.844 0.043 0.000 0.113
149000 0.844 0.043 0.000 0.113
149500 0.844 0.043 0.000 0.113
150000 0.844 0.043 0.000 0.113
150500 0.844 0.043 0.000 0.113
151000 0.844 0.043 0.000 0.113
151500 0.844 0.043 0.000 0.113
152000 0.844 0.043 0.000 0.113
152500 0.844 0.043 0.000 0.113
153000 0.844 0.043 0.000 0.113
153500 0.844 0.043 0.000 0.113
154000 0.844 0.043 0.000 0.113
154500 0.844 0.043 0.000 0.113
155000 0.844 0.043 0.000 0.113
155500 0.844 0.043 0.000 0.113
156000 0.844 0.043 0.000 0.113
156500 0.844 0.043 0.000 0.113
157000 0.844 0.043 0.000 0.113
157500 0.844 0.043 0.000 0.113
158000 0.844 0.043 0.000 0.113
158500 0.844 0.043 0.000 0.113
159000 0.844 0.043 0.000 0.113
159500 0.844 0.043 0.000 0.113
160000 0.844 0.043 0.000 0.113
160500 0.844 0.043 0.000 0.113
161000 0.844 0.043 0.000 0.113
161500 0.844 0.043 0.000 0.113
162000 0.844 0.043 0.000 0.113
162500 0.844 0.043 0.000 0.113
163000 0.844 0.043 0.000 0.113
163500 0.844 0.043 0.000 0.113
164000 0.844 0.043 0.000 0.113
164500 0.844 0.043 0.000 0.113
165000 0.844 0.043 0.000 0.113
165500 0.844 0.043 0.000 0.113
166000 0.844 0.043 0.000 0.113
166500 0.844 0.043 0.000 0.113
167000 0.844 0.043 0.000 0.113
167500 0.844 0.043 0.000 0.113
168000 0.844 0.043 0.000 0.113
168500 0.844 0.043 0.000 0.113
169000 0.844 0.043 0.000 0.113
169500 0.844 0.043 0.000 0.113
170000 0.844 0.043 0.000 0.113
170500 0.844 0.043 0.000 0.113
171000 0.844 0.043 0.000 0.113
171500 0.844 0.043 0.000 0.113
172000 0.844 0.043 0.000 0.113
172500 0.844 0.043 0.000 0.113
173000 0.844 0.043 0.000 0.113
173500 0.844 0.043 0.000 0.113
174000 0.844 0.043 0.000 0.113
174500 0.844 0.043 0.000 0.113
175000 0.844 0.043 0.000 0.113
175500 0.844 0.043 0.000 0.113
176000 0.844 0.043 0.000 0.113
176500 0.844 0.043 0.000 0.113
177000 0.844 0.043 0.000 0.113
177500 0.844 0.043 0.000 0.113
178000 0.844 0.043 0.000 0.113
178500 0.844 0.043 0.000 0.113
179000 0.844 0.043 0.000 0.113
179500 0.844 0.043 0.000 0.113
180000 0.844 0.043 0.000 0.113
180500 0.844 0.043 0.000 0.113
181000 0.844 0.043 0.000 0.113
181500 0.844 0.043 0.000 0.113
182000 0.844 0.043 0.000 0.113
182500 0.844 0.043 0.000 0.113
183000 0.844 0.043 0.000 0.113
183500 0.844 0.043 0.000 0.113
184000 0.844 0.043 0.000 0.113
184500 0.844 0.043 0.000 0.113
185000 0.844 0.043 0.000 0.113
185500 0.844 0.043 0.000 0.113
186000 0.844 0.043 0.000 0.113
186500 0.844 0.043 0.000 0.113
187000 0.844 0.043 0.000 0.113
187500 0.844 0.043 0.000 0.113
188000 0.844 0.043 0.000 0.113
188500 0.844 0.043 0.000 0.113
189000 0.844 0.043 0.000 0.113
189500 0.844 0.043 0.000 0.113
190000 0.844 0.043 0.000 0.113
190500 0.844 0.043 0.000 0.113
191000 0.844 0.043 0.000 0.113
191500 0.844 0.043 0.000 0.113
192000 0.844 0.043 0.000 0.113
192500 0.844 0.043 0.000 0.113
193000 0.844 0.043 0.000 0.113
193500 0.844 0.043 0.000 0.113
194000 0.844 0.043 0.000 0.113
194500 0.844 0.043 0.000 0.113
195000 0.844 0.043 0.000 0.113
195500 0.844 0.043 0.000 0.113
196000 0.844 0.043 0.000 0.113
196500 0.844 0.043 0.000 0.113
197000 0.844 0.043 0.000 0.113
197500 0.844 0.043 0.000 0.113
198000 0.844 0.043 0.000 0.113
198500 0.844 0.043 0.000 0.113
199000 0.844 0.043 0.000 0.113
199500 0.844 0.043 0.000 0.113
200000 0.844 0.043 0.000 0.113
200500 0.844 0.043 0.000 0.113
201000 0.844 0.043 0.000 0.113
201500 0.844 0.043 0.000 0.113
202000 0.844 0.043 0.000 0.113
202500 0.844 0.043 0.000 0.113
203000 0.844 0.043 0.000 0.113
203500 0.844 0.043 0.000 0.113
204000 0.844 0.043 0.000 0.113
204500 0.844 0.043 0.000 0.113
205000 0.844 0.043 0.000 0.113
205500 0.844 0.043 0.000 0.113
206000 0.844 0.043 0.000 0.113
206500 0.844 0.043 0.000 0.113
207000 0.844 0.043 0.000 0.113
207500 0.844 0.043 0.000 0.113
208000 0.844 0.043 0.000 0.113
208500 0.844 0.043 0.000 0.113
209000 0.844 0.043 0.000 0.113
209500 0.844 0.043 0.000 0.113
210000 0.844 0.043 0.000 0.113
210500 0.844 0.043 0.000 0.113
211000 0.844 0.043 0.000 0.113
211500 0.844 0.043 0.000 0.113
212000 0.844 0.043 0.000 0.113
212500 0.844 0.043 0.000 0.113
213000 0.844 0.043 0.000 0.113
213500 0.844 0.043 0.000 0.113
214000 0.844 0.043 0.000 0.113
214500 0.844 0.043 0.000 0.113
215000 0.844 0.043 0.000 0.113
215500 0.844 0.043 0.000 0.113
216000 0.844 0.043 0.000 0.113
216500 0.844 0.043 0.000 0.113
217000 0.844 0.043 0.000 0.113
217500 0.844 0.043 0.000 0.113
218000 0.844 0.043 0.000 0.113
218500 0.844 0.043 0.000 0.113
219000 0.844 0.043 0.000 0.113
219500 0.844 0.043 0.000 0.113
220000 0.844 0.043 0.000 0.113
220500 0.844 0.043 0.000 0.113
221000 0.844 0.043 0.000 0.113
221500 0.844 0.043 0.000 0.113
222000 0.844 0.043 0.000 0.113
222500 0.844 0.043 0.000 0.113
223000 0.844 0.043 0.000 0.113
223500 0.844 0.043 0.000 0.113
224000 0.844 0.043 0.000 0.113
224500 0.844 0.043 0.000 0.113
225000 0.844 0.043 0.000 0.113
225500 0.844 0.043 0.000 0.113
226000 0.844 0.043 0.000 0.113
226500 0.844 0.043 0.000 0.113
227000 0.844 0.043 0.000 0.113
227500 0.844 0.043 0.000 0.113
228000 0.844 0.043 0.000 0.113
228500 0.844 0.043 0.000 0.113
229000 0.844 0.043 0.000 0.113
229500 0.844 0.043 0.000 0.113
230000 0.844 0.043 0.000 0.113
230500 0.844 0.043 0.000 0.113
231000 0.844 0.043 0.000 0.113
231500 0.844 0.043 0.000 0.113
232000 0.844 0.043 0.000 0.113
232500 0.844 0.043 0.000 0.113
233000 0.844 0.043 0.000 0.113
233500 0.844 0.043 0.000 0.113
234000 0.844 0.043 0.000 0.113
234500 0.844 0.043 0.000 0.113
235000 0.844 0.043 0.000 0.113
235500 0.844 0.043 0.000 0.113
236000 0.844 0.043 0.000 0.113
236500 0.844 0.043 0.000 0.113
237000 0.844 0.043 0.000 0.113
237500 0.844 0.043 0.000 0.113
238000 0.844 0.043 0.000 0.113
238500 0.844 0.043 0.000 0.113
239000 0.844 0.043 0.000 0.113
239500 0.844 0.043 0.000 0.113
240000 0.844 0.043 0.000 0.113
240500 0.844 0.043 0.000 0.113
241000 0.844 0.043 0.000 0.113
241500 0.844 0.043 0.000 0.113
242000 0.844 0.043 0.000 0.113
242500 0.844 0.043 0.000 0.113
243000 0.844 0.043 0.000 0.113
243500 0.844 0.043 0.000 0.113
244000 0.844 0.043 0.000 0.113
244500 0.844 0.043 0.000 0.113
245000 0.844 0.043 0.000 0.113
245500 0.844 0.043 0.000 0.113
246000 0.844 0.043 0.000 0.113
246500 0.844 0.043 0.000 0.113
247000 0.844 0.043 0.000 0.113
247500 0.844 0.043 0.000 0.113
248000 0.844 0.043 0.000 0.113
248500 0.844 0.043 0.000 0.113
249000 0.844 0.043 0.000 0.113
249500 0.844 0.043 0.000 0.113
250000 0.844 0.043 0.000 0.113
250500 0.844 0.043 0.000 0.113
251000 0.844 0.043 0.000 0.113
251500 0.844 0.043 0.000 0.113
252000 0.844 0.043 0.000 0.113
252500 0.844 0.043 0.000 0.113
253000 0.844 0.043 0.000 0.113
253500 0.844 0.043 0.000 0.113
254000 0.844 0.043 0.000 0.113
254500 0.844 0.043 0.000 0.113
255000 0.844 0.043 0.000 0.113
255500 0.844 0.043 0.000 0.113
256000 0.844 0.043 0.000 0.113
256500 0.844 0.043 0.000 0.113
257000 0.844 0.043 0.000 0.113
257500 0.844 0.043 0.000 0.113
258000 0.844 0.043 0.000 0.113
258500 0.844 0.043 0.000 0.113
259000 0.844 0.043 0.000 0.113
259500 0.844 0.043 0.000 0.113
260000 0.844 0.043 0.000 0.113
260500 0.844 0.043 0.000 0.113
261000 0.844 0.043 0.000 0.113
261500 0.844 0.043 0.000 0.113
262000 0.844 0.043 0.000 0.113
262500 0.844 0.043 0.000 0.113
263000 0.844 0.043 0.000 0.113
263500 0.844 0.043 0.000 0.113
264000 0.844 0.043 0.000 0.113
264500 0.844 0.043 0.000 0.113
265000 0.844 0.043 0.000 0.113
265500 0.844 0.043 0.000 0.113
266000 0.844 0.043 0.000 0.113
266500 0.844 0.043 0.000 0.113
267000 0.844 0.043 0.000 0.113
267500 0.844 0.043 0.000 0.113
268000 0.844 0.043 0.000 0.113
268500 0.844 0.043 0.000 0.113
269000 0.844 0.043 0.000 0.113
269500 0.844 0.043 0.000 0.113
270000 0.844 0.043 0.000 0.113
270500 0.844 0.043 0.000 0.113
271000 0.844 0.043 0.000 0.113
271500 0.844 0.043 0.000 0.113
272000 0.844 0.043 0.000 0.113
272500 0.844 0.043 0.000 0.113
273000 0.844 0.043 0.000 0.113
273500 0.844 0.043 0.000 0.113
274000 0.844 0.043 0.000 0.113
274500 0.844 0.043 0.000 0.113
275000 0.844 0.043 0.000 0.113
275500 0.844 0.043 0.000 0.113
276000 0.844 0.043 0.000 0.113
276500 0.844 0.043 0.000 0.113
277000 0.844 0.043 0.000 0.113
277500 0.844 0.043 0.000 0.113
278000 0.844 0.043 0.000 0.113
278500 0.844 0.043 0.000 0.113
279000 0.844 0.043 0.000 0.113
279500 0.844 0.043 0.000 0.113
280000 0.844 0.043 0.000 0.113
280500 0.844 0.043 0.000 0.113
281000 0.844 0.043 0.000 0.113
281500 0.844 0.043 0.000 0.113
282000 0.844 0.043 0.000 0.113
282500 0.844 0.043 0.000 0.113
283000 0.844 0.043 0.000 0.113
283500 0.844 0.043 0.000 0.113
284000 0.844 0.043 0.000 0.113
284500 0.844 0.043 0.000 0.113
285000 0.844 0.043 0.000 0.113
285500 0.844 0.043 0.000 0.113
286000 0.844 0.043 0.000 0.113
286500 0.844 0.043 0.000 0.113
287000 0.844 0.043 0.000 0.113
287500 0.844 0.043 0.000 0.113
288000 0.844 0.043 0.000 0.113
288500 0.844 0.043 0.000 0.113
289000 0.844 0.043 0.000 0.113
289500 0.844 0.043 0.000 0.113
290000 0.844 0.043 0.000 0.113
290500 0.844 0.043 0.000 0.113
291000 0.844 0.043 0.000 0.113
291500 0.844 0.043 0.000 0.113
292000 0.844 0.043 0.000 0.113
292500 0.844 0.043 0.000 0.113
293000 0.844 0.043 0.000 0.113
293500 0.844 0.043 0.000 0.113
294000 0.844 0.043 0.000 0.113
294500 0.844 0.043 0.000 0.113
295000 0.844 0.043 0.000 0.113
295500 0.844 0.043 0.000 0.113
296000 0.844 0.043 0.000 0.113
296500 0.844 0.043 0.000 0.113
297000 0.844 0.043 0.000 0.113
297500 0.844 0.043 0.000 0.113
298000 0.844 0.043 0.000 0.113
298500 0.844 0.043 0.000 0.113
299000 0.844 0.043 0.000 0.113
299500 0.844 0.043 0.000 0.113
300000 0.844 0.043 0.000 0.113
300500 0.844 0.043 0.000 0.113
301000 0.844 0.043 0.000 0.113
301500 0.844 0.043 0.000 0.113
302000 0.844 0.043 0.000 0.113
302500 0.844 0.043 0.000 0.113
303000 0.844 0.043 0.000 0.113
303500 0.844 0.043 0.000 0.113
304000 0.844 0.043 0.000 0.113
304500 0.844 0.043 0.000 0.113
305000 0.844 0.043 0.000 0.113
305500 0.844 0.043 0.000 0.113
306000 0.844 0.043 0.000 0.113
306500 0.844 0.043 0.000 0.113
307000 0.844 0.043 0.000 0.113
307500 0.844 0.043 0.000 0.113
308000 0.844 0.043 0.000 0.113
308500 0.844 0.043 0.000 0.113
309000 0.844 0.043 0.000 0.113
309500 0.844 0.043 0.000 0.113
310000 0.844 0.043 0.000 0.113
310500 0.844 0.043 0.000 0.113
311000 0.844 0.043 0.000 0.113
311500 0.844 0.043 0.000 0.113
312000 0.844 0.043 0.000 0.113
312500 0.844 0.043 0.000 0.113
313000 0.844 0.043 0.000 0.113
313500 0.844 0.043 0.000 0.113
314000 0.844 0.043 0.000 0.113
314500 0.844 0.043 0.000 0.113
315000 0.844 0.043 0.000 0.113
315500 0.844 0.043 0.000 0.113
316000 0.844 0.043 0.000 0.113
316500 0.844 0.043 0.000 0.113
317000 0.844 0.043 0.000 0.113
317500 0.844 0.043 0.000 0.113
318000 0.844 0.043 0.000 0.113
318500 0.844 0.043 0.000 0.113
319000 0.844 0.043 0.000 0.113
319500 0.844 0.043 0.000 0.113
320000 0.844 0.043 0.000 0.113
320500 0.844 0.043 0.000 0.113
321000 0.844 0.043 0.000 0.113
321500 0.844 0.043 0.000 0.113
322000 0.844 0.043 0.000 0.113
322500 0.844 0.043 0.000 0.113
323000 0.844 0.043 0.000 0.113
323500 0.844 0.043 0.000 0.113
324000 0.844 0.043 0.000 0.113
324500 0.844 0.043 0.000 0.113
325000 0.844 0.043 0.000 0.113
325500 0.844 0.043 0.000 0.113
326000 0.844 0.043 0.000 0.113
326500 0.844 0.043 0.000 0.113
327000 0.844 0.043 0.000 0.113
327500 0.844 0.043 0.000 0.113
328000 0.844 0.043 0.000 0.113
328500 0.844 0.043 0.000 0.113
329000 0.844 0.043 0.000 0.113
329500 0.844 0.043 0.000 0.113
330000 0.844 0.043 0.000 0.113
330500 0.844 0.043 0.000 0.113
331000 0.844 0.043 0.000 0.113
331500 0.844 0.043 0.000 0.113
332000 0.844 0.043 0.000 0.113
332500 0.844 0.043 0.000 0.113
333000 0.844 0.043 0.000 0.113
333500 0.844 0.043 0.000 0.113
334000 0.844 0.043 0.000 0.113
334500 0.844 0.043 0.000 0.113
335000 0.844 0.043 0.000 0.113
335500 0.844 0.043 0.000 0.113
336000 0.844 0.043 0.000 0.113
336500 0.844 0.043 0.000 0.113
337000 0.844 0.043 0.000 0.113
337500 0.844 0.043 0.000 0.113
338000 0.844 0.043 0.000 0.113
338500 0.844 0.043 0.000 0.113
339000 0.844 0.043 0.000 0.113
339500 0.844 0.043 0.000 0.113
340000 0.844 0.043 0.000 0.113
340500 0.844 0.043 0.000 0.113
341000 0.844 0.043 0.000 0.113
341500 0.844 0.043 0.000 0.113
342000 0.844 0.043 0.000 0.113
342500 0.844 0.043 0.000 0.113
343000 0.844 0.043 0.000 0.113
343500 0.844 0.043 0.000 0.113
344000 0.844 0.043 0.000 0.113
344500 0.844 0.043 0.000 0.113
345000 0.844 0.043 0.000 0.113
345500 0.844 0.043 0.000 0.113
346000 0.844 0.043 0.000 0.113
346500 0.844 0.043 0.000 0.113
347000 0.844 0.043 0.000 0.113
347500 0.844 0.043 0.000 0.113
348000 0.844 0.043 0.000 0.113
348500 0.844 0.043 0.000 0.113
349000 0.844 0.043 0.000 0.113
349500 0.844 0.043 0.000 0.113
350000 0.844 0.043 0.000 0.113
350500 0.844 0.043 0.000 0.113
351000 0.844 0.043 0.000 0.113
351500 0.844 0.043 0.000 0.113
352000 0.844 0.043 0.000 0.113
352500 0.844 0.043 0.000 0.113
353000 0.844 0.043 0.000 0.113
353500 0.844 0.043 0.000 0.113
354000 0.844 0.043 0.000 0.113
354500 0.844 0.043 0.000 0.113
355000 0.844 0.043 0.000 0.113
355500 0.844 0.043 0.000 0.113
356000 0.844 0.043 0.000 0.113
356500 0.844 0.043 0.000 0.113
357000 0.844 0.043 0.000 0.113
357500 0.844 0.043 0.000 0.113
358000 0.844 0.043 0.000 0.113
358500 0.844 0.043 0.000 0.113
359000 0.844 0.043 0.000 0.113
359500 0.844 0.043 0.000 0.113
360000 0.844 0.043 0.000 0.113
360500 0.844 0.043 0.000 0.113
361000 0.844 0.043 0.000 0.113
361500 0.844 0.043 0.000 0.113
362000 0.844 0.043 0.000 0.113
362500 0.844 0.043 0.000 0.113
363000 0.844 0.043 0.000 0.113
363500 0.844 0.043 0.000 0.113
364000 0.844 0.043 0.000 0.113
364500 0.844 0.043 0.000 0.113
365000 0.844 0.043 0.000 0.113
365500 0.844 0.043 0.000 0.113
366000 0.844 0.043 0.000 0.113
366500 0.844 0.043 0.000 0.113
367000 0.844 0.043 0.000 0.113
367500 0.844 0.043 0.000 0.113
368000 0.844 0.043 0.000 0.113
368500 0.844 0.043 0.000 0.113
369000 0.844 0.043 0.000 0.113
369500 0.844 0.043 0.000 0.113
370000 0.844 0.043 0.000 0.113
370500 0.844 0.043 0.000 0.113
371000 0.844 0.043 0.000 0.113
371500 0.844 0.043 0.000 0.113
372000 0.844 0.043 0.000 0.113
372500 0.844 0.043 0.000 0.113
373000 0.844 0.043 0.000 0.113
373500 0.844 0.043 0.000 0.113
374000 0.844 0.043 0.000 0.113
374500 0.844 0.043 0.000 0.113
375000 0.844 0.043 0.000 0.113
375500 0.844 0.043 0.000 0.113
376000 0.844 0.043 0.000 0.113
376500 0.844 0.043 0.000 0.113
377000 0.844 0.043 0.000 0.113
377500 0.844 0.043 0.000 0.113
378000 0.844 0.043 0.000 0.113
378500 0.844 0.043 0.000 0.113
379000 0.844 0.043 0.000 0.113
379500 0.844 0.043 0.000 0.113
380000 0.844 0.043 0.000 0.113
380500 0.844 0.043 0.000 0.113
381000 0.844 0.043 0.000 0.113
381500 0.844 0.043 0.000 0.113
382000 0.844 0.043 0.000 0.113
382500 0.844 0.043 0.000 0.113
383000 0.844 0.043 0.000 0.113
383500 0.844 0.043 0.000 0.113
384000 0.844 0.043 0.000 0.113
384500 0.844 0.043 0.000 0.113
385000 0.844 0.043 0.000 0.113
385500 0.844 0.043 0.000 0.113
386000 0.844 0.043 0.000 0.113
386500 0.844 0.043 0.000 0.113
387000 0.844 0.043 0.000 0.113
387500 0.844 0.043 0.000 0.113
388000 0.844 0.043 0.000 0.113
388500 0.844 0.043 0.000 0.113
389000 0.844 0.043 0.000 0.113
389500 0.844 0.043 0.000 0.113
390000 0.844 0.043 0.000 0.113
390500 0.844 0.043 0.000 0.113
391000 0.844 0.043 0.000 0.113
391500 0.844 0.043 0.000 0.113
392000 0.844 0.043 0.000 0.113
392500 0.844 0.043 0.000 0.113
393000 0.844 0.043 0.000 0.113
393500 0.844 0.043 0.000 0.113
394000 0.844 0.043 0.000 0.113
394500 0.844 0.043 0.000 0.113
395000 0.844 0.043 0.000 0.113
395500 0.844 0.043 0.000 0.113
396000 0.844 0.043 0.000 0.113
396500 0.844 0.043 0.000 0.113
397000 0.844 0.043 0.000 0.113
397500 0.844 0.043 0.000 0.113
398000 0.844 0.043 0.000 0.113
398500 0.844 0.043 0.000 0.113
399000 0.844 0.043 0.000 0.113
399500 0.844 0.043 0.000 0.113
400000 0.844 0.043 0.000 0.113
400500 0.844 0.043 0.000 0.113
401000 0.844 0.043 0.000 0.113
401500 0.844 0.043 0.000 0.113
402000 0.844 0.043 0.000 0.113
402500 0.844 0.043 0.000 0.113
403000 0.844 0.043 0.000 0.113
403500 0.844 0.043 0.000 0.113
404000 0.844 0.043 0.000 0.113
404500 0.844 0.043 0.000 0.113
405000 0.844 0.043 0.000 0.113
405500 0.844 0.043 0.000 0.113
406000 0.844 0.043 0.000 0.113
406500 0.844 0.043 0.000 0.113
407000 0.844 0.043 0.000 0.113
407500 0.844 0.043 0.000 0.113
408000 0.844 0.043 0.000 0.113
408500 0.844 0.043 0.000 0.113
409000 0.844 0.043 0.000 0.113
409500 0.844 0.043 0.000 0.113
410000 0.844 0.043 0.000 0.113
410500 0.844 0.043 0.000 0.113
411000 0.844 0.043 0.000 0.113
411500 0.844 0.043 0.000 0.113
412000 0.844 0.043 0.000 0.113
412500 0.844 0.043 0.000 0.113
413000 0.844 0.043 0.000 0.113
413500 0.844 0.043 0.000 0.113
414000 0.844 0.043 0.000 0.113
414500 0.844 0.043 0.000 0.113
415000 0.844 0.043 0.000 0.113
415500 0.844 0.043 0.000 0.113
416000 0.844 0.043 0.000 0.113
416500 0.844 0.043 0.000 0.113
417000 0.844 0.043 0.000 0.113
417500 0.844 0.043 0.000 0.113
418000 0.844 0.043 0.000 0.113
418500 0.844 0.043 0.000 0.113
419000 0.844 0.043 0.000 0.113
419500 0.844 0.043 0.000 0.113
420000 0.844 0.043 0.000 0.113
420500 0.844 0.043 0.000 0.113
421000 0.844 0.043 0.000 0.113
421500 0.844 0.043 0.000 0.113
422000 0.844 0.043 0.000 0.113
422500 0.844 0.043 0.000 0.113
423000 0.844 0.043 0.000 0.113
423500 0.844 0.043 0.000 0.113
424000 0.844 0.043 0.000 0.113
424500 0.844 0.043 0.000 0.113
425000 0.844 0.043 0.000 0.113
425500 0.844 0.043 0.000 0.113
426000 0.844 0.043 0.000 0.113
426500 0.844 0.043 0.000 0.113
427000 0.844 0.043 0.000 0.113
427500 0.844 0.043 0.000 0.113
428000 0.844 0.043 0.000 0.113
428500 0.844 0.043 0.000 0.113
429000 0.844 0.043 0.000 0.113
429500 0.844 0.043 0.000 0.113
430000 0.844 0.043 0.000 0.113
430500 0.844 0.043 0.000 0.113
431000 0.844 0.043 0.000 0.113
431500 0.844 0.043 0.000 0.113
432000 0.844 0.043 0.000 0.113
432500 0.844 0.043 0.000 0.113
433000 0.844 0.043 0.000 0.113
433500 0.844 0.043 0.000 0.113
434000 0.844 0.043 0.000 0.113
434500 0.844 0.043 0.000 0.113
435000 0.844 0.043 0.000 0.113
435500 0.844 0.043 0.000 0.113
436000 0.844 0.043 0.000 0.113
436500 0.844 0.043 0.000 0.113
437000 0.844 0.043 0.000 0.113
437500 0.844 0.043 0.000 0.113
438000 0.844 0.043 0.000 0.113
438500 0.844 0.043 0.000 0.113
439000 0.844 0.043 0.000 0.113
439500 0.844 0.043 0.000 0.113
440000 0.844 0.043 0.000 0.113
440500 0.844 0.043 0.000 0.113
441000 0.844 0.043 0.000 0.113
441500 0.844 0.043 0.000 0.113
442000 0.844 0.043 0.000 0.113
442500 0.844 0.043 0.000 0.113
443000 0.844 0.043 0.000 0.113
443500 0.844 0.043 0.000 0.113
444000 0.844 0.043 0.000 0.113
444500 0.844 0.043 0.000 0.113
445000 0.844 0.043 0.000 0.113
445500 0.844 0.043 0.000 0.113
446000 0.844 0.043 0.000 0.113
446500 0.844 0.043 0.000 0.113
447000 0.844 0.043 0.000 0.113
447500 0.844 0.043 0.000 0.113
448000 0.844 0.043 0.000 0.113
448500 0.844 0.043 0.000 0.113
449000 0.844 0.043 0.000 0.113
449500 0.844 0.043 0.000 0.113
450000 0.844 0.043 0.000 0.113
450500 0.844 0.043 0.000 0.113
451000 0.844 0.043 0.000 0.113
451500 0.844 0.043 0.000 0.113
452000 0.844 0.043 0.000 0.113
452500 0.844 0.043 0.000 0.113
453000 0.844 0.043 0.000 0.113
453500 0.844 0.043 0.000 0.113
454000 0.844 0.043 0.000 0.113
454500 0.844 0.043 0.000 0.113
455000 0.844 0.043 0.000 0.113
455500 0.844 0.043 0.000 0.113
456000 0.844 0.043 0.000 0.113
456500 0.844 0.043 0.000 0.113
457000 0.844 0.043 0.000 0.113
457500 0.844 0.043 0.000 0.113
458000 0.844 0.043 0.000 0.113
458500 0.844 0.043 0.000 0.113
459000 0.844 0.043 0.000 0.113
459500 0.844 0.043 0.000 0.113
460000 0.844 0.043 0.000 0.113
460500 0.844 0.043 0.000 0.113
461000 0.844 0.043 0.000 0.113
461500 0.844 0.043 0.000 0.113
462000 0.844 0.043 0.000 0.113
462500 0.844 0.043 0.000 0.113
463000 0.844 0.043 0.000 0.113
463500 0.844 0.043 0.000 0.113
464000 0.844 0.043 0.000 0.113
464500 0.844 0.043 0.000 0.113
465000 0.844 0.043 0.000 0.113
465500 0.844 0.043 0.000 0.113
466000 0.844 0.043 0.000 0.113
466500 0.844 0.043 0.000 0.113
467000 0.844 0.043 0.000 0.113
467500 0.844 0.043 0.000 0.113
468000 0.844 0.043 0.000 0.113
468500 0.844 0.043 0.000 0.113
469000 0.844 0.043 0.000 0.113
469500 0.844 0.043 0.000 0.113
470000 0.844 0.043 0.000 0.113
470500 0.844 0.043 0.000 0.113
471000 0.844 0.043 0.000 0.113
471500 0.844 0.043 0.000 0.113
472000 0.844 0.043 0.000 0.113
472500 0.844 0.043 0.000 0.113
473000 0.844 0.043 0.000 0.113
473500 0.844 0.043 0.000 0.113
474000 0.844 0.043 0.000 0.113
474500 0.844 0.043 0.000 0.113
475000 0.844 0.043 0.000 0.113
475500 0.844 0.043 0.000 0.113
476000 0.844 0.043 0.000 0.113
476500 0.844 0.043 0.000 0.113
477000 0.844 0.043 0.000 0.113
477500 0.844 0.043 0.000 0.113
478000 0.844 0.043 0.000 0.113
478500 0.844 0.043 0.000 0.113
479000 0.844 0.043 0.000 0.113
479500 0.844 0.043 0.000 0.113
480000 0.844 0.043 0.000 0.113
480500 0.844 0.043 0.000 0.113
481000 0.844 0.043 0.000 0.113
481500 0.844 0.043 0.000 0.113
482000 0.844 0.043 0.000 0.113
482500 0.844 0.043 0.000 0.113
483000 0.844 0.043 0.000 0.113
483500 0.844 0.043 0.000 0.113
484000 0.844 0.043 0.000 0.113
484500 0.844 0.043 0.000 0.113
485000 0.844 0.043 0.000 0.113
485500 0.844 0.043 0.000 0.113
486000 0.844 0.043 0.000 0.113
486500 0.844 0.043 0.000 0.113
487000 0.844 0.043 0.000 0.113
487500 0.844 0.043 0.000 0.113
488000 0.844 0.043 0.000 0.113
488500 0.844 0.043 0.000 0.113
489000 0.844 0.043 0.000 0.113
489500 0.844 0.043 0.000 0.113
490000 0.844 0.043 0.000 0.113
490500 0.844 0.043 0.000 0.113
491000 0.844 0.043 0.000 0.113
491500 0.844 0.043 0.000 0.113
492000 0.844 0.043 0.000 0.113
492500 0.844 0.043 0.000 0.113
493000 0.844 0.043 0.000 0.113
493500 0.844 0.043 0.000 0.113
494000 0.844 0.043 0.000 0.113
494500 0.844 0.043 0.000 0.113
495000 0.844 0.043 0.000 0.113
495500 0.844 0.043 0.000 0.113
496000 0.844 0.043 0.000 0.113
496500 0.844 0.043 0.000 0.113
497000 0.844 0.043 0.000 0.113
497500 0.844 0.043 0.000 0.113
498000 0.844 0.043 0.000 0.113
498500 0.844 0.043 0.000 0.113
499000 0.844 0.043 0.000 0.113
499500 0.844 0.043 0.000 0.113
500000 0.844 0.043 0.000 0.113
