000000 0.250 0.250 0.250 0.250
000500 0.977 0.006 0.000 0.016
001000 0.978 0.006 0.000 0.016
001500 0.977 0.007 0.000 0.016
002000 0.977 0.007 0.000 0.016
002500 0.977 0.007 0.000 0.016
003000 0.977 0.007 0.000 0.016
003500 0.977 0.007 0.000 0.016
004000 0.977 0.007 0.000 0.016
004500 0.977 0.007 0.000 0.016
005000 0.977 0.007 0.000 0.016
005500 0.977 0.007 0.000 0.016
006000 0.977 0.007 0.000 0.016
006500 0.977 0.007 0.000 0.016
007000 0.977 0.007 0.000 0.016
007500 0.977 0.007 0.000 0.016
008000 0.977 0.007 0.000 0.016
008500 0.977 0.007 0.000 0.016
009000 0.977 0.007 0.000 0.016
009500 0.977 0.007 0.000 0.016
010000 0.977 0.007 0.000 0.016
010500 0.977 0.007 0.000 0.016
011000 0.977 0.007 0.000 0.016
011500 0.977 0.007 0.000 0.016
012000 0.977 0.007 0.000 0.016
012500 0.977 0.007 0.000 0.016
013000 0.977 0.007 0.000 0.016
013500 0.977 0.007 0.000 0.016
014000 0.977 0.007 0.000 0.016
014500 0.977 0.007 0.000 0.016
015000 0.977 0.007 0.000 0.016
015500 0.977 0.007 0.000 0.016
016000 0.977 0.007 0.000 0.016
016500 0.977 0.007 0.000 0.016
017000 0.977 0.007 0.000 0.016
017500 0.977 0.007 0.000 0.016
018000 0.977 0.007 0.000 0.016
018500 0.977 0.007 0.000 0.016
019000 0.977 0.007 0.000 0.016
019500 0.977 0.007 0.000 0.016
020000 0.977 0.007 0.000 0.016
020500 0.977 0.007 0.000 0.016
021000 0.977 0.007 0.000 0.016
021500 0.977 0.007 0.000 0.016
022000 0.977 0.007 0.000 0.016
022500 0.977 0.007 0.000 0.016
023000 0.977 0.007 0.000 0.016
023500 0.977 0.007 0.000 0.016
024000 0.977 0.007 0.000 0.016
024500 0.977 0.007 0.000 0.016
025000 0.977 0.007 0.000 0.016
025500 0.977 0.007 0.000 0.016
026000 0.977 0.007 0.000 0.016
026500 0.977 0.007 0.000 0.016
027000 0.977 0.007 0.000 0.016
027500 0.977 0.007 0.000 0.016
028000 0.977 0.007 0.000 0.016
028500 0.977 0.007 0.000 0.016
029000 0.977 0.007 0.000 0.016
029500 0.977 0.007 0.000 0.016
030000 0.977 0.007 0.000 0.016
030500 0.977 0.007 0.000 0.016
031000 0.977 0.007 0.000 0.016
031500 0.977 0.007 0.000 0.016
032000 0.977 0.007 0.000 0.016
032500 0.977 0.007 0.000 0.016
033000 0.977 0.007 0.000 0.016
033500 0.977 0.007 0.000 0.016
034000 0.977 0.007 0.000 0.016
034500 0.977 0.007 0.000 0.016
035000 0.977 0.007 0.000 0.016
035500 0.977 0.007 0.000 0.016
036000 0.977 0.007 0.000 0.016
036500 0.977 0.007 0.000 0.016
037000 0.977 0.007 0.000 0.016
037500 0.977 0.007 0.000 0.016
038000 0.977 0.007 0.000 0.016
038500 0.977 0.007 0.000 0.016
039000 0.977 0.007 0.000 0.016
039500 0.977 0.007 0.000 0.016
040000 0.977 0.007 0.000 0.016
040500 0.977 0.007 0.000 0.016
041000 0.977 0.007 0.000 0.016
041500 0.977 0.007 0.000 0.016
042000 0.977 0.007 0.000 0.016
042500 0.977 0.007 0.000 0.016
043000 0.977 0.007 0.000 0.016
043500 0.977 0.007 0.000 0.016
044000 0.977 0.007 0.000 0.016
044500 0.977 0.007 0.000 0.016
045000 0.977 0.007 0.000 0.016
045500 0.977 0.007 0.000 0.016
046000 0.977 0.007 0.000 0.016
046500 0.977 0.007 0.000 0.016
047000 0.977 0.007 0.000 0.016
047500 0.977 0.007 0.000 0.016
048000 0.977 0.007 0.000 0.016
048500 0.977 0.007 0.000 0.016
049000 0.977 0.007 0.000 0.016
049500 0.977 0.007 0.000 0.016
050000 0.977 0.007 0.000 0.016
050500 0.977 0.007 0.000 0.016
051000 0.977 0.007 0.000 0.016
051500 0.977 0.007 0.000 0.016
052000 0.977 0.007 0.000 0.016
052500 0.977 0.007 0.000 0.016
053000 0.977 0.007 0.000 0.016
053500 0.977 0.007 0.000 0.016
054000 0.977 0.007 0.000 0.016
054500 0.977 0.007 0.000 0.016
055000 0.977 0.007 0.000 0.016
055500 0.977 0.007 0.000 0.016
056000 0.977 0.007 0.000 0.016
056500 0.977 0.007 0.000 0.016
057000 0.977 0.007 0.000 0.016
057500 0.977 0.007 0.000 0.016
058000 0.977 0.007 0.000 0.016
058500 0.977 0.007 0.000 0.016
059000 0.977 0.007 0.000 0.016
059500 0.977 0.007 0.000 0.016
060000 0.977 0.007 0.000 0.016
060500 0.977 0.007 0.000 0.016
061000 0.977 0.007 0.000 0.016
061500 0.977 0.007 0.000 0.016
062000 0.977 0.007 0.000 0.016
062500 0.977 0.007 0.000 0.016
063000 0.977 0.007 0.000 0.016
063500 0.977 0.007 0.000 0.016
064000 0.977 0.007 0.000 0.016
064500 0.977 0.007 0.000 0.016
065000 0.977 0.007 0.000 0.016
065500 0.977 0.007 0.000 0.016
066000 0.977 0.007 0.000 0.016
066500 0.977 0.007 0.000 0.016
067000 0.977 0.007 0.000 0.016
067500 0.977 0.007 0.000 0.016
068000 0.977 0.007 0.000 0.016
068500 0.977 0.007 0.000 0.016
069000 0.977 0.007 0.000 0.016
069500 0.977 0.007 0.000 0.016
070000 0.977 0.007 0.000 0.016
070500 0.977 0.007 0.000 0.016
071000 0.977 0.007 0.000 0.016
071500 0.977 0.007 0.000 0.016
072000 0.977 0.007 0.000 0.016
072500 0.977 0.007 0.000 0.016
073000 0.977 0.007 0.000 0.016
073500 0.977 0.007 0.000 0.016
074000 0.977 0.007 0.000 0.016
074500 0.977 0.007 0.000 0.016
075000 0.977 0.007 0.000 0.016
075500 0.977 0.007 0.000 0.016
076000 0.977 0.007 0.000 0.016
076500 0.977 0.007 0.000 0.016
077000 0.977 0.007 0.000 0.016
077500 0.977 0.007 0.000 0.016
078000 0.977 0.007 0.000 0.016
078500 0.977 0.007 0.000 0.016
079000 0.977 0.007 0.000 0.016
079500 0.977 0.007 0.000 0.016
080000 0.977 0.007 0.000 0.016
080500 0.977 0.007 0.000 0.016
081000 0.977 0.007 0.000 0.016
081500 0.977 0.007 0.000 0.016
082000 0.977 0.007 0.000 0.016
082500 0.977 0.007 0.000 0.016
083000 0.977 0.007 0.000 0.016
083500 0.977 0.007 0.000 0.016
084000 0.977 0.007 0.000 0.016
084500 0.977 0.007 0.000 0.016
085000 0.977 0.007 0.000 0.016
085500 0.977 0.007 0.000 0.016
086000 0.977 0.007 0.000 0.016
086500 0.977 0.007 0.000 0.016
087000 0.977 0.007 0.000 0.016
087500 0.977 0.007 0.000 0.016
088000 0.977 0.007 0.000 0.016
088500 0.977 0.007 0.000 0.016
089000 0.977 0.007 0.000 0.016
089500 0.977 0.007 0.000 0.016
090000 0.977 0.007 0.000 0.016
090500 0.977 0.007 0.000 0.016
091000 0.977 0.007 0.000 0.016
091500 0.977 0.007 0.000 0.016
092000 0.977 0.007 0.000 0.016
092500 0.977 0.007 0.000 0.016
093000 0.977 0.007 0.000 0.016
093500 0.977 0.007 0.000 0.016
094000 0.977 0.007 0.000 0.016
094500 0.977 0.007 0.000 0.016
095000 0.977 0.007 0.000 0.016
095500 0.977 0.007 0.000 0.016
096000 0.977 0.007 0.000 0.016
096500 0.977 0.007 0.000 0.016
097000 0.977 0.007 0.000 0.016
097500 0.977 0.007 0.000 0.016
098000 0.977 0.007 0.000 0.016
098500 0.977 0.007 0.000 0.016
099000 0.977 0.007 0.000 0.016
099500 0.977 0.007 0.000 0.016
100000 0.977 0.007 0.000 0.016
100500 0.977 0.007 0.000 0.016
101000 0.977 0.007 0.000 0.016
101500 0.977 0.007 0.000 0.016
102000 0.977 0.007 0.000 0.016
102500 0.977 0.007 0.000 0.016
103000 0.977 0.007 0.000 0.016
103500 0.977 0.007 0.000 0.016
104000 0.977 0.007 0.000 0.016
104500 0.977 0.007 0.000 0.016
105000 0.977 0.007 0.000 0.016
105500 0.977 0.007 0.000 0.016
106000 0.977 0.007 0.000 0.016
106500 0.977 0.007 0.000 0.016
107000 0.977 0.007 0.000 0.016
107500 0.977 0.007 0.000 0.016
108000 0.977 0.007 0.000 0.016
108500 0.977 0.007 0.000 0.016
109000 0.977 0.007 0.000 0.016
109500 0.977 0.007 0.000 0.016
110000 0.977 0.007 0.000 0.016
110500 0.977 0.007 0.000 0.016
111000 0.977 0.007 0.000 0.016
111500 0.977 0.007 0.000 0.016
112000 0.977 0.007 0.000 0.016
112500 0.977 0.007 0.000 0.016
113000 0.977 0.007 0.000 0.016
113500 0.977 0.007 0.000 0.016
114000 0.977 0.007 0.000 0.016
114500 0.977 0.007 0.000 0.016
115000 0.977 0.007 0.000 0.016
115500 0.977 0.007 0.000 0.016
116000 0.977 0.007 0.000 0.016
116500 0.977 0.007 0.000 0.016
117000 0.977 0.007 0.000 0.016
117500 0.977 0.007 0.000 0.016
118000 0.977 0.007 0.000 0.016
118500 0.977 0.007 0.000 0.016
119000 0.977 0.007 0.000 0.016
119500 0.977 0.007 0.000 0.016
120000 0.977 0.007 0.000 0.016
120500 0.977 0.007 0.000 0.016
121000 0.977 0.007 0.000 0.016
121500 0.977 0.007 0.000 0.016
122000 0.977 0.007 0.000 0.016
122500 0.977 0.007 0.000 0.016
123000 0.977 0.007 0.000 0.016
123500 0.977 0.007 0.000 0.016
124000 0.977 0.007 0.000 0.016
124500 0.977 0.007 0.000 0.016
125000 0.977 0.007 0.000 0.016
125500 0.977 0.007 0.000 0.016
126000 0.977 0.007 0.000 0.016
126500 0.977 0.007 0.000 0.016
127000 0.977 0.007 0.000 0.016
127500 0.977 0.007 0.000 0.016
128000 0.977 0.007 0.000 0.016
128500 0.977 0.007 0.000 0.016
129000 0.977 0.007 0.000 0.016
129500 0.977 0.007 0.000 0.016
130000 0.977 0.007 0.000 0.016
130500 0.977 0.007 0.000 0.016
131000 0.977 0.007 0.000 0.016
131500 0.977 0.007 0.000 0.016
132000 0.977 0.007 0.000 0.016
132500 0.977 0.007 0.000 0.016
133000 0.977 0.007 0.000 0.016
133500 0.977 0.007 0.000 0.016
134000 0.977 0.007 0.000 0.016
134500 0.977 0.007 0.000 0.016
135000 0.977 0.007 0.000 0.016
135500 0.977 0.007 0.000 0.016
136000 0.977 0.007 0.000 0.016
136500 0.977 0.007 0.000 0.016
137000 0.977 0.007 0.000 0.016
137500 0.977 0.007 0.000 0.016
138000 0.977 0.007 0.000 0.016
138500 0.977 0.007 0.000 0.016
139000 0.977 0.007 0.000 0.016
139500 0.977 0.007 0.000 0.016
140000 0.977 0.007 0.000 0.016
140500 0.977 0.007 0.000 0.016
141000 0.977 0.007 0.000 0.016
141500 0.977 0.007 0.000 0.016
142000 0.977 0.007 0.000 0.016
142500 0.977 0.007 0.000 0.016
143000 0.977 0.007 0.000 0.016
143500 0.977 0.007 0.000 0.016
144000 0.977 0.007 0.000 0.016
144500 0.977 0.007 0.000 0.016
145000 0.977 0.007 0.000 0.016
145500 0.977 0.007 0.000 0.016
146000 0.977 0.007 0.000 0.016
146500 0.977 0.007 0.000 0.016
147000 0.977 0.007 0.000 0.016
147500 0.977 0.007 0.000 0.016
148000 0.977 0.007 0.000 0.016
148500 0.977 0.007 0.000 0.016
149000 0.977 0.007 0.000 0.016
149500 0.977 0.007 0.000 0.016
150000 0.977 0.007 0.000 0.016
150500 0.977 0.007 0.000 0.016
151000 0.977 0.007 0.000 0.016
151500 0.977 0.007 0.000 0.016
152000 0.977 0.007 0.000 0.016
152500 0.977 0.007 0.000 0.016
153000 0.977 0.007 0.000 0.016
153500 0.977 0.007 0.000 0.016
154000 0.977 0.007 0.000 0.016
154500 0.977 0.007 0.000 0.016
155000 0.977 0.007 0.000 0.016
155500 0.977 0.007 0.000 0.016
156000 0.977 0.007 0.000 0.016
156500 0.977 0.007 0.000 0.016
157000 0.977 0.007 0.000 0.016
157500 0.977 0.007 0.000 0.016
158000 0.977 0.007 0.000 0.016
158500 0.977 0.007 0.000 0.016
159000 0.977 0.007 0.000 0.016
159500 0.977 0.007 0.000 0.016
160000 0.977 0.007 0.000 0.016
160500 0.977 0.007 0.000 0.016
161000 0.977 0.007 0.000 0.016
161500 0.977 0.007 0.000 0.016
162000 0.977 0.007 0.000 0.016
162500 0.977 0.007 0.000 0.016
163000 0.977 0.007 0.000 0.016
163500 0.977 0.007 0.000 0.016
164000 0.977 0.007 0.000 0.016
164500 0.977 0.007 0.000 0.016
165000 0.977 0.007 0.000 0.016
165500 0.977 0.007 0.000 0.016
166000 0.977 0.007 0.000 0.016
166500 0.977 0.007 0.000 0.016
167000 0.977 0.007 0.000 0.016
167500 0.977 0.007 0.000 0.016
168000 0.977 0.007 0.000 0.016
168500 0.977 0.007 0.000 0.016
169000 0.977 0.007 0.000 0.016
169500 0.977 0.007 0.000 0.016
170000 0.977 0.007 0.000 0.016
170500 0.977 0.007 0.000 0.016
171000 0.977 0.007 0.000 0.016
171500 0.977 0.007 0.000 0.016
172000 0.977 0.007 0.000 0.016
172500 0.977 0.007 0.000 0.016
173000 0.977 0.007 0.000 0.016
173500 0.977 0.007 0.000 0.016
174000 0.977 0.007 0.000 0.016
174500 0.977 0.007 0.000 0.016
175000 0.977 0.007 0.000 0.016
175500 0.977 0.007 0.000 0.016
176000 0.977 0.007 0.000 0.016
176500 0.977 0.007 0.000 0.016
177000 0.977 0.007 0.000 0.016
177500 0.977 0.007 0.000 0.016
178000 0.977 0.007 0.000 0.016
178500 0.977 0.007 0.000 0.016
179000 0.977 0.007 0.000 0.016
179500 0.977 0.007 0.000 0.016
180000 0.977 0.007 0.000 0.016
180500 0.977 0.007 0.000 0.016
181000 0.977 0.007 0.000 0.016
181500 0.977 0.007 0.000 0.016
182000 0.977 0.007 0.000 0.016
182500 0.977 0.007 0.000 0.016
183000 0.977 0.007 0.000 0.016
183500 0.977 0.007 0.000 0.016
184000 0.977 0.007 0.000 0.016
184500 0.977 0.007 0.000 0.016
185000 0.977 0.007 0.000 0.016
185500 0.977 0.007 0.000 0.016
186000 0.977 0.007 0.000 0.016
186500 0.977 0.007 0.000 0.016
187000 0.977 0.007 0.000 0.016
187500 0.977 0.007 0.000 0.016
188000 0.977 0.007 0.000 0.016
188500 0.977 0.007 0.000 0.016
189000 0.977 0.007 0.000 0.016
189500 0.977 0.007 0.000 0.016
190000 0.977 0.007 0.000 0.016
190500 0.977 0.007 0.000 0.016
191000 0.977 0.007 0.000 0.016
191500 0.977 0.007 0.000 0.016
192000 0.977 0.007 0.000 0.016
192500 0.977 0.007 0.000 0.016
193000 0.977 0.007 0.000 0.016
193500 0.977 0.007 0.000 0.016
194000 0.977 0.007 0.000 0.016
194500 0.977 0.007 0.000 0.016
195000 0.977 0.007 0.000 0.016
195500 0.977 0.007 0.000 0.016
196000 0.977 0.007 0.000 0.016
196500 0.977 0.007 0.000 0.016
197000 0.977 0.007 0.000 0.016
197500 0.977 0.007 0.000 0.016
198000 0.977 0.007 0.000 0.016
198500 0.977 0.007 0.000 0.016
199000 0.977 0.007 0.000 0.016
199500 0.977 0.007 0.000 0.016
200000 0.977 0.007 0.000 0.016
200500 0.977 0.007 0.000 0.016
201000 0.977 0.007 0.000 0.016
201500 0.977 0.007 0.000 0.016
202000 0.977 0.007 0.000 0.016
202500 0.977 0.007 0.000 0.016
203000 0.977 0.007 0.000 0.016
203500 0.977 0.007 0.000 0.016
204000 0.977 0.007 0.000 0.016
204500 0.977 0.007 0.000 0.016
205000 0.977 0.007 0.000 0.016
205500 0.977 0.007 0.000 0.016
206000 0.977 0.007 0.000 0.016
206500 0.977 0.007 0.000 0.016
207000 0.977 0.007 0.000 0.016
207500 0.977 0.007 0.000 0.016
208000 0.977 0.007 0.000 0.016
208500 0.977 0.007 0.000 0.016
209000 0.977 0.007 0.000 0.016
209500 0.977 0.007 0.000 0.016
210000 0.977 0.007 0.000 0.016
210500 0.977 0.007 0.000 0.016
211000 0.977 0.007 0.000 0.016
211500 0.977 0.007 0.000 0.016
212000 0.977 0.007 0.000 0.016
212500 0.977 0.007 0.000 0.016
213000 0.977 0.007 0.000 0.016
213500 0.977 0.007 0.000 0.016
214000 0.977 0.007 0.000 0.016
214500 0.977 0.007 0.000 0.016
215000 0.977 0.007 0.000 0.016
215500 0.977 0.007 0.000 0.016
216000 0.977 0.007 0.000 0.016
216500 0.977 0.007 0.000 0.016
217000 0.977 0.007 0.000 0.016
217500 0.977 0.007 0.000 0.016
218000 0.977 0.007 0.000 0.016
218500 0.977 0.007 0.000 0.016
219000 0.977 0.007 0.000 0.016
219500 0.977 0.007 0.000 0.016
220000 0.977 0.007 0.000 0.016
220500 0.977 0.007 0.000 0.016
221000 0.977 0.007 0.000 0.016
221500 0.977 0.007 0.000 0.016
222000 0.977 0.007 0.000 0.016
222500 0.977 0.007 0.000 0.016
223000 0.977 0.007 0.000 0.016
223500 0.977 0.007 0.000 0.016
224000 0.977 0.007 0.000 0.016
224500 0.977 0.007 0.000 0.016
225000 0.977 0.007 0.000 0.016
225500 0.977 0.007 0.000 0.016
226000 0.977 0.007 0.000 0.016
226500 0.977 0.007 0.000 0.016
227000 0.977 0.007 0.000 0.016
227500 0.977 0.007 0.000 0.016
228000 0.977 0.007 0.000 0.016
228500 0.977 0.007 0.000 0.016
229000 0.977 0.007 0.000 0.016
229500 0.977 0.007 0.000 0.016
230000 0.977 0.007 0.000 0.016
230500 0.977 0.007 0.000 0.016
231000 0.977 0.007 0.000 0.016
231500 0.977 0.007 0.000 0.016
232000 0.977 0.007 0.000 0.016
232500 0.977 0.007 0.000 0.016
233000 0.977 0.007 0.000 0.016
233500 0.977 0.007 0.000 0.016
234000 0.977 0.007 0.000 0.016
234500 0.977 0.007 0.000 0.016
235000 0.977 0.007 0.000 0.016
235500 0.977 0.007 0.000 0.016
236000 0.977 0.007 0.000 0.016
236500 0.977 0.007 0.000 0.016
237000 0.977 0.007 0.000 0.016
237500 0.977 0.007 0.000 0.016
238000 0.977 0.007 0.000 0.016
238500 0.977 0.007 0.000 0.016
239000 0.977 0.007 0.000 0.016
239500 0.977 0.007 0.000 0.016
240000 0.977 0.007 0.000 0.016
240500 0.977 0.007 0.000 0.016
241000 0.977 0.007 0.000 0.016
241500 0.977 0.007 0.000 0.016
242000 0.977 0.007 0.000 0.016
242500 0.977 0.007 0.000 0.016
243000 0.977 0.007 0.000 0.016
243500 0.977 0.007 0.000 0.016
244000 0.977 0.007 0.000 0.016
244500 0.977 0.007 0.000 0.016
245000 0.977 0.007 0.000 0.016
245500 0.977 0.007 0.000 0.016
246000 0.977 0.007 0.000 0.016
246500 0.977 0.007 0.000 0.016
247000 0.977 0.007 0.000 0.016
247500 0.977 0.007 0.000 0.016
248000 0.977 0.007 0.000 0.016
248500 0.977 0.007 0.000 0.016
249000 0.977 0.007 0.000 0.016
249500 0.977 0.007 0.000 0.016
250000 0.977 0.007 0.000 0.016
250500 0.977 0.007 0.000 0.016
251000 0.977 0.007 0.000 0.016
251500 0.977 0.007 0.000 0.016
252000 0.977 0.007 0.000 0.016
252500 0.977 0.007 0.000 0.016
253000 0.977 0.007 0.000 0.016
253500 0.977 0.007 0.000 0.016
254000 0.977 0.007 0.000 0.016
254500 0.977 0.007 0.000 0.016
255000 0.977 0.007 0.000 0.016
255500 0.977 0.007 0.000 0.016
256000 0.977 0.007 0.000 0.016
256500 0.977 0.007 0.000 0.016
257000 0.977 0.007 0.000 0.016
257500 0.977 0.007 0.000 0.016
258000 0.977 0.007 0.000 0.016
258500 0.977 0.007 0.000 0.016
259000 0.977 0.007 0.000 0.016
259500 0.977 0.007 0.000 0.016
260000 0.977 0.007 0.000 0.016
260500 0.977 0.007 0.000 0.016
261000 0.977 0.007 0.000 0.016
261500 0.977 0.007 0.000 0.016
262000 0.977 0.007 0.000 0.016
262500 0.977 0.007 0.000 0.016
263000 0.977 0.007 0.000 0.016
263500 0.977 0.007 0.000 0.016
264000 0.977 0.007 0.000 0.016
264500 0.977 0.007 0.000 0.016
265000 0.977 0.007 0.000 0.016
265500 0.977 0.007 0.000 0.016
266000 0.977 0.007 0.000 0.016
266500 0.977 0.007 0.000 0.016
267000 0.977 0.007 0.000 0.016
267500 0.977 0.007 0.000 0.016
268000 0.977 0.007 0.000 0.016
268500 0.977 0.007 0.000 0.016
269000 0.977 0.007 0.000 0.016
269500 0.977 0.007 0.000 0.016
270000 0.977 0.007 0.000 0.016
270500 0.977 0.007 0.000 0.016
271000 0.977 0.007 0.000 0.016
271500 0.977 0.007 0.000 0.016
272000 0.977 0.007 0.000 0.016
272500 0.977 0.007 0.000 0.016
273000 0.977 0.007 0.000 0.016
273500 0.977 0.007 0.000 0.016
274000 0.977 0.007 0.000 0.016
274500 0.977 0.007 0.000 0.016
275000 0.977 0.007 0.000 0.016
275500 0.977 0.007 0.000 0.016
276000 0.977 0.007 0.000 0.016
276500 0.977 0.007 0.000 0.016
277000 0.977 0.007 0.000 0.016
277500 0.977 0.007 0.000 0.016
278000 0.977 0.007 0.000 0.016
278500 0.977 0.007 0.000 0.016
279000 0.977 0.007 0.000 0.016
279500 0.977 0.007 0.000 0.016
280000 0.977 0.007 0.000 0.016
280500 0.977 0.007 0.000 0.016
281000 0.977 0.007 0.000 0.016
281500 0.977 0.007 0.000 0.016
282000 0.977 0.007 0.000 0.016
282500 0.977 0.007 0.000 0.016
283000 0.977 0.007 0.000 0.016
283500 0.977 0.007 0.000 0.016
284000 0.977 0.007 0.000 0.016
284500 0.977 0.007 0.000 0.016
285000 0.977 0.007 0.000 0.016
285500 0.977 0.007 0.000 0.016
286000 0.977 0.007 0.000 0.016
286500 0.977 0.007 0.000 0.016
287000 0.977 0.007 0.000 0.016
287500 0.977 0.007 0.000 0.016
288000 0.977 0.007 0.000 0.016
288500 0.977 0.007 0.000 0.016
289000 0.977 0.007 0.000 0.016
289500 0.977 0.007 0.000 0.016
290000 0.977 0.007 0.000 0.016
290500 0.977 0.007 0.000 0.016
291000 0.977 0.007 0.000 0.016
291500 0.977 0.007 0.000 0.016
292000 0.977 0.007 0.000 0.016
292500 0.977 0.007 0.000 0.016
293000 0.977 0.007 0.000 0.016
293500 0.977 0.007 0.000 0.016
294000 0.977 0.007 0.000 0.016
294500 0.977 0.007 0.000 0.016
295000 0.977 0.007 0.000 0.016
295500 0.977 0.007 0.000 0.016
296000 0.977 0.007 0.000 0.016
296500 0.977 0.007 0.000 0.016
297000 0.977 0.007 0.000 0.016
297500 0.977 0.007 0.000 0.016
298000 0.977 0.007 0.000 0.016
298500 0.977 0.007 0.000 0.016
299000 0.977 0.007 0.000 0.016
299500 0.977 0.007 0.000 0.016
300000 0.977 0.007 0.000 0.016
300500 0.977 0.007 0.000 0.016
301000 0.977 0.007 0.000 0.016
301500 0.977 0.007 0.000 0.016
302000 0.977 0.007 0.000 0.016
302500 0.977 0.007 0.000 0.016
303000 0.977 0.007 0.000 0.016
303500 0.977 0.007 0.000 0.016
304000 0.977 0.007 0.000 0.016
304500 0.977 0.007 0.000 0.016
305000 0.977 0.007 0.000 0.016
305500 0.977 0.007 0.000 0.016
306000 0.977 0.007 0.000 0.016
306500 0.977 0.007 0.000 0.016
307000 0.977 0.007 0.000 0.016
307500 0.977 0.007 0.000 0.016
308000 0.977 0.007 0.000 0.016
308500 0.977 0.007 0.000 0.016
309000 0.977 0.007 0.000 0.016
309500 0.977 0.007 0.000 0.016
310000 0.977 0.007 0.000 0.016
310500 0.977 0.007 0.000 0.016
311000 0.977 0.007 0.000 0.016
311500 0.977 0.007 0.000 0.016
312000 0.977 0.007 0.000 0.016
312500 0.977 0.007 0.000 0.016
313000 0.977 0.007 0.000 0.016
313500 0.977 0.007 0.000 0.016
314000 0.977 0.007 0.000 0.016
314500 0.977 0.007 0.000 0.016
315000 0.977 0.007 0.000 0.016
315500 0.977 0.007 0.000 0.016
316000 0.977 0.007 0.000 0.016
316500 0.977 0.007 0.000 0.016
317000 0.977 0.007 0.000 0.016
317500 0.977 0.007 0.000 0.016
318000 0.977 0.007 0.000 0.016
318500 0.977 0.007 0.000 0.016
319000 0.977 0.007 0.000 0.016
319500 0.977 0.007 0.000 0.016
320000 0.977 0.007 0.000 0.016
320500 0.977 0.007 0.000 0.016
321000 0.977 0.007 0.000 0.016
321500 0.977 0.007 0.000 0.016
322000 0.977 0.007 0.000 0.016
322500 0.977 0.007 0.000 0.016
323000 0.977 0.007 0.000 0.016
323500 0.977 0.007 0.000 0.016
324000 0.977 0.007 0.000 0.016
324500 0.977 0.007 0.000 0.016
325000 0.977 0.007 0.000 0.016
325500 0.977 0.007 0.000 0.016
326000 0.977 0.007 0.000 0.016
326500 0.977 0.007 0.000 0.016
327000 0.977 0.007 0.000 0.016
327500 0.977 0.007 0.000 0.016
328000 0.977 0.007 0.000 0.016
328500 0.977 0.007 0.000 0.016
329000 0.977 0.007 0.000 0.016
329500 0.977 0.007 0.000 0.016
330000 0.977 0.007 0.000 0.016
330500 0.977 0.007 0.000 0.016
331000 0.977 0.007 0.000 0.016
331500 0.977 0.007 0.000 0.016
332000 0.977 0.007 0.000 0.016
332500 0.977 0.007 0.000 0.016
333000 0.977 0.007 0.000 0.016
333500 0.977 0.007 0.000 0.016
334000 0.977 0.007 0.000 0.016
334500 0.977 0.007 0.000 0.016
335000 0.977 0.007 0.000 0.016
335500 0.977 0.007 0.000 0.016
336000 0.977 0.007 0.000 0.016
336500 0.977 0.007 0.000 0.016
337000 0.977 0.007 0.000 0.016
337500 0.977 0.007 0.000 0.016
338000 0.977 0.007 0.000 0.016
338500 0.977 0.007 0.000 0.016
339000 0.977 0.007 0.000 0.016
339500 0.977 0.007 0.000 0.016
340000 0.977 0.007 0.000 0.016
340500 0.977 0.007 0.000 0.016
341000 0.977 0.007 0.000 0.016
341500 0.977 0.007 0.000 0.016
342000 0.977 0.007 0.000 0.016
342500 0.977 0.007 0.000 0.016
343000 0.977 0.007 0.000 0.016
343500 0.977 0.007 0.000 0.016
344000 0.977 0.007 0.000 0.016
344500 0.977 0.007 0.000 0.016
345000 0.977 0.007 0.000 0.016
345500 0.977 0.007 0.000 0.016
346000 0.977 0.007 0.000 0.016
346500 0.977 0.007 0.000 0.016
347000 0.977 0.007 0.000 0.016
347500 0.977 0.007 0.000 0.016
348000 0.977 0.007 0.000 0.016
348500 0.977 0.007 0.000 0.016
349000 0.977 0.007 0.000 0.016
349500 0.977 0.007 0.000 0.016
350000 0.977 0.007 0.000 0.016
350500 0.977 0.007 0.000 0.016
351000 0.977 0.007 0.000 0.016
351500 0.977 0.007 0.000 0.016
352000 0.977 0.007 0.000 0.016
352500 0.977 0.007 0.000 0.016
353000 0.977 0.007 0.000 0.016
353500 0.977 0.007 0.000 0.016
354000 0.977 0.007 0.000 0.016
354500 0.977 0.007 0.000 0.016
355000 0.977 0.007 0.000 0.016
355500 0.977 0.007 0.000 0.016
356000 0.977 0.007 0.000 0.016
356500 0.977 0.007 0.000 0.016
357000 0.977 0.007 0.000 0.016
357500 0.977 0.007 0.000 0.016
358000 0.977 0.007 0.000 0.016
358500 0.977 0.007 0.000 0.016
359000 0.977 0.007 0.000 0.016
359500 0.977 0.007 0.000 0.016
360000 0.977 0.007 0.000 0.016
360500 0.977 0.007 0.000 0.016
361000 0.977 0.007 0.000 0.016
361500 0.977 0.007 0.000 0.016
362000 0.977 0.007 0.000 0.016
362500 0.977 0.007 0.000 0.016
363000 0.977 0.007 0.000 0.016
363500 0.977 0.007 0.000 0.016
364000 0.977 0.007 0.000 0.016
364500 0.977 0.007 0.000 0.016
365000 0.977 0.007 0.000 0.016
365500 0.977 0.007 0.000 0.016
366000 0.977 0.007 0.000 0.016
366500 0.977 0.007 0.000 0.016
367000 0.977 0.007 0.000 0.016
367500 0.977 0.007 0.000 0.016
368000 0.977 0.007 0.000 0.016
368500 0.977 0.007 0.000 0.016
369000 0.977 0.007 0.000 0.016
369500 0.977 0.007 0.000 0.016
370000 0.977 0.007 0.000 0.016
370500 0.977 0.007 0.000 0.016
371000 0.977 0.007 0.000 0.016
371500 0.977 0.007 0.000 0.016
372000 0.977 0.007 0.000 0.016
372500 0.977 0.007 0.000 0.016
373000 0.977 0.007 0.000 0.016
373500 0.977 0.007 0.000 0.016
374000 0.977 0.007 0.000 0.016
374500 0.977 0.007 0.000 0.016
375000 0.977 0.007 0.000 0.016
375500 0.977 0.007 0.000 0.016
376000 0.977 0.007 0.000 0.016
376500 0.977 0.007 0.000 0.016
377000 0.977 0.007 0.000 0.016
377500 0.977 0.007 0.000 0.016
378000 0.977 0.007 0.000 0.016
378500 0.977 0.007 0.000 0.016
379000 0.977 0.007 0.000 0.016
379500 0.977 0.007 0.000 0.016
380000 0.977 0.007 0.000 0.016
380500 0.977 0.007 0.000 0.016
381000 0.977 0.007 0.000 0.016
381500 0.977 0.007 0.000 0.016
382000 0.977 0.007 0.000 0.016
382500 0.977 0.007 0.000 0.016
383000 0.977 0.007 0.000 0.016
383500 0.977 0.007 0.000 0.016
384000 0.977 0.007 0.000 0.016
384500 0.977 0.007 0.000 0.016
385000 0.977 0.007 0.000 0.016
385500 0.977 0.007 0.000 0.016
386000 0.977 0.007 0.000 0.016
386500 0.977 0.007 0.000 0.016
387000 0.977 0.007 0.000 0.016
387500 0.977 0.007 0.000 0.016
388000 0.977 0.007 0.000 0.016
388500 0.977 0.007 0.000 0.016
389000 0.977 0.007 0.000 0.016
389500 0.977 0.007 0.000 0.016
390000 0.977 0.007 0.000 0.016
390500 0.977 0.007 0.000 0.016
391000 0.977 0.007 0.000 0.016
391500 0.977 0.007 0.000 0.016
392000 0.977 0.007 0.000 0.016
392500 0.977 0.007 0.000 0.016
393000 0.977 0.007 0.000 0.016
393500 0.977 0.007 0.000 0.016
394000 0.977 0.007 0.000 0.016
394500 0.977 0.007 0.000 0.016
395000 0.977 0.007 0.000 0.016
395500 0.977 0.007 0.000 0.016
396000 0.977 0.007 0.000 0.016
396500 0.977 0.007 0.000 0.016
397000 0.977 0.007 0.000 0.016
397500 0.977 0.007 0.000 0.016
398000 0.977 0.007 0.000 0.016
398500 0.977 0.007 0.000 0.016
399000 0.977 0.007 0.000 0.016
399500 0.977 0.007 0.000 0.016
400000 0.977 0.007 0.000 0.016
400500 0.977 0.007 0.000 0.016
401000 0.977 0.007 0.000 0.016
401500 0.977 0.007 0.000 0.016
402000 0.977 0.007 0.000 0.016
402500 0.977 0.007 0.000 0.016
403000 0.977 0.007 0.000 0.016
403500 0.977 0.007 0.000 0.016
404000 0.977 0.007 0.000 0.016
404500 0.977 0.007 0.000 0.016
405000 0.977 0.007 0.000 0.016
405500 0.977 0.007 0.000 0.016
406000 0.977 0.007 0.000 0.016
406500 0.977 0.007 0.000 0.016
407000 0.977 0.007 0.000 0.016
407500 0.977 0.007 0.000 0.016
408000 0.977 0.007 0.000 0.016
408500 0.977 0.007 0.000 0.016
409000 0.977 0.007 0.000 0.016
409500 0.977 0.007 0.000 0.016
410000 0.977 0.007 0.000 0.016
410500 0.977 0.007 0.000 0.016
411000 0.977 0.007 0.000 0.016
411500 0.977 0.007 0.000 0.016
412000 0.977 0.007 0.000 0.016
412500 0.977 0.007 0.000 0.016
413000 0.977 0.007 0.000 0.016
413500 0.977 0.007 0.000 0.016
414000 0.977 0.007 0.000 0.016
414500 0.977 0.007 0.000 0.016
415000 0.977 0.007 0.000 0.016
415500 0.977 0.007 0.000 0.016
416000 0.977 0.007 0.000 0.016
416500 0.977 0.007 0.000 0.016
417000 0.977 0.007 0.000 0.016
417500 0.977 0.007 0.000 0.016
418000 0.977 0.007 0.000 0.016
418500 0.977 0.007 0.000 0.016
419000 0.977 0.007 0.000 0.016
419500 0.977 0.007 0.000 0.016
420000 0.977 0.007 0.000 0.016
420500 0.977 0.007 0.000 0.016
421000 0.977 0.007 0.000 0.016
421500 0.977 0.007 0.000 0.016
422000 0.977 0.007 0.000 0.016
422500 0.977 0.007 0.000 0.016
423000 0.977 0.007 0.000 0.016
423500 0.977 0.007 0.000 0.016
424000 0.977 0.007 0.000 0.016
424500 0.977 0.007 0.000 0.016
425000 0.977 0.007 0.000 0.016
425500 0.977 0.007 0.000 0.016
426000 0.977 0.007 0.000 0.016
426500 0.977 0.007 0.000 0.016
427000 0.977 0.007 0.000 0.016
427500 0.977 0.007 0.000 0.016
428000 0.977 0.007 0.000 0.016
428500 0.977 0.007 0.000 0.016
429000 0.977 0.007 0.000 0.016
429500 0.977 0.007 0.000 0.016
430000 0.977 0.007 0.000 0.016
430500 0.977 0.007 0.000 0.016
431000 0.977 0.007 0.000 0.016
431500 0.977 0.007 0.000 0.016
432000 0.977 0.007 0.000 0.016
432500 0.977 0.007 0.000 0.016
433000 0.977 0.007 0.000 0.016
433500 0.977 0.007 0.000 0.016
434000 0.977 0.007 0.000 0.016
434500 0.977 0.007 0.000 0.016
435000 0.977 0.007 0.000 0.016
435500 0.977 0.007 0.000 0.016
436000 0.977 0.007 0.000 0.016
436500 0.977 0.007 0.000 0.016
437000 0.977 0.007 0.000 0.016
437500 0.977 0.007 0.000 0.016
438000 0.977 0.007 0.000 0.016
438500 0.977 0.007 0.000 0.016
439000 0.977 0.007 0.000 0.016
439500 0.977 0.007 0.000 0.016
440000 0.977 0.007 0.000 0.016
440500 0.977 0.007 0.000 0.016
441000 0.977 0.007 0.000 0.016
441500 0.977 0.007 0.000 0.016
442000 0.977 0.007 0.000 0.016
442500 0.977 0.007 0.000 0.016
443000 0.977 0.007 0.000 0.016
443500 0.977 0.007 0.000 0.016
444000 0.977 0.007 0.000 0.016
444500 0.977 0.007 0.000 0.016
445000 0.977 0.007 0.000 0.016
445500 0.977 0.007 0.000 0.016
446000 0.977 0.007 0.000 0.016
446500 0.977 0.007 0.000 0.016
447000 0.977 0.007 0.000 0.016
447500 0.977 0.007 0.000 0.016
448000 0.977 0.007 0.000 0.016
448500 0.977 0.007 0.000 0.016
449000 0.977 0.007 0.000 0.016
449500 0.977 0.007 0.000 0.016
450000 0.977 0.007 0.000 0.016
450500 0.977 0.007 0.000 0.016
451000 0.977 0.007 0.000 0.016
451500 0.977 0.007 0.000 0.016
452000 0.977 0.007 0.000 0.016
452500 0.977 0.007 0.000 0.016
453000 0.977 0.007 0.000 0.016
453500 0.977 0.007 0.000 0.016
454000 0.977 0.007 0.000 0.016
454500 0.977 0.007 0.000 0.016
455000 0.977 0.007 0.000 0.016
455500 0.977 0.007 0.000 0.016
456000 0.977 0.007 0.000 0.016
456500 0.977 0.007 0.000 0.016
457000 0.977 0.007 0.000 0.016
457500 0.977 0.007 0.000 0.016
458000 0.977 0.007 0.000 0.016
458500 0.977 0.007 0.000 0.016
459000 0.977 0.007 0.000 0.016
459500 0.977 0.007 0.000 0.016
460000 0.977 0.007 0.000 0.016
460500 0.977 0.007 0.000 0.016
461000 0.977 0.007 0.000 0.016
461500 0.977 0.007 0.000 0.016
462000 0.977 0.007 0.000 0.016
462500 0.977 0.007 0.000 0.016
463000 0.977 0.007 0.000 0.016
463500 0.977 0.007 0.000 0.016
464000 0.977 0.007 0.000 0.016
464500 0.977 0.007 0.000 0.016
465000 0.977 0.007 0.000 0.016
465500 0.977 0.007 0.000 0.016
466000 0.977 0.007 0.000 0.016
466500 0.977 0.007 0.000 0.016
467000 0.977 0.007 0.000 0.016
467500 0.977 0.007 0.000 0.016
468000 0.977 0.007 0.000 0.016
468500 0.977 0.007 0.000 0.016
469000 0.977 0.007 0.000 0.016
469500 0.977 0.007 0.000 0.016
470000 0.977 0.007 0.000 0.016
470500 0.977 0.007 0.000 0.016
471000 0.977 0.007 0.000 0.016
471500 0.977 0.007 0.000 0.016
472000 0.977 0.007 0.000 0.016
472500 0.977 0.007 0.000 0.016
473000 0.977 0.007 0.000 0.016
473500 0.977 0.007 0.000 0.016
474000 0.977 0.007 0.000 0.016
474500 0.977 0.007 0.000 0.016
475000 0.977 0.007 0.000 0.016
475500 0.977 0.007 0.000 0.016
476000 0.977 0.007 0.000 0.016
476500 0.977 0.007 0.000 0.016
477000 0.977 0.007 0.000 0.016
477500 0.977 0.007 0.000 0.016
478000 0.977 0.007 0.000 0.016
478500 0.977 0.007 0.000 0.016
479000 0.977 0.007 0.000 0.016
479500 0.977 0.007 0.000 0.016
480000 0.977 0.007 0.000 0.016
480500 0.977 0.007 0.000 0.016
481000 0.977 0.007 0.000 0.016
481500 0.977 0.007 0.000 0.016
482000 0.977 0.007 0.000 0.016
482500 0.977 0.007 0.000 0.016
483000 0.977 0.007 0.000 0.016
483500 0.977 0.007 0.000 0.016
484000 0.977 0.007 0.000 0.016
484500 0.977 0.007 0.000 0.016
485000 0.977 0.007 0.000 0.016
485500 0.977 0.007 0.000 0.016
486000 0.977 0.007 0.000 0.016
486500 0.977 0.007 0.000 0.016
487000 0.977 0.007 0.000 0.016
487500 0.977 0.007 0.000 0.016
488000 0.977 0.007 0.000 0.016
488500 0.977 0.007 0.000 0.016
489000 0.977 0.007 0.000 0.016
489500 0.977 0.007 0.000 0.016
490000 0.977 0.007 0.000 0.016
490500 0.977 0.007 0.000 0.016
491000 0.977 0.007 0.000 0.016
491500 0.977 0.007 0.000 0.016
492000 0.977 0.007 0.000 0.016
492500 0.977 0.007 0.000 0.016
493000 0.977 0.007 0.000 0.016
493500 0.977 0.007 0.000 0.016
494000 0.977 0.007 0.000 0.016
494500 0.977 0.007 0.000 0.016
495000 0.977 0.007 0.000 0.016
495500 0.977 0.007 0.000 0.016
496000 0.977 0.007 0.000 0.016
496500 0.977 0.007 0.000 0.016
497000 0.977 0.007 0.000 0.016
497500 0.977 0.007 0.000 0.016
498000 0.977 0.007 0.000 0.016
498500 0.977 0.007 0.000 0.016
499000 0.977 0.007 0.000 0.016
499500 0.977 0.007 0.000 0.016
500000 0.977 0.007 0.000 0.016
