000000 0.250 0.250 0.250 0.250
000500 0.917 0.020 0.000 0.063
001000 0.918 0.019 0.000 0.063
001500 0.918 0.019 0.000 0.063
002000 0.918 0.019 0.000 0.063
002500 0.919 0.018 0.000 0.063
003000 0.920 0.018 0.000 0.063
003500 0.918 0.019 0.000 0.063
004000 0.921 0.017 0.000 0.063
004500 0.920 0.018 0.000 0.063
005000 0.921 0.017 0.000 0.063
005500 0.920 0.017 0.000 0.063
006000 0.922 0.016 0.000 0.063
006500 0.922 0.016 0.000 0.063
007000 0.921 0.016 0.000 0.063
007500 0.921 0.016 0.000 0.063
008000 0.921 0.016 0.000 0.063
008500 0.921 0.016 0.000 0.063
009000 0.921 0.016 0.000 0.063
009500 0.921 0.016 0.000 0.063
010000 0.921 0.016 0.000 0.063
010500 0.921 0.016 0.000 0.063
011000 0.921 0.016 0.000 0.063
011500 0.921 0.016 0.000 0.063
012000 0.921 0.016 0.000 0.063
012500 0.921 0.016 0.000 0.063
013000 0.921 0.016 0.000 0.063
013500 0.921 0.016 0.000 0.063
014000 0.921 0.016 0.000 0.063
014500 0.921 0.016 0.000 0.063
015000 0.921 0.016 0.000 0.063
015500 0.921 0.016 0.000 0.063
016000 0.921 0.016 0.000 0.063
016500 0.921 0.016 0.000 0.063
017000 0.921 0.016 0.000 0.063
017500 0.921 0.016 0.000 0.063
018000 0.921 0.016 0.000 0.063
018500 0.921 0.016 0.000 0.063
019000 0.921 0.016 0.000 0.063
019500 0.921 0.016 0.000 0.063
020000 0.921 0.016 0.000 0.063
020500 0.921 0.016 0.000 0.063
021000 0.921 0.016 0.000 0.063
021500 0.921 0.016 0.000 0.063
022000 0.921 0.016 0.000 0.063
022500 0.921 0.016 0.000 0.063
023000 0.921 0.016 0.000 0.063
023500 0.921 0.016 0.000 0.063
024000 0.921 0.016 0.000 0.063
024500 0.921 0.016 0.000 0.063
025000 0.921 0.016 0.000 0.063
025500 0.921 0.016 0.000 0.063
026000 0.921 0.016 0.000 0.063
026500 0.921 0.016 0.000 0.063
027000 0.921 0.016 0.000 0.063
027500 0.921 0.016 0.000 0.063
028000 0.921 0.016 0.000 0.063
028500 0.921 0.016 0.000 0.063
029000 0.921 0.016 0.000 0.063
029500 0.921 0.016 0.000 0.063
030000 0.921 0.016 0.000 0.063
030500 0.921 0.016 0.000 0.063
031000 0.921 0.016 0.000 0.063
031500 0.921 0.016 0.000 0.063
032000 0.921 0.016 0.000 0.063
032500 0.921 0.016 0.000 0.063
033000 0.921 0.016 0.000 0.063
033500 0.921 0.016 0.000 0.063
034000 0.921 0.016 0.000 0.063
034500 0.921 0.016 0.000 0.063
035000 0.921 0.016 0.000 0.063
035500 0.921 0.016 0.000 0.063
036000 0.921 0.016 0.000 0.063
036500 0.921 0.016 0.000 0.063
037000 0.921 0.016 0.000 0.063
037500 0.921 0.016 0.000 0.063
038000 0.921 0.016 0.000 0.063
038500 0.921 0.016 0.000 0.063
039000 0.921 0.016 0.000 0.063
039500 0.921 0.016 0.000 0.063
040000 0.921 0.016 0.000 0.063
040500 0.921 0.016 0.000 0.063
041000 0.921 0.016 0.000 0.063
041500 0.921 0.016 0.000 0.063
042000 0.921 0.016 0.000 0.063
042500 0.921 0.016 0.000 0.063
043000 0.921 0.016 0.000 0.063
043500 0.921 0.016 0.000 0.063
044000 0.921 0.016 0.000 0.063
044500 0.921 0.016 0.000 0.063
045000 0.921 0.016 0.000 0.063
045500 0.921 0.016 0.000 0.063
046000 0.921 0.016 0.000 0.063
046500 0.921 0.016 0.000 0.063
047000 0.921 0.016 0.000 0.063
047500 0.921 0.016 0.000 0.063
048000 0.921 0.016 0.000 0.063
048500 0.921 0.016 0.000 0.063
049000 0.921 0.016 0.000 0.063
049500 0.921 0.016 0.000 0.063
050000 0.921 0.016 0.000 0.063
050500 0.921 0.016 0.000 0.063
051000 0.921 0.016 0.000 0.063
051500 0.921 0.016 0.000 0.063
052000 0.921 0.016 0.000 0.063
052500 0.921 0.016 0.000 0.063
053000 0.921 0.016 0.000 0.063
053500 0.921 0.016 0.000 0.063
054000 0.921 0.016 0.000 0.063
054500 0.921 0.016 0.000 0.063
055000 0.921 0.016 0.000 0.063
055500 0.921 0.016 0.000 0.063
056000 0.921 0.016 0.000 0.063
056500 0.921 0.016 0.000 0.063
057000 0.921 0.016 0.000 0.063
057500 0.921 0.016 0.000 0.063
058000 0.921 0.016 0.000 0.063
058500 0.921 0.016 0.000 0.063
059000 0.921 0.016 0.000 0.063
059500 0.921 0.016 0.000 0.063
060000 0.921 0.016 0.000 0.063
060500 0.921 0.016 0.000 0.063
061000 0.921 0.016 0.000 0.063
061500 0.921 0.016 0.000 0.063
062000 0.921 0.016 0.000 0.063
062500 0.921 0.016 0.000 0.063
063000 0.921 0.016 0.000 0.063
063500 0.921 0.016 0.000 0.063
064000 0.921 0.016 0.000 0.063
064500 0.921 0.016 0.000 0.063
065000 0.921 0.016 0.000 0.063
065500 0.921 0.016 0.000 0.063
066000 0.921 0.016 0.000 0.063
066500 0.921 0.016 0.000 0.063
067000 0.921 0.016 0.000 0.063
067500 0.921 0.016 0.000 0.063
068000 0.921 0.016 0.000 0.063
068500 0.921 0.016 0.000 0.063
069000 0.921 0.016 0.000 0.063
069500 0.921 0.016 0.000 0.063
070000 0.921 0.016 0.000 0.063
070500 0.921 0.016 0.000 0.063
071000 0.921 0.016 0.000 0.063
071500 0.921 0.016 0.000 0.063
072000 0.921 0.016 0.000 0.063
072500 0.921 0.016 0.000 0.063
073000 0.921 0.016 0.000 0.063
073500 0.921 0.016 0.000 0.063
074000 0.921 0.016 0.000 0.063
074500 0.921 0.016 0.000 0.063
075000 0.921 0.016 0.000 0.063
075500 0.921 0.016 0.000 0.063
076000 0.921 0.016 0.000 0.063
076500 0.921 0.016 0.000 0.063
077000 0.921 0.016 0.000 0.063
077500 0.921 0.016 0.000 0.063
078000 0.921 0.016 0.000 0.063
078500 0.921 0.016 0.000 0.063
079000 0.921 0.016 0.000 0.063
079500 0.921 0.016 0.000 0.063
080000 0.921 0.016 0.000 0.063
080500 0.921 0.016 0.000 0.063
081000 0.921 0.016 0.000 0.063
081500 0.921 0.016 0.000 0.063
082000 0.921 0.016 0.000 0.063
082500 0.921 0.016 0.000 0.063
083000 0.921 0.016 0.000 0.063
083500 0.921 0.016 0.000 0.063
084000 0.921 0.016 0.000 0.063
084500 0.921 0.016 0.000 0.063
085000 0.921 0.016 0.000 0.063
085500 0.921 0.016 0.000 0.063
086000 0.921 0.016 0.000 0.063
086500 0.921 0.016 0.000 0.063
087000 0.921 0.016 0.000 0.063
087500 0.921 0.016 0.000 0.063
088000 0.921 0.016 0.000 0.063
088500 0.921 0.016 0.000 0.063
089000 0.921 0.016 0.000 0.063
089500 0.921 0.016 0.000 0.063
090000 0.921 0.016 0.000 0.063
090500 0.921 0.016 0.000 0.063
091000 0.921 0.016 0.000 0.063
091500 0.921 0.016 0.000 0.063
092000 0.921 0.016 0.000 0.063
092500 0.921 0.016 0.000 0.063
093000 0.921 0.016 0.000 0.063
093500 0.921 0.016 0.000 0.063
094000 0.921 0.016 0.000 0.063
094500 0.921 0.016 0.000 0.063
095000 0.921 0.016 0.000 0.063
095500 0.921 0.016 0.000 0.063
096000 0.921 0.016 0.000 0.063
096500 0.921 0.016 0.000 0.063
097000 0.921 0.016 0.000 0.063
097500 0.921 0.016 0.000 0.063
098000 0.921 0.016 0.000 0.063
098500 0.921 0.016 0.000 0.063
099000 0.921 0.016 0.000 0.063
099500 0.921 0.016 0.000 0.063
100000 0.921 0.016 0.000 0.063
100500 0.921 0.016 0.000 0.063
101000 0.921 0.016 0.000 0.063
101500 0.921 0.016 0.000 0.063
102000 0.921 0.016 0.000 0.063
102500 0.921 0.016 0.000 0.063
103000 0.921 0.016 0.000 0.063
103500 0.921 0.016 0.000 0.063
104000 0.921 0.016 0.000 0.063
104500 0.921 0.016 0.000 0.063
105000 0.921 0.016 0.000 0.063
105500 0.921 0.016 0.000 0.063
106000 0.921 0.016 0.000 0.063
106500 0.921 0.016 0.000 0.063
107000 0.921 0.016 0.000 0.063
107500 0.921 0.016 0.000 0.063
108000 0.921 0.016 0.000 0.063
108500 0.921 0.016 0.000 0.063
109000 0.921 0.016 0.000 0.063
109500 0.921 0.016 0.000 0.063
110000 0.921 0.016 0.000 0.063
110500 0.921 0.016 0.000 0.063
111000 0.921 0.016 0.000 0.063
111500 0.921 0.016 0.000 0.063
112000 0.921 0.016 0.000 0.063
112500 0.921 0.016 0.000 0.063
113000 0.921 0.016 0.000 0.063
113500 0.921 0.016 0.000 0.063
114000 0.921 0.016 0.000 0.063
114500 0.921 0.016 0.000 0.063
115000 0.921 0.016 0.000 0.063
115500 0.921 0.016 0.000 0.063
116000 0.921 0.016 0.000 0.063
116500 0.921 0.016 0.000 0.063
117000 0.921 0.016 0.000 0.063
117500 0.921 0.016 0.000 0.063
118000 0.921 0.016 0.000 0.063
118500 0.921 0.016 0.000 0.063
119000 0.921 0.016 0.000 0.063
119500 0.921 0.016 0.000 0.063
120000 0.921 0.016 0.000 0.063
120500 0.921 0.016 0.000 0.063
121000 0.921 0.016 0.000 0.063
121500 0.921 0.016 0.000 0.063
122000 0.921 0.016 0.000 0.063
122500 0.921 0.016 0.000 0.063
123000 0.921 0.016 0.000 0.063
123500 0.921 0.016 0.000 0.063
124000 0.921 0.016 0.000 0.063
124500 0.921 0.016 0.000 0.063
125000 0.921 0.016 0.000 0.063
125500 0.921 0.016 0.000 0.063
126000 0.921 0.016 0.000 0.063
126500 0.921 0.016 0.000 0.063
127000 0.921 0.016 0.000 0.063
127500 0.921 0.016 0.000 0.063
128000 0.921 0.016 0.000 0.063
128500 0.921 0.016 0.000 0.063
129000 0.921 0.016 0.000 0.063
129500 0.921 0.016 0.000 0.063
130000 0.921 0.016 0.000 0.063
130500 0.921 0.016 0.000 0.063
131000 0.921 0.016 0.000 0.063
131500 0.921 0.016 0.000 0.063
132000 0.921 0.016 0.000 0.063
132500 0.921 0.016 0.000 0.063
133000 0.921 0.016 0.000 0.063
133500 0.921 0.016 0.000 0.063
134000 0.921 0.016 0.000 0.063
134500 0.921 0.016 0.000 0.063
135000 0.921 0.016 0.000 0.063
135500 0.921 0.016 0.000 0.063
136000 0.921 0.016 0.000 0.063
136500 0.921 0.016 0.000 0.063
137000 0.921 0.016 0.000 0.063
137500 0.921 0.016 0.000 0.063
138000 0.921 0.016 0.000 0.063
138500 0.921 0.016 0.000 0.063
139000 0.921 0.016 0.000 0.063
139500 0.921 0.016 0.000 0.063
140000 0.921 0.016 0.000 0.063
140500 0.921 0.016 0.000 0.063
141000 0.921 0.016 0.000 0.063
141500 0.921 0.016 0.000 0.063
142000 0.921 0.016 0.000 0.063
142500 0.921 0.016 0.000 0.063
143000 0.921 0.016 0.000 0.063
143500 0.921 0.016 0.000 0.063
144000 0.921 0.016 0.000 0.063
144500 0.921 0.016 0.000 0.063
145000 0.921 0.016 0.000 0.063
145500 0.921 0.016 0.000 0.063
146000 0.921 0.016 0.000 0.063
146500 0.921 0.016 0.000 0.063
147000 0.921 0.016 0.000 0.063
147500 0.921 0.016 0.000 0.063
148000 0.921 0.016 0.000 0.063
148500 0.921 0.016 0.000 0.063
149000 0.921 0.016 0.000 0.063
149500 0.921 0.016 0.000 0.063
150000 0.921 0.016 0.000 0.063
150500 0.921 0.016 0.000 0.063
151000 0.921 0.016 0.000 0.063
151500 0.921 0.016 0.000 0.063
152000 0.921 0.016 0.000 0.063
152500 0.921 0.016 0.000 0.063
153000 0.921 0.016 0.000 0.063
153500 0.921 0.016 0.000 0.063
154000 0.921 0.016 0.000 0.063
154500 0.921 0.016 0.000 0.063
155000 0.921 0.016 0.000 0.063
155500 0.921 0.016 0.000 0.063
156000 0.921 0.016 0.000 0.063
156500 0.921 0.016 0.000 0.063
157000 0.921 0.016 0.000 0.063
157500 0.921 0.016 0.000 0.063
158000 0.921 0.016 0.000 0.063
158500 0.921 0.016 0.000 0.063
159000 0.921 0.016 0.000 0.063
159500 0.921 0.016 0.000 0.063
160000 0.921 0.016 0.000 0.063
160500 0.921 0.016 0.000 0.063
161000 0.921 0.016 0.000 0.063
161500 0.921 0.016 0.000 0.063
162000 0.921 0.016 0.000 0.063
162500 0.921 0.016 0.000 0.063
163000 0.921 0.016 0.000 0.063
163500 0.921 0.016 0.000 0.063
164000 0.921 0.016 0.000 0.063
164500 0.921 0.016 0.000 0.063
165000 0.921 0.016 0.000 0.063
165500 0.921 0.016 0.000 0.063
166000 0.921 0.016 0.000 0.063
166500 0.921 0.016 0.000 0.063
167000 0.921 0.016 0.000 0.063
167500 0.921 0.016 0.000 0.063
168000 0.921 0.016 0.000 0.063
168500 0.921 0.016 0.000 0.063
169000 0.921 0.016 0.000 0.063
169500 0.921 0.016 0.000 0.063
170000 0.921 0.016 0.000 0.063
170500 0.921 0.016 0.000 0.063
171000 0.921 0.016 0.000 0.063
171500 0.921 0.016 0.000 0.063
172000 0.921 0.016 0.000 0.063
172500 0.921 0.016 0.000 0.063
173000 0.921 0.016 0.000 0.063
173500 0.921 0.016 0.000 0.063
174000 0.921 0.016 0.000 0.063
174500 0.921 0.016 0.000 0.063
175000 0.921 0.016 0.000 0.063
175500 0.921 0.016 0.000 0.063
176000 0.921 0.016 0.000 0.063
176500 0.921 0.016 0.000 0.063
177000 0.921 0.016 0.000 0.063
177500 0.921 0.016 0.000 0.063
178000 0.921 0.016 0.000 0.063
178500 0.921 0.016 0.000 0.063
179000 0.921 0.016 0.000 0.063
179500 0.921 0.016 0.000 0.063
180000 0.921 0.016 0.000 0.063
180500 0.921 0.016 0.000 0.063
181000 0.921 0.016 0.000 0.063
181500 0.921 0.016 0.000 0.063
182000 0.921 0.016 0.000 0.063
182500 0.921 0.016 0.000 0.063
183000 0.921 0.016 0.000 0.063
183500 0.921 0.016 0.000 0.063
184000 0.921 0.016 0.000 0.063
184500 0.921 0.016 0.000 0.063
185000 0.921 0.016 0.000 0.063
185500 0.921 0.016 0.000 0.063
186000 0.921 0.016 0.000 0.063
186500 0.921 0.016 0.000 0.063
187000 0.921 0.016 0.000 0.063
187500 0.921 0.016 0.000 0.063
188000 0.921 0.016 0.000 0.063
188500 0.921 0.016 0.000 0.063
189000 0.921 0.016 0.000 0.063
189500 0.921 0.016 0.000 0.063
190000 0.921 0.016 0.000 0.063
190500 0.921 0.016 0.000 0.063
191000 0.921 0.016 0.000 0.063
191500 0.921 0.016 0.000 0.063
192000 0.921 0.016 0.000 0.063
192500 0.921 0.016 0.000 0.063
193000 0.921 0.016 0.000 0.063
193500 0.921 0.016 0.000 0.063
194000 0.921 0.016 0.000 0.063
194500 0.921 0.016 0.000 0.063
195000 0.921 0.016 0.000 0.063
195500 0.921 0.016 0.000 0.063
196000 0.921 0.016 0.000 0.063
196500 0.921 0.016 0.000 0.063
197000 0.921 0.016 0.000 0.063
197500 0.921 0.016 0.000 0.063
198000 0.921 0.016 0.000 0.063
198500 0.921 0.016 0.000 0.063
199000 0.921 0.016 0.000 0.063
199500 0.921 0.016 0.000 0.063
200000 0.921 0.016 0.000 0.063
200500 0.921 0.016 0.000 0.063
201000 0.921 0.016 0.000 0.063
201500 0.921 0.016 0.000 0.063
202000 0.921 0.016 0.000 0.063
202500 0.921 0.016 0.000 0.063
203000 0.921 0.016 0.000 0.063
203500 0.921 0.016 0.000 0.063
204000 0.921 0.016 0.000 0.063
204500 0.921 0.016 0.000 0.063
205000 0.921 0.016 0.000 0.063
205500 0.921 0.016 0.000 0.063
206000 0.921 0.016 0.000 0.063
206500 0.921 0.016 0.000 0.063
207000 0.921 0.016 0.000 0.063
207500 0.921 0.016 0.000 0.063
208000 0.921 0.016 0.000 0.063
208500 0.921 0.016 0.000 0.063
209000 0.921 0.016 0.000 0.063
209500 0.921 0.016 0.000 0.063
210000 0.921 0.016 0.000 0.063
210500 0.921 0.016 0.000 0.063
211000 0.921 0.016 0.000 0.063
211500 0.921 0.016 0.000 0.063
212000 0.921 0.016 0.000 0.063
212500 0.921 0.016 0.000 0.063
213000 0.921 0.016 0.000 0.063
213500 0.921 0.016 0.000 0.063
214000 0.921 0.016 0.000 0.063
214500 0.921 0.016 0.000 0.063
215000 0.921 0.016 0.000 0.063
215500 0.921 0.016 0.000 0.063
216000 0.921 0.016 0.000 0.063
216500 0.921 0.016 0.000 0.063
217000 0.921 0.016 0.000 0.063
217500 0.921 0.016 0.000 0.063
218000 0.921 0.016 0.000 0.063
218500 0.921 0.016 0.000 0.063
219000 0.921 0.016 0.000 0.063
219500 0.921 0.016 0.000 0.063
220000 0.921 0.016 0.000 0.063
220500 0.921 0.016 0.000 0.063
221000 0.921 0.016 0.000 0.063
221500 0.921 0.016 0.000 0.063
222000 0.921 0.016 0.000 0.063
222500 0.921 0.016 0.000 0.063
223000 0.921 0.016 0.000 0.063
223500 0.921 0.016 0.000 0.063
224000 0.921 0.016 0.000 0.063
224500 0.921 0.016 0.000 0.063
225000 0.921 0.016 0.000 0.063
225500 0.921 0.016 0.000 0.063
226000 0.921 0.016 0.000 0.063
226500 0.921 0.016 0.000 0.063
227000 0.921 0.016 0.000 0.063
227500 0.921 0.016 0.000 0.063
228000 0.921 0.016 0.000 0.063
228500 0.921 0.016 0.000 0.063
229000 0.921 0.016 0.000 0.063
229500 0.921 0.016 0.000 0.063
230000 0.921 0.016 0.000 0.063
230500 0.921 0.016 0.000 0.063
231000 0.921 0.016 0.000 0.063
231500 0.921 0.016 0.000 0.063
232000 0.921 0.016 0.000 0.063
232500 0.921 0.016 0.000 0.063
233000 0.921 0.016 0.000 0.063
233500 0.921 0.016 0.000 0.063
234000 0.921 0.016 0.000 0.063
234500 0.921 0.016 0.000 0.063
235000 0.921 0.016 0.000 0.063
235500 0.921 0.016 0.000 0.063
236000 0.921 0.016 0.000 0.063
236500 0.921 0.016 0.000 0.063
237000 0.921 0.016 0.000 0.063
237500 0.921 0.016 0.000 0.063
238000 0.921 0.016 0.000 0.063
238500 0.921 0.016 0.000 0.063
239000 0.921 0.016 0.000 0.063
239500 0.921 0.016 0.000 0.063
240000 0.921 0.016 0.000 0.063
240500 0.921 0.016 0.000 0.063
241000 0.921 0.016 0.000 0.063
241500 0.921 0.016 0.000 0.063
242000 0.921 0.016 0.000 0.063
242500 0.921 0.016 0.000 0.063
243000 0.921 0.016 0.000 0.063
243500 0.921 0.016 0.000 0.063
244000 0.921 0.016 0.000 0.063
244500 0.921 0.016 0.000 0.063
245000 0.921 0.016 0.000 0.063
245500 0.921 0.016 0.000 0.063
246000 0.921 0.016 0.000 0.063
246500 0.921 0.016 0.000 0.063
247000 0.921 0.016 0.000 0.063
247500 0.921 0.016 0.000 0.063
248000 0.921 0.016 0.000 0.063
248500 0.921 0.016 0.000 0.063
249000 0.921 0.016 0.000 0.063
249500 0.921 0.016 0.000 0.063
250000 0.921 0.016 0.000 0.063
250500 0.921 0.016 0.000 0.063
251000 0.921 0.016 0.000 0.063
251500 0.921 0.016 0.000 0.063
252000 0.921 0.016 0.000 0.063
252500 0.921 0.016 0.000 0.063
253000 0.921 0.016 0.000 0.063
253500 0.921 0.016 0.000 0.063
254000 0.921 0.016 0.000 0.063
254500 0.921 0.016 0.000 0.063
255000 0.921 0.016 0.000 0.063
255500 0.921 0.016 0.000 0.063
256000 0.921 0.016 0.000 0.063
256500 0.921 0.016 0.000 0.063
257000 0.921 0.016 0.000 0.063
257500 0.921 0.016 0.000 0.063
258000 0.921 0.016 0.000 0.063
258500 0.921 0.016 0.000 0.063
259000 0.921 0.016 0.000 0.063
259500 0.921 0.016 0.000 0.063
260000 0.921 0.016 0.000 0.063
260500 0.921 0.016 0.000 0.063
261000 0.921 0.016 0.000 0.063
261500 0.921 0.016 0.000 0.063
262000 0.921 0.016 0.000 0.063
262500 0.921 0.016 0.000 0.063
263000 0.921 0.016 0.000 0.063
263500 0.921 0.016 0.000 0.063
264000 0.921 0.016 0.000 0.063
264500 0.921 0.016 0.000 0.063
265000 0.921 0.016 0.000 0.063
265500 0.921 0.016 0.000 0.063
266000 0.921 0.016 0.000 0.063
266500 0.921 0.016 0.000 0.063
267000 0.921 0.016 0.000 0.063
267500 0.921 0.016 0.000 0.063
268000 0.921 0.016 0.000 0.063
268500 0.921 0.016 0.000 0.063
269000 0.921 0.016 0.000 0.063
269500 0.921 0.016 0.000 0.063
270000 0.921 0.016 0.000 0.063
270500 0.921 0.016 0.000 0.063
271000 0.921 0.016 0.000 0.063
271500 0.921 0.016 0.000 0.063
272000 0.921 0.016 0.000 0.063
272500 0.921 0.016 0.000 0.063
273000 0.921 0.016 0.000 0.063
273500 0.921 0.016 0.000 0.063
274000 0.921 0.016 0.000 0.063
274500 0.921 0.016 0.000 0.063
275000 0.921 0.016 0.000 0.063
275500 0.921 0.016 0.000 0.063
276000 0.921 0.016 0.000 0.063
276500 0.921 0.016 0.000 0.063
277000 0.921 0.016 0.000 0.063
277500 0.921 0.016 0.000 0.063
278000 0.921 0.016 0.000 0.063
278500 0.921 0.016 0.000 0.063
279000 0.921 0.016 0.000 0.063
279500 0.921 0.016 0.000 0.063
280000 0.921 0.016 0.000 0.063
280500 0.921 0.016 0.000 0.063
281000 0.921 0.016 0.000 0.063
281500 0.921 0.016 0.000 0.063
282000 0.921 0.016 0.000 0.063
282500 0.921 0.016 0.000 0.063
283000 0.921 0.016 0.000 0.063
283500 0.921 0.016 0.000 0.063
284000 0.921 0.016 0.000 0.063
284500 0.921 0.016 0.000 0.063
285000 0.921 0.016 0.000 0.063
285500 0.921 0.016 0.000 0.063
286000 0.921 0.016 0.000 0.063
286500 0.921 0.016 0.000 0.063
287000 0.921 0.016 0.000 0.063
287500 0.921 0.016 0.000 0.063
288000 0.921 0.016 0.000 0.063
288500 0.921 0.016 0.000 0.063
289000 0.921 0.016 0.000 0.063
289500 0.921 0.016 0.000 0.063
290000 0.921 0.016 0.000 0.063
290500 0.921 0.016 0.000 0.063
291000 0.921 0.016 0.000 0.063
291500 0.921 0.016 0.000 0.063
292000 0.921 0.016 0.000 0.063
292500 0.921 0.016 0.000 0.063
293000 0.921 0.016 0.000 0.063
293500 0.921 0.016 0.000 0.063
294000 0.921 0.016 0.000 0.063
294500 0.921 0.016 0.000 0.063
295000 0.921 0.016 0.000 0.063
295500 0.921 0.016 0.000 0.063
296000 0.921 0.016 0.000 0.063
296500 0.921 0.016 0.000 0.063
297000 0.921 0.016 0.000 0.063
297500 0.921 0.016 0.000 0.063
298000 0.921 0.016 0.000 0.063
298500 0.921 0.016 0.000 0.063
299000 0.921 0.016 0.000 0.063
299500 0.921 0.016 0.000 0.063
300000 0.921 0.016 0.000 0.063
300500 0.921 0.016 0.000 0.063
301000 0.921 0.016 0.000 0.063
301500 0.921 0.016 0.000 0.063
302000 0.921 0.016 0.000 0.063
302500 0.921 0.016 0.000 0.063
303000 0.921 0.016 0.000 0.063
303500 0.921 0.016 0.000 0.063
304000 0.921 0.016 0.000 0.063
304500 0.921 0.016 0.000 0.063
305000 0.921 0.016 0.000 0.063
305500 0.921 0.016 0.000 0.063
306000 0.921 0.016 0.000 0.063
306500 0.921 0.016 0.000 0.063
307000 0.921 0.016 0.000 0.063
307500 0.921 0.016 0.000 0.063
308000 0.921 0.016 0.000 0.063
308500 0.921 0.016 0.000 0.063
309000 0.921 0.016 0.000 0.063
309500 0.921 0.016 0.000 0.063
310000 0.921 0.016 0.000 0.063
310500 0.921 0.016 0.000 0.063
311000 0.921 0.016 0.000 0.063
311500 0.921 0.016 0.000 0.063
312000 0.921 0.016 0.000 0.063
312500 0.921 0.016 0.000 0.063
313000 0.921 0.016 0.000 0.063
313500 0.921 0.016 0.000 0.063
314000 0.921 0.016 0.000 0.063
314500 0.921 0.016 0.000 0.063
315000 0.921 0.016 0.000 0.063
315500 0.921 0.016 0.000 0.063
316000 0.921 0.016 0.000 0.063
316500 0.921 0.016 0.000 0.063
317000 0.921 0.016 0.000 0.063
317500 0.921 0.016 0.000 0.063
318000 0.921 0.016 0.000 0.063
318500 0.921 0.016 0.000 0.063
319000 0.921 0.016 0.000 0.063
319500 0.921 0.016 0.000 0.063
320000 0.921 0.016 0.000 0.063
320500 0.921 0.016 0.000 0.063
321000 0.921 0.016 0.000 0.063
321500 0.921 0.016 0.000 0.063
322000 0.921 0.016 0.000 0.063
322500 0.921 0.016 0.000 0.063
323000 0.921 0.016 0.000 0.063
323500 0.921 0.016 0.000 0.063
324000 0.921 0.016 0.000 0.063
324500 0.921 0.016 0.000 0.063
325000 0.921 0.016 0.000 0.063
325500 0.921 0.016 0.000 0.063
326000 0.921 0.016 0.000 0.063
326500 0.921 0.016 0.000 0.063
327000 0.921 0.016 0.000 0.063
327500 0.921 0.016 0.000 0.063
328000 0.921 0.016 0.000 0.063
328500 0.921 0.016 0.000 0.063
329000 0.921 0.016 0.000 0.063
329500 0.921 0.016 0.000 0.063
330000 0.921 0.016 0.000 0.063
330500 0.921 0.016 0.000 0.063
331000 0.921 0.016 0.000 0.063
331500 0.921 0.016 0.000 0.063
332000 0.921 0.016 0.000 0.063
332500 0.921 0.016 0.000 0.063
333000 0.921 0.016 0.000 0.063
333500 0.921 0.016 0.000 0.063
334000 0.921 0.016 0.000 0.063
334500 0.921 0.016 0.000 0.063
335000 0.921 0.016 0.000 0.063
335500 0.921 0.016 0.000 0.063
336000 0.921 0.016 0.000 0.063
336500 0.921 0.016 0.000 0.063
337000 0.921 0.016 0.000 0.063
337500 0.921 0.016 0.000 0.063
338000 0.921 0.016 0.000 0.063
338500 0.921 0.016 0.000 0.063
339000 0.921 0.016 0.000 0.063
339500 0.921 0.016 0.000 0.063
340000 0.921 0.016 0.000 0.063
340500 0.921 0.016 0.000 0.063
341000 0.921 0.016 0.000 0.063
341500 0.921 0.016 0.000 0.063
342000 0.921 0.016 0.000 0.063
342500 0.921 0.016 0.000 0.063
343000 0.921 0.016 0.000 0.063
343500 0.921 0.016 0.000 0.063
344000 0.921 0.016 0.000 0.063
344500 0.921 0.016 0.000 0.063
345000 0.921 0.016 0.000 0.063
345500 0.921 0.016 0.000 0.063
346000 0.921 0.016 0.000 0.063
346500 0.921 0.016 0.000 0.063
347000 0.921 0.016 0.000 0.063
347500 0.921 0.016 0.000 0.063
348000 0.921 0.016 0.000 0.063
348500 0.921 0.016 0.000 0.063
349000 0.921 0.016 0.000 0.063
349500 0.921 0.016 0.000 0.063
350000 0.921 0.016 0.000 0.063
350500 0.921 0.016 0.000 0.063
351000 0.921 0.016 0.000 0.063
351500 0.921 0.016 0.000 0.063
352000 0.921 0.016 0.000 0.063
352500 0.921 0.016 0.000 0.063
353000 0.921 0.016 0.000 0.063
353500 0.921 0.016 0.000 0.063
354000 0.921 0.016 0.000 0.063
354500 0.921 0.016 0.000 0.063
355000 0.921 0.016 0.000 0.063
355500 0.921 0.016 0.000 0.063
356000 0.921 0.016 0.000 0.063
356500 0.921 0.016 0.000 0.063
357000 0.921 0.016 0.000 0.063
357500 0.921 0.016 0.000 0.063
358000 0.921 0.016 0.000 0.063
358500 0.921 0.016 0.000 0.063
359000 0.921 0.016 0.000 0.063
359500 0.921 0.016 0.000 0.063
360000 0.921 0.016 0.000 0.063
360500 0.921 0.016 0.000 0.063
361000 0.921 0.016 0.000 0.063
361500 0.921 0.016 0.000 0.063
362000 0.921 0.016 0.000 0.063
362500 0.921 0.016 0.000 0.063
363000 0.921 0.016 0.000 0.063
363500 0.921 0.016 0.000 0.063
364000 0.921 0.016 0.000 0.063
364500 0.921 0.016 0.000 0.063
365000 0.921 0.016 0.000 0.063
365500 0.921 0.016 0.000 0.063
366000 0.921 0.016 0.000 0.063
366500 0.921 0.016 0.000 0.063
367000 0.921 0.016 0.000 0.063
367500 0.921 0.016 0.000 0.063
368000 0.921 0.016 0.000 0.063
368500 0.921 0.016 0.000 0.063
369000 0.921 0.016 0.000 0.063
369500 0.921 0.016 0.000 0.063
370000 0.921 0.016 0.000 0.063
370500 0.921 0.016 0.000 0.063
371000 0.921 0.016 0.000 0.063
371500 0.921 0.016 0.000 0.063
372000 0.921 0.016 0.000 0.063
372500 0.921 0.016 0.000 0.063
373000 0.921 0.016 0.000 0.063
373500 0.921 0.016 0.000 0.063
374000 0.921 0.016 0.000 0.063
374500 0.921 0.016 0.000 0.063
375000 0.921 0.016 0.000 0.063
375500 0.921 0.016 0.000 0.063
376000 0.921 0.016 0.000 0.063
376500 0.921 0.016 0.000 0.063
377000 0.921 0.016 0.000 0.063
377500 0.921 0.016 0.000 0.063
378000 0.921 0.016 0.000 0.063
378500 0.921 0.016 0.000 0.063
379000 0.921 0.016 0.000 0.063
379500 0.921 0.016 0.000 0.063
380000 0.921 0.016 0.000 0.063
380500 0.921 0.016 0.000 0.063
381000 0.921 0.016 0.000 0.063
381500 0.921 0.016 0.000 0.063
382000 0.921 0.016 0.000 0.063
382500 0.921 0.016 0.000 0.063
383000 0.921 0.016 0.000 0.063
383500 0.921 0.016 0.000 0.063
384000 0.921 0.016 0.000 0.063
384500 0.921 0.016 0.000 0.063
385000 0.921 0.016 0.000 0.063
385500 0.921 0.016 0.000 0.063
386000 0.921 0.016 0.000 0.063
386500 0.921 0.016 0.000 0.063
387000 0.921 0.016 0.000 0.063
387500 0.921 0.016 0.000 0.063
388000 0.921 0.016 0.000 0.063
388500 0.921 0.016 0.000 0.063
389000 0.921 0.016 0.000 0.063
389500 0.921 0.016 0.000 0.063
390000 0.921 0.016 0.000 0.063
390500 0.921 0.016 0.000 0.063
391000 0.921 0.016 0.000 0.063
391500 0.921 0.016 0.000 0.063
392000 0.921 0.016 0.000 0.063
392500 0.921 0.016 0.000 0.063
393000 0.921 0.016 0.000 0.063
393500 0.921 0.016 0.000 0.063
394000 0.921 0.016 0.000 0.063
394500 0.921 0.016 0.000 0.063
395000 0.921 0.016 0.000 0.063
395500 0.921 0.016 0.000 0.063
396000 0.921 0.016 0.000 0.063
396500 0.921 0.016 0.000 0.063
397000 0.921 0.016 0.000 0.063
397500 0.921 0.016 0.000 0.063
398000 0.921 0.016 0.000 0.063
398500 0.921 0.016 0.000 0.063
399000 0.921 0.016 0.000 0.063
399500 0.921 0.016 0.000 0.063
400000 0.921 0.016 0.000 0.063
400500 0.921 0.016 0.000 0.063
401000 0.921 0.016 0.000 0.063
401500 0.921 0.016 0.000 0.063
402000 0.921 0.016 0.000 0.063
402500 0.921 0.016 0.000 0.063
403000 0.921 0.016 0.000 0.063
403500 0.921 0.016 0.000 0.063
404000 0.921 0.016 0.000 0.063
404500 0.921 0.016 0.000 0.063
405000 0.921 0.016 0.000 0.063
405500 0.921 0.016 0.000 0.063
406000 0.921 0.016 0.000 0.063
406500 0.921 0.016 0.000 0.063
407000 0.921 0.016 0.000 0.063
407500 0.921 0.016 0.000 0.063
408000 0.921 0.016 0.000 0.063
408500 0.921 0.016 0.000 0.063
409000 0.921 0.016 0.000 0.063
409500 0.921 0.016 0.000 0.063
410000 0.921 0.016 0.000 0.063
410500 0.921 0.016 0.000 0.063
411000 0.921 0.016 0.000 0.063
411500 0.921 0.016 0.000 0.063
412000 0.921 0.016 0.000 0.063
412500 0.921 0.016 0.000 0.063
413000 0.921 0.016 0.000 0.063
413500 0.921 0.016 0.000 0.063
414000 0.921 0.016 0.000 0.063
414500 0.921 0.016 0.000 0.063
415000 0.921 0.016 0.000 0.063
415500 0.921 0.016 0.000 0.063
416000 0.921 0.016 0.000 0.063
416500 0.921 0.016 0.000 0.063
417000 0.921 0.016 0.000 0.063
417500 0.921 0.016 0.000 0.063
418000 0.921 0.016 0.000 0.063
418500 0.921 0.016 0.000 0.063
419000 0.921 0.016 0.000 0.063
419500 0.921 0.016 0.000 0.063
420000 0.921 0.016 0.000 0.063
420500 0.921 0.016 0.000 0.063
421000 0.921 0.016 0.000 0.063
421500 0.921 0.016 0.000 0.063
422000 0.921 0.016 0.000 0.063
422500 0.921 0.016 0.000 0.063
423000 0.921 0.016 0.000 0.063
423500 0.921 0.016 0.000 0.063
424000 0.921 0.016 0.000 0.063
424500 0.921 0.016 0.000 0.063
425000 0.921 0.016 0.000 0.063
425500 0.921 0.016 0.000 0.063
426000 0.921 0.016 0.000 0.063
426500 0.921 0.016 0.000 0.063
427000 0.921 0.016 0.000 0.063
427500 0.921 0.016 0.000 0.063
428000 0.921 0.016 0.000 0.063
428500 0.921 0.016 0.000 0.063
429000 0.921 0.016 0.000 0.063
429500 0.921 0.016 0.000 0.063
430000 0.921 0.016 0.000 0.063
430500 0.921 0.016 0.000 0.063
431000 0.921 0.016 0.000 0.063
431500 0.921 0.016 0.000 0.063
432000 0.921 0.016 0.000 0.063
432500 0.921 0.016 0.000 0.063
433000 0.921 0.016 0.000 0.063
433500 0.921 0.016 0.000 0.063
434000 0.921 0.016 0.000 0.063
434500 0.921 0.016 0.000 0.063
435000 0.921 0.016 0.000 0.063
435500 0.921 0.016 0.000 0.063
436000 0.921 0.016 0.000 0.063
436500 0.921 0.016 0.000 0.063
437000 0.921 0.016 0.000 0.063
437500 0.921 0.016 0.000 0.063
438000 0.921 0.016 0.000 0.063
438500 0.921 0.016 0.000 0.063
439000 0.921 0.016 0.000 0.063
439500 0.921 0.016 0.000 0.063
440000 0.921 0.016 0.000 0.063
440500 0.921 0.016 0.000 0.063
441000 0.921 0.016 0.000 0.063
441500 0.921 0.016 0.000 0.063
442000 0.921 0.016 0.000 0.063
442500 0.921 0.016 0.000 0.063
443000 0.921 0.016 0.000 0.063
443500 0.921 0.016 0.000 0.063
444000 0.921 0.016 0.000 0.063
444500 0.921 0.016 0.000 0.063
445000 0.921 0.016 0.000 0.063
445500 0.921 0.016 0.000 0.063
446000 0.921 0.016 0.000 0.063
446500 0.921 0.016 0.000 0.063
447000 0.921 0.016 0.000 0.063
447500 0.921 0.016 0.000 0.063
448000 0.921 0.016 0.000 0.063
448500 0.921 0.016 0.000 0.063
449000 0.921 0.016 0.000 0.063
449500 0.921 0.016 0.000 0.063
450000 0.921 0.016 0.000 0.063
450500 0.921 0.016 0.000 0.063
451000 0.921 0.016 0.000 0.063
451500 0.921 0.016 0.000 0.063
452000 0.921 0.016 0.000 0.063
452500 0.921 0.016 0.000 0.063
453000 0.921 0.016 0.000 0.063
453500 0.921 0.016 0.000 0.063
454000 0.921 0.016 0.000 0.063
454500 0.921 0.016 0.000 0.063
455000 0.921 0.016 0.000 0.063
455500 0.921 0.016 0.000 0.063
456000 0.921 0.016 0.000 0.063
456500 0.921 0.016 0.000 0.063
457000 0.921 0.016 0.000 0.063
457500 0.921 0.016 0.000 0.063
458000 0.921 0.016 0.000 0.063
458500 0.921 0.016 0.000 0.063
459000 0.921 0.016 0.000 0.063
459500 0.921 0.016 0.000 0.063
460000 0.921 0.016 0.000 0.063
460500 0.921 0.016 0.000 0.063
461000 0.921 0.016 0.000 0.063
461500 0.921 0.016 0.000 0.063
462000 0.921 0.016 0.000 0.063
462500 0.921 0.016 0.000 0.063
463000 0.921 0.016 0.000 0.063
463500 0.921 0.016 0.000 0.063
464000 0.921 0.016 0.000 0.063
464500 0.921 0.016 0.000 0.063
465000 0.921 0.016 0.000 0.063
465500 0.921 0.016 0.000 0.063
466000 0.921 0.016 0.000 0.063
466500 0.921 0.016 0.000 0.063
467000 0.921 0.016 0.000 0.063
467500 0.921 0.016 0.000 0.063
468000 0.921 0.016 0.000 0.063
468500 0.921 0.016 0.000 0.063
469000 0.921 0.016 0.000 0.063
469500 0.921 0.016 0.000 0.063
470000 0.921 0.016 0.000 0.063
470500 0.921 0.016 0.000 0.063
471000 0.921 0.016 0.000 0.063
471500 0.921 0.016 0.000 0.063
472000 0.921 0.016 0.000 0.063
472500 0.921 0.016 0.000 0.063
473000 0.921 0.016 0.000 0.063
473500 0.921 0.016 0.000 0.063
474000 0.921 0.016 0.000 0.063
474500 0.921 0.016 0.000 0.063
475000 0.921 0.016 0.000 0.063
475500 0.921 0.016 0.000 0.063
476000 0.921 0.016 0.000 0.063
476500 0.921 0.016 0.000 0.063
477000 0.921 0.016 0.000 0.063
477500 0.921 0.016 0.000 0.063
478000 0.921 0.016 0.000 0.063
478500 0.921 0.016 0.000 0.063
479000 0.921 0.016 0.000 0.063
479500 0.921 0.016 0.000 0.063
480000 0.921 0.016 0.000 0.063
480500 0.921 0.016 0.000 0.063
481000 0.921 0.016 0.000 0.063
481500 0.921 0.016 0.000 0.063
482000 0.921 0.016 0.000 0.063
482500 0.921 0.016 0.000 0.063
483000 0.921 0.016 0.000 0.063
483500 0.921 0.016 0.000 0.063
484000 0.921 0.016 0.000 0.063
484500 0.921 0.016 0.000 0.063
485000 0.921 0.016 0.000 0.063
485500 0.921 0.016 0.000 0.063
486000 0.921 0.016 0.000 0.063
486500 0.921 0.016 0.000 0.063
487000 0.921 0.016 0.000 0.063
487500 0.921 0.016 0.000 0.063
488000 0.921 0.016 0.000 0.063
488500 0.921 0.016 0.000 0.063
489000 0.921 0.016 0.000 0.063
489500 0.921 0.016 0.000 0.063
490000 0.921 0.016 0.000 0.063
490500 0.921 0.016 0.000 0.063
491000 0.921 0.016 0.000 0.063
491500 0.921 0.016 0.000 0.063
492000 0.921 0.016 0.000 0.063
492500 0.921 0.016 0.000 0.063
493000 0.921 0.016 0.000 0.063
493500 0.921 0.016 0.000 0.063
494000 0.921 0.016 0.000 0.063
494500 0.921 0.016 0.000 0.063
495000 0.921 0.016 0.000 0.063
495500 0.921 0.016 0.000 0.063
496000 0.921 0.016 0.000 0.063
496500 0.921 0.016 0.000 0.063
497000 0.921 0.016 0.000 0.063
497500 0.921 0.016 0.000 0.063
498000 0.921 0.016 0.000 0.063
498500 0.921 0.016 0.000 0.063
499000 0.921 0.016 0.000 0.063
499500 0.921 0.016 0.000 0.063
500000 0.921 0.016 0.000 0.063
