000000 0.250 0.250 0.250 0.250
000500 0.226 0.390 0.000 0.385
001000 0.226 0.393 0.000 0.382
001500 0.226 0.392 0.000 0.383
002000 0.226 0.392 0.000 0.382
002500 0.226 0.393 0.000 0.381
003000 0.226 0.396 0.000 0.379
003500 0.226 0.395 0.000 0.380
004000 0.226 0.395 0.000 0.379
004500 0.226 0.395 0.000 0.379
005000 0.226 0.396 0.000 0.379
005500 0.226 0.396 0.000 0.379
006000 0.226 0.396 0.000 0.379
006500 0.226 0.395 0.000 0.379
007000 0.226 0.395 0.000 0.380
007500 0.226 0.395 0.000 0.380
008000 0.226 0.395 0.000 0.380
008500 0.226 0.395 0.000 0.379
009000 0.226 0.395 0.000 0.380
009500 0.226 0.395 0.000 0.380
010000 0.226 0.395 0.000 0.380
010500 0.226 0.395 0.000 0.380
011000 0.226 0.395 0.000 0.380
011500 0.226 0.394 0.000 0.380
012000 0.226 0.394 0.000 0.380
012500 0.226 0.394 0.000 0.380
013000 0.226 0.394 0.000 0.380
013500 0.226 0.394 0.000 0.380
014000 0.226 0.394 0.000 0.380
014500 0.226 0.394 0.000 0.380
015000 0.226 0.394 0.000 0.380
015500 0.226 0.394 0.000 0.380
016000 0.226 0.394 0.000 0.380
016500 0.226 0.394 0.000 0.380
017000 0.226 0.394 0.000 0.380
017500 0.226 0.394 0.000 0.381
018000 0.226 0.394 0.000 0.381
018500 0.226 0.394 0.000 0.381
019000 0.226 0.394 0.000 0.381
019500 0.226 0.394 0.000 0.381
020000 0.226 0.393 0.000 0.381
020500 0.226 0.393 0.000 0.381
021000 0.226 0.393 0.000 0.381
021500 0.226 0.393 0.000 0.381
022000 0.226 0.394 0.000 0.381
022500 0.226 0.394 0.000 0.381
023000 0.226 0.394 0.000 0.381
023500 0.226 0.393 0.000 0.381
024000 0.226 0.393 0.000 0.381
024500 0.226 0.393 0.000 0.381
025000 0.226 0.393 0.000 0.381
025500 0.226 0.393 0.000 0.381
026000 0.226 0.393 0.000 0.382
026500 0.226 0.393 0.000 0.381
027000 0.226 0.393 0.000 0.381
027500 0.226 0.393 0.000 0.381
028000 0.226 0.393 0.000 0.382
028500 0.226 0.393 0.000 0.381
029000 0.226 0.393 0.000 0.381
029500 0.226 0.393 0.000 0.382
030000 0.226 0.393 0.000 0.381
030500 0.226 0.393 0.000 0.381
031000 0.226 0.393 0.000 0.382
031500 0.226 0.393 0.000 0.382
032000 0.226 0.393 0.000 0.381
032500 0.226 0.393 0.000 0.381
033000 0.226 0.393 0.000 0.381
033500 0.226 0.393 0.000 0.382
034000 0.226 0.393 0.000 0.382
034500 0.226 0.393 0.000 0.381
035000 0.226 0.393 0.000 0.381
035500 0.226 0.393 0.000 0.382
036000 0.226 0.393 0.000 0.381
036500 0.226 0.393 0.000 0.381
037000 0.226 0.393 0.000 0.382
037500 0.226 0.393 0.000 0.381
038000 0.226 0.393 0.000 0.381
038500 0.226 0.394 0.000 0.381
039000 0.226 0.393 0.000 0.381
039500 0.226 0.393 0.000 0.381
040000 0.226 0.393 0.000 0.381
040500 0.226 0.393 0.000 0.381
041000 0.226 0.393 0.000 0.381
041500 0.226 0.393 0.000 0.381
042000 0.226 0.394 0.000 0.381
042500 0.226 0.394 0.000 0.381
043000 0.226 0.394 0.000 0.381
043500 0.226 0.394 0.000 0.380
044000 0.226 0.394 0.000 0.381
044500 0.226 0.394 0.000 0.381
045000 0.226 0.393 0.000 0.381
045500 0.226 0.394 0.000 0.381
046000 0.226 0.394 0.000 0.381
046500 0.226 0.394 0.000 0.381
047000 0.226 0.393 0.000 0.381
047500 0.226 0.393 0.000 0.381
048000 0.226 0.394 0.000 0.381
048500 0.226 0.394 0.000 0.381
049000 0.226 0.393 0.000 0.381
049500 0.226 0.394 0.000 0.381
050000 0.226 0.394 0.000 0.381
050500 0.226 0.394 0.000 0.381
051000 0.226 0.394 0.000 0.381
051500 0.226 0.394 0.000 0.381
052000 0.226 0.394 0.000 0.381
052500 0.226 0.394 0.000 0.381
053000 0.226 0.394 0.000 0.380
053500 0.226 0.393 0.000 0.381
054000 0.226 0.394 0.000 0.381
054500 0.226 0.394 0.000 0.381
055000 0.226 0.394 0.000 0.381
055500 0.226 0.394 0.000 0.381
056000 0.226 0.394 0.000 0.381
056500 0.226 0.394 0.000 0.381
057000 0.226 0.394 0.000 0.381
057500 0.226 0.393 0.000 0.381
058000 0.226 0.393 0.000 0.381
058500 0.226 0.394 0.000 0.381
059000 0.226 0.393 0.000 0.381
059500 0.226 0.394 0.000 0.381
060000 0.226 0.394 0.000 0.380
060500 0.226 0.393 0.000 0.381
061000 0.226 0.393 0.000 0.381
061500 0.226 0.393 0.000 0.381
062000 0.226 0.394 0.000 0.381
062500 0.226 0.394 0.000 0.381
063000 0.226 0.393 0.000 0.381
063500 0.226 0.393 0.000 0.381
064000 0.226 0.394 0.000 0.381
064500 0.226 0.393 0.000 0.381
065000 0.226 0.394 0.000 0.381
065500 0.226 0.394 0.000 0.381
066000 0.226 0.394 0.000 0.381
066500 0.226 0.394 0.000 0.381
067000 0.226 0.394 0.000 0.381
067500 0.226 0.394 0.000 0.381
068000 0.226 0.394 0.000 0.381
068500 0.226 0.394 0.000 0.381
069000 0.226 0.393 0.000 0.381
069500 0.226 0.394 0.000 0.381
070000 0.226 0.394 0.000 0.381
070500 0.226 0.393 0.000 0.381
071000 0.226 0.394 0.000 0.381
071500 0.226 0.394 0.000 0.381
072000 0.226 0.393 0.000 0.381
072500 0.226 0.393 0.000 0.381
073000 0.226 0.393 0.000 0.381
073500 0.226 0.394 0.000 0.381
074000 0.226 0.394 0.000 0.381
074500 0.226 0.394 0.000 0.381
075000 0.226 0.394 0.000 0.381
075500 0.226 0.394 0.000 0.381
076000 0.226 0.394 0.000 0.381
076500 0.226 0.394 0.000 0.381
077000 0.226 0.394 0.000 0.381
077500 0.226 0.393 0.000 0.381
078000 0.226 0.394 0.000 0.381
078500 0.226 0.394 0.000 0.381
079000 0.226 0.394 0.000 0.381
079500 0.226 0.393 0.000 0.381
080000 0.226 0.393 0.000 0.381
080500 0.226 0.393 0.000 0.381
081000 0.226 0.394 0.000 0.381
081500 0.226 0.394 0.000 0.381
082000 0.226 0.394 0.000 0.381
082500 0.226 0.394 0.000 0.381
083000 0.226 0.393 0.000 0.381
083500 0.226 0.393 0.000 0.381
084000 0.226 0.394 0.000 0.381
084500 0.226 0.393 0.000 0.381
085000 0.226 0.394 0.000 0.381
085500 0.226 0.394 0.000 0.381
086000 0.226 0.393 0.000 0.381
086500 0.226 0.394 0.000 0.381
087000 0.226 0.394 0.000 0.381
087500 0.226 0.394 0.000 0.381
088000 0.226 0.393 0.000 0.381
088500 0.226 0.393 0.000 0.381
089000 0.226 0.393 0.000 0.381
089500 0.226 0.394 0.000 0.381
090000 0.226 0.393 0.000 0.381
090500 0.226 0.393 0.000 0.381
091000 0.226 0.393 0.000 0.381
091500 0.226 0.394 0.000 0.381
092000 0.226 0.394 0.000 0.381
092500 0.226 0.393 0.000 0.381
093000 0.226 0.394 0.000 0.381
093500 0.226 0.394 0.000 0.381
094000 0.226 0.394 0.000 0.381
094500 0.226 0.394 0.000 0.381
095000 0.226 0.394 0.000 0.380
095500 0.226 0.394 0.000 0.381
096000 0.226 0.394 0.000 0.381
096500 0.226 0.394 0.000 0.381
097000 0.226 0.394 0.000 0.381
097500 0.226 0.394 0.000 0.381
098000 0.226 0.393 0.000 0.381
098500 0.226 0.393 0.000 0.381
099000 0.226 0.393 0.000 0.381
099500 0.226 0.394 0.000 0.381
100000 0.226 0.394 0.000 0.381
100500 0.226 0.393 0.000 0.381
101000 0.226 0.393 0.000 0.381
101500 0.226 0.393 0.000 0.381
102000 0.226 0.394 0.000 0.381
102500 0.226 0.394 0.000 0.381
103000 0.226 0.394 0.000 0.381
103500 0.226 0.394 0.000 0.381
104000 0.226 0.393 0.000 0.381
104500 0.226 0.394 0.000 0.381
105000 0.226 0.393 0.000 0.381
105500 0.226 0.393 0.000 0.381
106000 0.226 0.393 0.000 0.381
106500 0.226 0.394 0.000 0.381
107000 0.226 0.394 0.000 0.381
107500 0.226 0.394 0.000 0.380
108000 0.226 0.394 0.000 0.381
108500 0.226 0.394 0.000 0.381
109000 0.226 0.394 0.000 0.381
109500 0.226 0.393 0.000 0.381
110000 0.226 0.394 0.000 0.381
110500 0.226 0.394 0.000 0.381
111000 0.226 0.394 0.000 0.381
111500 0.226 0.393 0.000 0.381
112000 0.226 0.394 0.000 0.381
112500 0.226 0.394 0.000 0.381
113000 0.226 0.394 0.000 0.381
113500 0.226 0.393 0.000 0.381
114000 0.226 0.393 0.000 0.381
114500 0.226 0.393 0.000 0.381
115000 0.226 0.394 0.000 0.381
115500 0.226 0.394 0.000 0.381
116000 0.226 0.394 0.000 0.381
116500 0.226 0.394 0.000 0.381
117000 0.226 0.393 0.000 0.381
117500 0.226 0.394 0.000 0.381
118000 0.226 0.393 0.000 0.381
118500 0.226 0.394 0.000 0.381
119000 0.226 0.394 0.000 0.381
119500 0.226 0.394 0.000 0.380
120000 0.226 0.394 0.000 0.381
120500 0.226 0.394 0.000 0.381
121000 0.226 0.394 0.000 0.380
121500 0.226 0.394 0.000 0.381
122000 0.226 0.394 0.000 0.380
122500 0.226 0.394 0.000 0.380
123000 0.226 0.394 0.000 0.381
123500 0.226 0.394 0.000 0.380
124000 0.226 0.394 0.000 0.380
124500 0.226 0.393 0.000 0.381
125000 0.226 0.394 0.000 0.381
125500 0.226 0.394 0.000 0.380
126000 0.226 0.394 0.000 0.381
126500 0.226 0.394 0.000 0.381
127000 0.226 0.394 0.000 0.381
127500 0.226 0.394 0.000 0.381
128000 0.226 0.394 0.000 0.381
128500 0.226 0.394 0.000 0.380
129000 0.226 0.394 0.000 0.381
129500 0.226 0.394 0.000 0.381
130000 0.226 0.394 0.000 0.381
130500 0.226 0.394 0.000 0.381
131000 0.226 0.394 0.000 0.381
131500 0.226 0.394 0.000 0.381
132000 0.226 0.394 0.000 0.381
132500 0.226 0.394 0.000 0.380
133000 0.226 0.394 0.000 0.381
133500 0.226 0.394 0.000 0.380
134000 0.226 0.394 0.000 0.380
134500 0.226 0.394 0.000 0.380
135000 0.226 0.394 0.000 0.381
135500 0.226 0.394 0.000 0.381
136000 0.226 0.394 0.000 0.381
136500 0.226 0.394 0.000 0.381
137000 0.226 0.394 0.000 0.381
137500 0.226 0.394 0.000 0.380
138000 0.226 0.394 0.000 0.381
138500 0.226 0.394 0.000 0.381
139000 0.226 0.394 0.000 0.381
139500 0.226 0.394 0.000 0.381
140000 0.226 0.394 0.000 0.381
140500 0.226 0.394 0.000 0.381
141000 0.226 0.394 0.000 0.381
141500 0.226 0.394 0.000 0.380
142000 0.226 0.394 0.000 0.381
142500 0.226 0.394 0.000 0.381
143000 0.226 0.394 0.000 0.381
143500 0.226 0.394 0.000 0.381
144000 0.226 0.394 0.000 0.381
144500 0.226 0.394 0.000 0.381
145000 0.226 0.394 0.000 0.380
145500 0.226 0.393 0.000 0.381
146000 0.226 0.394 0.000 0.381
146500 0.226 0.394 0.000 0.381
147000 0.226 0.394 0.000 0.380
147500 0.226 0.394 0.000 0.380
148000 0.226 0.394 0.000 0.380
148500 0.226 0.394 0.000 0.380
149000 0.226 0.394 0.000 0.380
149500 0.226 0.394 0.000 0.380
150000 0.226 0.394 0.000 0.380
150500 0.226 0.394 0.000 0.380
151000 0.226 0.394 0.000 0.380
151500 0.226 0.395 0.000 0.380
152000 0.226 0.394 0.000 0.380
152500 0.226 0.394 0.000 0.381
153000 0.226 0.394 0.000 0.380
153500 0.226 0.394 0.000 0.380
154000 0.226 0.394 0.000 0.380
154500 0.226 0.394 0.000 0.380
155000 0.226 0.394 0.000 0.380
155500 0.226 0.394 0.000 0.380
156000 0.226 0.394 0.000 0.380
156500 0.226 0.394 0.000 0.380
157000 0.226 0.394 0.000 0.380
157500 0.226 0.394 0.000 0.381
158000 0.226 0.394 0.000 0.381
158500 0.226 0.393 0.000 0.381
159000 0.226 0.394 0.000 0.381
159500 0.226 0.394 0.000 0.381
160000 0.226 0.394 0.000 0.381
160500 0.226 0.394 0.000 0.381
161000 0.226 0.394 0.000 0.381
161500 0.226 0.394 0.000 0.381
162000 0.226 0.394 0.000 0.380
162500 0.226 0.394 0.000 0.380
163000 0.226 0.394 0.000 0.381
163500 0.226 0.394 0.000 0.381
164000 0.226 0.394 0.000 0.380
164500 0.226 0.394 0.000 0.381
165000 0.226 0.394 0.000 0.380
165500 0.226 0.394 0.000 0.381
166000 0.226 0.394 0.000 0.381
166500 0.226 0.394 0.000 0.380
167000 0.226 0.393 0.000 0.381
167500 0.226 0.393 0.000 0.381
168000 0.226 0.394 0.000 0.381
168500 0.226 0.394 0.000 0.381
169000 0.226 0.394 0.000 0.381
169500 0.226 0.394 0.000 0.381
170000 0.226 0.394 0.000 0.381
170500 0.226 0.394 0.000 0.381
171000 0.226 0.394 0.000 0.381
171500 0.226 0.394 0.000 0.381
172000 0.226 0.394 0.000 0.381
172500 0.226 0.394 0.000 0.381
173000 0.226 0.394 0.000 0.381
173500 0.226 0.393 0.000 0.381
174000 0.226 0.394 0.000 0.381
174500 0.226 0.394 0.000 0.381
175000 0.226 0.394 0.000 0.380
175500 0.226 0.394 0.000 0.381
176000 0.226 0.394 0.000 0.381
176500 0.226 0.394 0.000 0.380
177000 0.226 0.394 0.000 0.381
177500 0.226 0.394 0.000 0.381
178000 0.226 0.394 0.000 0.381
178500 0.226 0.394 0.000 0.381
179000 0.226 0.394 0.000 0.381
179500 0.226 0.394 0.000 0.381
180000 0.226 0.393 0.000 0.381
180500 0.226 0.394 0.000 0.381
181000 0.226 0.394 0.000 0.381
181500 0.226 0.394 0.000 0.381
182000 0.226 0.394 0.000 0.381
182500 0.226 0.394 0.000 0.381
183000 0.226 0.394 0.000 0.381
183500 0.226 0.394 0.000 0.381
184000 0.226 0.393 0.000 0.381
184500 0.226 0.394 0.000 0.381
185000 0.226 0.394 0.000 0.381
185500 0.226 0.394 0.000 0.381
186000 0.226 0.394 0.000 0.381
186500 0.226 0.394 0.000 0.381
187000 0.226 0.394 0.000 0.380
187500 0.226 0.394 0.000 0.381
188000 0.226 0.394 0.000 0.381
188500 0.226 0.394 0.000 0.381
189000 0.226 0.394 0.000 0.381
189500 0.226 0.394 0.000 0.381
190000 0.226 0.393 0.000 0.381
190500 0.226 0.393 0.000 0.381
191000 0.226 0.393 0.000 0.381
191500 0.226 0.394 0.000 0.381
192000 0.226 0.394 0.000 0.381
192500 0.226 0.394 0.000 0.381
193000 0.226 0.393 0.000 0.381
193500 0.226 0.393 0.000 0.381
194000 0.226 0.394 0.000 0.381
194500 0.226 0.393 0.000 0.381
195000 0.226 0.394 0.000 0.381
195500 0.226 0.394 0.000 0.380
196000 0.226 0.394 0.000 0.381
196500 0.226 0.394 0.000 0.381
197000 0.226 0.394 0.000 0.381
197500 0.226 0.394 0.000 0.381
198000 0.226 0.394 0.000 0.381
198500 0.226 0.394 0.000 0.381
199000 0.226 0.394 0.000 0.381
199500 0.226 0.394 0.000 0.381
200000 0.226 0.394 0.000 0.381
200500 0.226 0.394 0.000 0.381
201000 0.226 0.394 0.000 0.381
201500 0.226 0.394 0.000 0.381
202000 0.226 0.393 0.000 0.381
202500 0.226 0.393 0.000 0.381
203000 0.226 0.394 0.000 0.381
203500 0.226 0.394 0.000 0.381
204000 0.226 0.394 0.000 0.381
204500 0.226 0.394 0.000 0.380
205000 0.226 0.394 0.000 0.380
205500 0.226 0.394 0.000 0.381
206000 0.226 0.394 0.000 0.380
206500 0.226 0.394 0.000 0.380
207000 0.226 0.394 0.000 0.380
207500 0.226 0.394 0.000 0.380
208000 0.226 0.394 0.000 0.380
208500 0.226 0.394 0.000 0.380
209000 0.226 0.394 0.000 0.380
209500 0.226 0.394 0.000 0.380
210000 0.226 0.394 0.000 0.381
210500 0.226 0.394 0.000 0.380
211000 0.226 0.394 0.000 0.380
211500 0.226 0.394 0.000 0.380
212000 0.226 0.394 0.000 0.380
212500 0.226 0.394 0.000 0.381
213000 0.226 0.394 0.000 0.381
213500 0.226 0.394 0.000 0.380
214000 0.226 0.394 0.000 0.381
214500 0.226 0.394 0.000 0.381
215000 0.226 0.394 0.000 0.381
215500 0.226 0.394 0.000 0.381
216000 0.226 0.394 0.000 0.380
216500 0.226 0.394 0.000 0.381
217000 0.226 0.394 0.000 0.380
217500 0.226 0.394 0.000 0.380
218000 0.226 0.394 0.000 0.381
218500 0.226 0.394 0.000 0.381
219000 0.226 0.394 0.000 0.381
219500 0.226 0.394 0.000 0.380
220000 0.226 0.394 0.000 0.380
220500 0.226 0.394 0.000 0.380
221000 0.226 0.394 0.000 0.380
221500 0.226 0.394 0.000 0.380
222000 0.226 0.394 0.000 0.380
222500 0.226 0.394 0.000 0.380
223000 0.226 0.394 0.000 0.380
223500 0.226 0.394 0.000 0.381
224000 0.226 0.394 0.000 0.381
224500 0.226 0.394 0.000 0.380
225000 0.226 0.394 0.000 0.380
225500 0.226 0.394 0.000 0.380
226000 0.226 0.394 0.000 0.380
226500 0.226 0.394 0.000 0.380
227000 0.226 0.394 0.000 0.381
227500 0.226 0.394 0.000 0.380
228000 0.226 0.394 0.000 0.381
228500 0.226 0.394 0.000 0.380
229000 0.226 0.394 0.000 0.380
229500 0.226 0.394 0.000 0.380
230000 0.226 0.394 0.000 0.380
230500 0.226 0.394 0.000 0.380
231000 0.226 0.394 0.000 0.380
231500 0.226 0.394 0.000 0.380
232000 0.226 0.394 0.000 0.380
232500 0.226 0.394 0.000 0.380
233000 0.226 0.394 0.000 0.380
233500 0.226 0.394 0.000 0.380
234000 0.226 0.394 0.000 0.380
234500 0.226 0.394 0.000 0.380
235000 0.226 0.394 0.000 0.380
235500 0.226 0.394 0.000 0.380
236000 0.226 0.394 0.000 0.380
236500 0.226 0.394 0.000 0.381
237000 0.226 0.394 0.000 0.380
237500 0.226 0.394 0.000 0.381
238000 0.226 0.394 0.000 0.380
238500 0.226 0.394 0.000 0.380
239000 0.226 0.393 0.000 0.381
239500 0.226 0.394 0.000 0.381
240000 0.226 0.394 0.000 0.381
240500 0.226 0.394 0.000 0.380
241000 0.226 0.394 0.000 0.380
241500 0.226 0.394 0.000 0.381
242000 0.226 0.394 0.000 0.381
242500 0.226 0.394 0.000 0.381
243000 0.226 0.393 0.000 0.381
243500 0.226 0.394 0.000 0.380
244000 0.226 0.394 0.000 0.380
244500 0.226 0.394 0.000 0.381
245000 0.226 0.394 0.000 0.381
245500 0.226 0.393 0.000 0.381
246000 0.226 0.393 0.000 0.381
246500 0.226 0.394 0.000 0.381
247000 0.226 0.394 0.000 0.381
247500 0.226 0.394 0.000 0.380
248000 0.226 0.394 0.000 0.381
248500 0.226 0.394 0.000 0.381
249000 0.226 0.393 0.000 0.381
249500 0.226 0.394 0.000 0.381
250000 0.226 0.394 0.000 0.381
250500 0.226 0.394 0.000 0.381
251000 0.226 0.393 0.000 0.381
251500 0.226 0.394 0.000 0.381
252000 0.226 0.394 0.000 0.381
252500 0.226 0.394 0.000 0.380
253000 0.226 0.394 0.000 0.381
253500 0.226 0.394 0.000 0.381
254000 0.226 0.394 0.000 0.381
254500 0.226 0.394 0.000 0.381
255000 0.226 0.394 0.000 0.380
255500 0.226 0.394 0.000 0.381
256000 0.226 0.394 0.000 0.380
256500 0.226 0.394 0.000 0.381
257000 0.226 0.394 0.000 0.381
257500 0.226 0.394 0.000 0.381
258000 0.226 0.394 0.000 0.381
258500 0.226 0.394 0.000 0.381
259000 0.226 0.394 0.000 0.381
259500 0.226 0.394 0.000 0.381
260000 0.226 0.394 0.000 0.381
260500 0.226 0.394 0.000 0.381
261000 0.226 0.394 0.000 0.381
261500 0.226 0.394 0.000 0.381
262000 0.226 0.394 0.000 0.381
262500 0.226 0.393 0.000 0.381
263000 0.226 0.394 0.000 0.381
263500 0.226 0.394 0.000 0.381
264000 0.226 0.394 0.000 0.381
264500 0.226 0.394 0.000 0.381
265000 0.226 0.394 0.000 0.381
265500 0.226 0.394 0.000 0.381
266000 0.226 0.393 0.000 0.381
266500 0.226 0.393 0.000 0.381
267000 0.226 0.394 0.000 0.381
267500 0.226 0.394 0.000 0.381
268000 0.226 0.393 0.000 0.381
268500 0.226 0.394 0.000 0.381
269000 0.226 0.393 0.000 0.381
269500 0.226 0.393 0.000 0.381
270000 0.226 0.394 0.000 0.381
270500 0.226 0.394 0.000 0.381
271000 0.226 0.394 0.000 0.381
271500 0.226 0.394 0.000 0.381
272000 0.226 0.394 0.000 0.381
272500 0.226 0.394 0.000 0.381
273000 0.226 0.394 0.000 0.381
273500 0.226 0.394 0.000 0.381
274000 0.226 0.393 0.000 0.381
274500 0.226 0.393 0.000 0.381
275000 0.226 0.394 0.000 0.381
275500 0.226 0.394 0.000 0.381
276000 0.226 0.394 0.000 0.381
276500 0.226 0.394 0.000 0.380
277000 0.226 0.394 0.000 0.381
277500 0.226 0.394 0.000 0.381
278000 0.226 0.394 0.000 0.381
278500 0.226 0.394 0.000 0.381
279000 0.226 0.394 0.000 0.381
279500 0.226 0.394 0.000 0.381
280000 0.226 0.394 0.000 0.381
280500 0.226 0.394 0.000 0.381
281000 0.226 0.394 0.000 0.381
281500 0.226 0.394 0.000 0.380
282000 0.226 0.394 0.000 0.380
282500 0.226 0.394 0.000 0.380
283000 0.226 0.394 0.000 0.380
283500 0.226 0.394 0.000 0.381
284000 0.226 0.394 0.000 0.380
284500 0.226 0.394 0.000 0.380
285000 0.226 0.394 0.000 0.380
285500 0.226 0.394 0.000 0.380
286000 0.226 0.394 0.000 0.380
286500 0.226 0.394 0.000 0.380
287000 0.226 0.394 0.000 0.381
287500 0.226 0.394 0.000 0.380
288000 0.226 0.394 0.000 0.381
288500 0.226 0.394 0.000 0.380
289000 0.226 0.394 0.000 0.381
289500 0.226 0.394 0.000 0.380
290000 0.226 0.394 0.000 0.380
290500 0.226 0.394 0.000 0.380
291000 0.226 0.394 0.000 0.380
291500 0.226 0.394 0.000 0.380
292000 0.226 0.394 0.000 0.380
292500 0.226 0.394 0.000 0.381
293000 0.226 0.395 0.000 0.380
293500 0.226 0.395 0.000 0.380
294000 0.226 0.395 0.000 0.380
294500 0.226 0.395 0.000 0.380
295000 0.226 0.395 0.000 0.380
295500 0.226 0.395 0.000 0.380
296000 0.226 0.394 0.000 0.380
296500 0.226 0.395 0.000 0.380
297000 0.226 0.395 0.000 0.380
297500 0.226 0.395 0.000 0.380
298000 0.226 0.395 0.000 0.380
298500 0.226 0.395 0.000 0.380
299000 0.226 0.395 0.000 0.380
299500 0.226 0.395 0.000 0.380
300000 0.226 0.395 0.000 0.380
300500 0.226 0.395 0.000 0.380
301000 0.226 0.395 0.000 0.380
301500 0.226 0.394 0.000 0.380
302000 0.226 0.394 0.000 0.380
302500 0.226 0.394 0.000 0.380
303000 0.226 0.394 0.000 0.380
303500 0.226 0.395 0.000 0.380
304000 0.226 0.395 0.000 0.380
304500 0.226 0.394 0.000 0.380
305000 0.226 0.394 0.000 0.380
305500 0.226 0.394 0.000 0.380
306000 0.226 0.394 0.000 0.380
306500 0.226 0.394 0.000 0.380
307000 0.226 0.394 0.000 0.380
307500 0.226 0.394 0.000 0.380
308000 0.226 0.394 0.000 0.380
308500 0.226 0.394 0.000 0.380
309000 0.226 0.394 0.000 0.380
309500 0.226 0.394 0.000 0.380
310000 0.226 0.394 0.000 0.380
310500 0.226 0.394 0.000 0.380
311000 0.226 0.394 0.000 0.380
311500 0.226 0.394 0.000 0.381
312000 0.226 0.394 0.000 0.380
312500 0.226 0.394 0.000 0.381
313000 0.226 0.394 0.000 0.380
313500 0.226 0.394 0.000 0.380
314000 0.226 0.394 0.000 0.380
314500 0.226 0.394 0.000 0.381
315000 0.226 0.394 0.000 0.380
315500 0.226 0.394 0.000 0.380
316000 0.226 0.394 0.000 0.380
316500 0.226 0.394 0.000 0.380
317000 0.226 0.394 0.000 0.380
317500 0.226 0.394 0.000 0.380
318000 0.226 0.394 0.000 0.380
318500 0.226 0.394 0.000 0.380
319000 0.226 0.394 0.000 0.380
319500 0.226 0.394 0.000 0.380
320000 0.226 0.394 0.000 0.380
320500 0.226 0.394 0.000 0.380
321000 0.226 0.394 0.000 0.380
321500 0.226 0.394 0.000 0.380
322000 0.226 0.394 0.000 0.380
322500 0.226 0.394 0.000 0.380
323000 0.226 0.395 0.000 0.380
323500 0.226 0.394 0.000 0.380
324000 0.226 0.395 0.000 0.380
324500 0.226 0.394 0.000 0.380
325000 0.226 0.394 0.000 0.380
325500 0.226 0.394 0.000 0.380
326000 0.226 0.394 0.000 0.380
326500 0.226 0.394 0.000 0.380
327000 0.226 0.394 0.000 0.380
327500 0.226 0.394 0.000 0.380
328000 0.226 0.395 0.000 0.380
328500 0.226 0.394 0.000 0.380
329000 0.226 0.394 0.000 0.380
329500 0.226 0.394 0.000 0.380
330000 0.226 0.394 0.000 0.380
330500 0.226 0.395 0.000 0.380
331000 0.226 0.394 0.000 0.380
331500 0.226 0.394 0.000 0.380
332000 0.226 0.394 0.000 0.380
332500 0.226 0.394 0.000 0.380
333000 0.226 0.394 0.000 0.380
333500 0.226 0.394 0.000 0.380
334000 0.226 0.394 0.000 0.380
334500 0.226 0.394 0.000 0.380
335000 0.226 0.394 0.000 0.380
335500 0.226 0.394 0.000 0.380
336000 0.226 0.394 0.000 0.380
336500 0.226 0.394 0.000 0.380
337000 0.226 0.394 0.000 0.380
337500 0.226 0.394 0.000 0.380
338000 0.226 0.394 0.000 0.380
338500 0.226 0.394 0.000 0.380
339000 0.226 0.394 0.000 0.380
339500 0.226 0.394 0.000 0.380
340000 0.226 0.394 0.000 0.380
340500 0.226 0.394 0.000 0.380
341000 0.226 0.394 0.000 0.380
341500 0.226 0.394 0.000 0.380
342000 0.226 0.394 0.000 0.380
342500 0.226 0.395 0.000 0.380
343000 0.226 0.394 0.000 0.380
343500 0.226 0.394 0.000 0.380
344000 0.226 0.394 0.000 0.380
344500 0.226 0.394 0.000 0.380
345000 0.226 0.394 0.000 0.380
345500 0.226 0.395 0.000 0.380
346000 0.226 0.394 0.000 0.380
346500 0.226 0.394 0.000 0.380
347000 0.226 0.395 0.000 0.380
347500 0.226 0.394 0.000 0.380
348000 0.226 0.394 0.000 0.380
348500 0.226 0.394 0.000 0.380
349000 0.226 0.394 0.000 0.380
349500 0.226 0.394 0.000 0.380
350000 0.226 0.394 0.000 0.380
350500 0.226 0.394 0.000 0.380
351000 0.226 0.394 0.000 0.380
351500 0.226 0.394 0.000 0.380
352000 0.226 0.394 0.000 0.380
352500 0.226 0.394 0.000 0.380
353000 0.226 0.394 0.000 0.380
353500 0.226 0.394 0.000 0.380
354000 0.226 0.394 0.000 0.380
354500 0.226 0.394 0.000 0.380
355000 0.226 0.394 0.000 0.380
355500 0.226 0.395 0.000 0.380
356000 0.226 0.394 0.000 0.380
356500 0.226 0.394 0.000 0.380
357000 0.226 0.394 0.000 0.380
357500 0.226 0.394 0.000 0.380
358000 0.226 0.394 0.000 0.380
358500 0.226 0.394 0.000 0.380
359000 0.226 0.394 0.000 0.380
359500 0.226 0.394 0.000 0.380
360000 0.226 0.394 0.000 0.380
360500 0.226 0.394 0.000 0.380
361000 0.226 0.394 0.000 0.380
361500 0.226 0.395 0.000 0.380
362000 0.226 0.394 0.000 0.380
362500 0.226 0.394 0.000 0.380
363000 0.226 0.395 0.000 0.380
363500 0.226 0.394 0.000 0.380
364000 0.226 0.394 0.000 0.380
364500 0.226 0.394 0.000 0.380
365000 0.226 0.394 0.000 0.380
365500 0.226 0.394 0.000 0.380
366000 0.226 0.395 0.000 0.380
366500 0.226 0.395 0.000 0.380
367000 0.226 0.394 0.000 0.380
367500 0.226 0.394 0.000 0.380
368000 0.226 0.394 0.000 0.380
368500 0.226 0.394 0.000 0.380
369000 0.226 0.395 0.000 0.380
369500 0.226 0.394 0.000 0.380
370000 0.226 0.394 0.000 0.380
370500 0.226 0.395 0.000 0.380
371000 0.226 0.394 0.000 0.380
371500 0.226 0.394 0.000 0.380
372000 0.226 0.394 0.000 0.380
372500 0.226 0.394 0.000 0.380
373000 0.226 0.394 0.000 0.380
373500 0.226 0.394 0.000 0.380
374000 0.226 0.394 0.000 0.380
374500 0.226 0.394 0.000 0.380
375000 0.226 0.394 0.000 0.380
375500 0.226 0.394 0.000 0.380
376000 0.226 0.394 0.000 0.380
376500 0.226 0.394 0.000 0.380
377000 0.226 0.394 0.000 0.380
377500 0.226 0.394 0.000 0.380
378000 0.226 0.394 0.000 0.380
378500 0.226 0.394 0.000 0.380
379000 0.226 0.394 0.000 0.380
379500 0.226 0.394 0.000 0.380
380000 0.226 0.394 0.000 0.380
380500 0.226 0.394 0.000 0.380
381000 0.226 0.394 0.000 0.380
381500 0.226 0.394 0.000 0.381
382000 0.226 0.394 0.000 0.381
382500 0.226 0.394 0.000 0.380
383000 0.226 0.394 0.000 0.380
383500 0.226 0.394 0.000 0.380
384000 0.226 0.394 0.000 0.381
384500 0.226 0.394 0.000 0.381
385000 0.226 0.394 0.000 0.381
385500 0.226 0.394 0.000 0.381
386000 0.226 0.394 0.000 0.380
386500 0.226 0.394 0.000 0.380
387000 0.226 0.394 0.000 0.380
387500 0.226 0.394 0.000 0.380
388000 0.226 0.394 0.000 0.381
388500 0.226 0.394 0.000 0.381
389000 0.226 0.394 0.000 0.381
389500 0.226 0.394 0.000 0.380
390000 0.226 0.394 0.000 0.381
390500 0.226 0.394 0.000 0.381
391000 0.226 0.394 0.000 0.381
391500 0.226 0.394 0.000 0.381
392000 0.226 0.394 0.000 0.380
392500 0.226 0.394 0.000 0.381
393000 0.226 0.394 0.000 0.381
393500 0.226 0.394 0.000 0.381
394000 0.226 0.394 0.000 0.381
394500 0.226 0.394 0.000 0.381
395000 0.226 0.394 0.000 0.381
395500 0.226 0.394 0.000 0.381
396000 0.226 0.394 0.000 0.380
396500 0.226 0.394 0.000 0.380
397000 0.226 0.394 0.000 0.380
397500 0.226 0.394 0.000 0.381
398000 0.226 0.394 0.000 0.380
398500 0.226 0.394 0.000 0.380
399000 0.226 0.394 0.000 0.380
399500 0.226 0.394 0.000 0.381
400000 0.226 0.394 0.000 0.380
400500 0.226 0.394 0.000 0.381
401000 0.226 0.394 0.000 0.380
401500 0.226 0.394 0.000 0.380
402000 0.226 0.394 0.000 0.381
402500 0.226 0.394 0.000 0.380
403000 0.226 0.394 0.000 0.380
403500 0.226 0.394 0.000 0.381
404000 0.226 0.394 0.000 0.380
404500 0.226 0.394 0.000 0.380
405000 0.226 0.394 0.000 0.380
405500 0.226 0.394 0.000 0.380
406000 0.226 0.394 0.000 0.380
406500 0.226 0.394 0.000 0.381
407000 0.226 0.394 0.000 0.380
407500 0.226 0.394 0.000 0.380
408000 0.226 0.394 0.000 0.380
408500 0.226 0.394 0.000 0.380
409000 0.226 0.394 0.000 0.380
409500 0.226 0.394 0.000 0.380
410000 0.226 0.394 0.000 0.380
410500 0.226 0.394 0.000 0.380
411000 0.226 0.394 0.000 0.380
411500 0.226 0.394 0.000 0.380
412000 0.226 0.394 0.000 0.380
412500 0.226 0.394 0.000 0.380
413000 0.226 0.394 0.000 0.380
413500 0.226 0.394 0.000 0.380
414000 0.226 0.394 0.000 0.380
414500 0.226 0.394 0.000 0.380
415000 0.226 0.394 0.000 0.380
415500 0.226 0.394 0.000 0.380
416000 0.226 0.394 0.000 0.380
416500 0.226 0.394 0.000 0.380
417000 0.226 0.394 0.000 0.380
417500 0.226 0.394 0.000 0.380
418000 0.226 0.394 0.000 0.380
418500 0.226 0.394 0.000 0.380
419000 0.226 0.394 0.000 0.380
419500 0.226 0.394 0.000 0.380
420000 0.226 0.395 0.000 0.380
420500 0.226 0.395 0.000 0.380
421000 0.226 0.395 0.000 0.380
421500 0.226 0.395 0.000 0.380
422000 0.226 0.395 0.000 0.380
422500 0.226 0.394 0.000 0.380
423000 0.226 0.395 0.000 0.380
423500 0.226 0.395 0.000 0.380
424000 0.226 0.395 0.000 0.380
424500 0.226 0.395 0.000 0.380
425000 0.226 0.394 0.000 0.380
425500 0.226 0.394 0.000 0.380
426000 0.226 0.394 0.000 0.380
426500 0.226 0.394 0.000 0.380
427000 0.226 0.394 0.000 0.380
427500 0.226 0.394 0.000 0.380
428000 0.226 0.395 0.000 0.380
428500 0.226 0.395 0.000 0.380
429000 0.226 0.394 0.000 0.380
429500 0.226 0.395 0.000 0.380
430000 0.226 0.395 0.000 0.380
430500 0.226 0.395 0.000 0.380
431000 0.226 0.395 0.000 0.380
431500 0.226 0.395 0.000 0.380
432000 0.226 0.395 0.000 0.380
432500 0.226 0.395 0.000 0.380
433000 0.226 0.395 0.000 0.380
433500 0.226 0.395 0.000 0.380
434000 0.226 0.395 0.000 0.380
434500 0.226 0.395 0.000 0.380
435000 0.226 0.395 0.000 0.380
435500 0.226 0.395 0.000 0.380
436000 0.226 0.395 0.000 0.379
436500 0.226 0.395 0.000 0.380
437000 0.226 0.395 0.000 0.380
437500 0.226 0.395 0.000 0.380
438000 0.226 0.395 0.000 0.379
438500 0.226 0.395 0.000 0.379
439000 0.226 0.395 0.000 0.379
439500 0.226 0.395 0.000 0.379
440000 0.226 0.395 0.000 0.379
440500 0.226 0.395 0.000 0.380
441000 0.226 0.395 0.000 0.380
441500 0.226 0.395 0.000 0.380
442000 0.226 0.395 0.000 0.380
442500 0.226 0.395 0.000 0.380
443000 0.226 0.395 0.000 0.380
443500 0.226 0.395 0.000 0.380
444000 0.226 0.395 0.000 0.379
444500 0.226 0.395 0.000 0.379
445000 0.226 0.395 0.000 0.379
445500 0.226 0.395 0.000 0.379
446000 0.226 0.395 0.000 0.379
446500 0.226 0.395 0.000 0.379
447000 0.226 0.395 0.000 0.379
447500 0.226 0.395 0.000 0.379
448000 0.226 0.395 0.000 0.379
448500 0.226 0.395 0.000 0.379
449000 0.226 0.395 0.000 0.379
449500 0.226 0.395 0.000 0.379
450000 0.226 0.395 0.000 0.380
450500 0.226 0.395 0.000 0.380
451000 0.226 0.395 0.000 0.380
451500 0.226 0.395 0.000 0.380
452000 0.226 0.395 0.000 0.379
452500 0.226 0.395 0.000 0.379
453000 0.226 0.395 0.000 0.379
453500 0.226 0.395 0.000 0.380
454000 0.226 0.395 0.000 0.379
454500 0.226 0.395 0.000 0.379
455000 0.226 0.395 0.000 0.380
455500 0.226 0.395 0.000 0.379
456000 0.226 0.395 0.000 0.379
456500 0.226 0.395 0.000 0.380
457000 0.226 0.395 0.000 0.379
457500 0.226 0.395 0.000 0.380
458000 0.226 0.395 0.000 0.380
458500 0.226 0.395 0.000 0.380
459000 0.226 0.395 0.000 0.380
459500 0.226 0.395 0.000 0.379
460000 0.226 0.395 0.000 0.379
460500 0.226 0.395 0.000 0.380
461000 0.226 0.395 0.000 0.380
461500 0.226 0.395 0.000 0.380
462000 0.226 0.395 0.000 0.379
462500 0.226 0.395 0.000 0.379
463000 0.226 0.395 0.000 0.380
463500 0.226 0.395 0.000 0.379
464000 0.226 0.395 0.000 0.380
464500 0.226 0.395 0.000 0.380
465000 0.226 0.395 0.000 0.380
465500 0.226 0.395 0.000 0.380
466000 0.226 0.395 0.000 0.380
466500 0.226 0.395 0.000 0.380
467000 0.226 0.395 0.000 0.379
467500 0.226 0.395 0.000 0.379
468000 0.226 0.395 0.000 0.380
468500 0.226 0.395 0.000 0.380
469000 0.226 0.395 0.000 0.380
469500 0.226 0.395 0.000 0.379
470000 0.226 0.395 0.000 0.379
470500 0.226 0.395 0.000 0.379
471000 0.226 0.395 0.000 0.379
471500 0.226 0.395 0.000 0.379
472000 0.226 0.395 0.000 0.380
472500 0.226 0.395 0.000 0.379
473000 0.226 0.395 0.000 0.379
473500 0.226 0.395 0.000 0.379
474000 0.226 0.395 0.000 0.379
474500 0.226 0.395 0.000 0.379
475000 0.226 0.395 0.000 0.380
475500 0.226 0.395 0.000 0.380
476000 0.226 0.395 0.000 0.380
476500 0.226 0.395 0.000 0.380
477000 0.226 0.395 0.000 0.380
477500 0.226 0.395 0.000 0.380
478000 0.226 0.395 0.000 0.380
478500 0.226 0.395 0.000 0.379
479000 0.226 0.395 0.000 0.379
479500 0.226 0.395 0.000 0.380
480000 0.226 0.395 0.000 0.380
480500 0.226 0.395 0.000 0.380
481000 0.226 0.395 0.000 0.379
481500 0.226 0.395 0.000 0.379
482000 0.226 0.395 0.000 0.379
482500 0.226 0.395 0.000 0.380
483000 0.226 0.395 0.000 0.379
483500 0.226 0.395 0.000 0.379
484000 0.226 0.395 0.000 0.380
484500 0.226 0.395 0.000 0.379
485000 0.226 0.395 0.000 0.380
485500 0.226 0.395 0.000 0.380
486000 0.226 0.395 0.000 0.380
486500 0.226 0.395 0.000 0.379
487000 0.226 0.395 0.000 0.379
487500 0.226 0.395 0.000 0.379
488000 0.226 0.395 0.000 0.380
488500 0.226 0.395 0.000 0.379
489000 0.226 0.395 0.000 0.379
489500 0.226 0.395 0.000 0.380
490000 0.226 0.395 0.000 0.379
490500 0.226 0.395 0.000 0.380
491000 0.226 0.395 0.000 0.379
491500 0.226 0.395 0.000 0.379
492000 0.226 0.395 0.000 0.380
492500 0.226 0.395 0.000 0.380
493000 0.226 0.395 0.000 0.379
493500 0.226 0.395 0.000 0.380
494000 0.226 0.395 0.000 0.380
494500 0.226 0.395 0.000 0.380
495000 0.226 0.395 0.000 0.380
495500 0.226 0.395 0.000 0.380
496000 0.226 0.395 0.000 0.379
496500 0.226 0.395 0.000 0.379
497000 0.226 0.395 0.000 0.380
497500 0.226 0.395 0.000 0.380
498000 0.226 0.395 0.000 0.380
498500 0.226 0.395 0.000 0.380
499000 0.226 0.395 0.000 0.380
499500 0.226 0.395 0.000 0.380
500000 0.226 0.395 0.000 0.380
