000000 0.250 0.250 0.250 0.250
000500 0.261 0.374 0.000 0.365
001000 0.261 0.376 0.000 0.363
001500 0.261 0.376 0.000 0.363
002000 0.261 0.376 0.000 0.363
002500 0.261 0.376 0.000 0.364
003000 0.261 0.377 0.000 0.362
003500 0.261 0.377 0.000 0.362
004000 0.261 0.376 0.000 0.363
004500 0.261 0.377 0.000 0.362
005000 0.261 0.377 0.000 0.362
005500 0.261 0.377 0.000 0.362
006000 0.261 0.377 0.000 0.362
006500 0.261 0.377 0.000 0.362
007000 0.261 0.377 0.000 0.362
007500 0.261 0.377 0.000 0.362
008000 0.261 0.377 0.000 0.362
008500 0.261 0.376 0.000 0.363
009000 0.261 0.377 0.000 0.362
009500 0.261 0.376 0.000 0.363
010000 0.261 0.376 0.000 0.363
010500 0.261 0.376 0.000 0.363
011000 0.261 0.375 0.000 0.364
011500 0.261 0.376 0.000 0.363
012000 0.261 0.376 0.000 0.363
012500 0.261 0.376 0.000 0.364
013000 0.261 0.375 0.000 0.364
013500 0.261 0.376 0.000 0.363
014000 0.261 0.376 0.000 0.363
014500 0.261 0.375 0.000 0.364
015000 0.261 0.375 0.000 0.364
015500 0.261 0.375 0.000 0.364
016000 0.261 0.375 0.000 0.364
016500 0.261 0.375 0.000 0.364
017000 0.261 0.375 0.000 0.364
017500 0.261 0.376 0.000 0.363
018000 0.261 0.376 0.000 0.363
018500 0.261 0.376 0.000 0.363
019000 0.261 0.376 0.000 0.363
019500 0.261 0.376 0.000 0.363
020000 0.261 0.376 0.000 0.363
020500 0.261 0.376 0.000 0.363
021000 0.261 0.376 0.000 0.363
021500 0.261 0.376 0.000 0.363
022000 0.261 0.376 0.000 0.363
022500 0.261 0.376 0.000 0.363
023000 0.261 0.376 0.000 0.363
023500 0.261 0.376 0.000 0.363
024000 0.261 0.376 0.000 0.363
024500 0.261 0.376 0.000 0.363
025000 0.261 0.376 0.000 0.363
025500 0.261 0.376 0.000 0.363
026000 0.261 0.377 0.000 0.363
026500 0.261 0.376 0.000 0.363
027000 0.261 0.376 0.000 0.363
027500 0.261 0.376 0.000 0.363
028000 0.261 0.376 0.000 0.363
028500 0.261 0.376 0.000 0.363
029000 0.261 0.376 0.000 0.363
029500 0.261 0.376 0.000 0.363
030000 0.261 0.376 0.000 0.364
030500 0.261 0.376 0.000 0.363
031000 0.261 0.376 0.000 0.363
031500 0.261 0.376 0.000 0.363
032000 0.261 0.376 0.000 0.363
032500 0.261 0.376 0.000 0.364
033000 0.261 0.376 0.000 0.364
033500 0.261 0.375 0.000 0.364
034000 0.261 0.375 0.000 0.364
034500 0.261 0.375 0.000 0.364
035000 0.261 0.376 0.000 0.364
035500 0.261 0.375 0.000 0.364
036000 0.261 0.375 0.000 0.364
036500 0.261 0.376 0.000 0.364
037000 0.261 0.375 0.000 0.364
037500 0.261 0.376 0.000 0.364
038000 0.261 0.375 0.000 0.364
038500 0.261 0.375 0.000 0.364
039000 0.261 0.375 0.000 0.364
039500 0.261 0.375 0.000 0.364
040000 0.261 0.375 0.000 0.364
040500 0.261 0.376 0.000 0.363
041000 0.261 0.375 0.000 0.364
041500 0.261 0.375 0.000 0.364
042000 0.261 0.375 0.000 0.364
042500 0.261 0.375 0.000 0.364
043000 0.261 0.375 0.000 0.364
043500 0.261 0.375 0.000 0.364
044000 0.261 0.375 0.000 0.364
044500 0.261 0.375 0.000 0.364
045000 0.261 0.375 0.000 0.364
045500 0.261 0.375 0.000 0.364
046000 0.261 0.375 0.000 0.364
046500 0.261 0.375 0.000 0.364
047000 0.261 0.375 0.000 0.364
047500 0.261 0.375 0.000 0.364
048000 0.261 0.376 0.000 0.364
048500 0.261 0.375 0.000 0.364
049000 0.261 0.375 0.000 0.364
049500 0.261 0.376 0.000 0.364
050000 0.261 0.375 0.000 0.364
050500 0.261 0.376 0.000 0.363
051000 0.261 0.376 0.000 0.363
051500 0.261 0.376 0.000 0.363
052000 0.261 0.376 0.000 0.363
052500 0.261 0.376 0.000 0.363
053000 0.261 0.376 0.000 0.363
053500 0.261 0.377 0.000 0.363
054000 0.261 0.376 0.000 0.363
054500 0.261 0.376 0.000 0.363
055000 0.261 0.377 0.000 0.362
055500 0.261 0.377 0.000 0.362
056000 0.261 0.377 0.000 0.362
056500 0.261 0.377 0.000 0.362
057000 0.261 0.377 0.000 0.362
057500 0.261 0.377 0.000 0.362
058000 0.261 0.377 0.000 0.362
058500 0.261 0.377 0.000 0.362
059000 0.261 0.377 0.000 0.362
059500 0.261 0.377 0.000 0.362
060000 0.261 0.377 0.000 0.362
060500 0.261 0.378 0.000 0.361
061000 0.261 0.378 0.000 0.361
061500 0.261 0.378 0.000 0.361
062000 0.261 0.378 0.000 0.361
062500 0.261 0.378 0.000 0.361
063000 0.261 0.379 0.000 0.361
063500 0.261 0.379 0.000 0.360
064000 0.261 0.379 0.000 0.361
064500 0.261 0.379 0.000 0.360
065000 0.261 0.379 0.000 0.360
065500 0.261 0.379 0.000 0.360
066000 0.261 0.379 0.000 0.360
066500 0.261 0.379 0.000 0.361
067000 0.261 0.379 0.000 0.361
067500 0.261 0.379 0.000 0.360
068000 0.261 0.379 0.000 0.360
068500 0.261 0.379 0.000 0.360
069000 0.261 0.379 0.000 0.360
069500 0.261 0.379 0.000 0.360
070000 0.261 0.379 0.000 0.360
070500 0.261 0.379 0.000 0.360
071000 0.261 0.379 0.000 0.360
071500 0.261 0.379 0.000 0.360
072000 0.261 0.379 0.000 0.360
072500 0.261 0.379 0.000 0.360
073000 0.261 0.379 0.000 0.360
073500 0.261 0.379 0.000 0.360
074000 0.261 0.379 0.000 0.360
074500 0.261 0.379 0.000 0.360
075000 0.261 0.379 0.000 0.360
075500 0.261 0.379 0.000 0.360
076000 0.261 0.379 0.000 0.360
076500 0.261 0.380 0.000 0.359
077000 0.261 0.380 0.000 0.359
077500 0.261 0.381 0.000 0.358
078000 0.261 0.381 0.000 0.358
078500 0.261 0.381 0.000 0.359
079000 0.261 0.381 0.000 0.358
079500 0.261 0.381 0.000 0.359
080000 0.261 0.381 0.000 0.358
080500 0.261 0.381 0.000 0.359
081000 0.261 0.381 0.000 0.359
081500 0.261 0.381 0.000 0.358
082000 0.261 0.380 0.000 0.359
082500 0.261 0.380 0.000 0.359
083000 0.261 0.379 0.000 0.360
083500 0.261 0.379 0.000 0.360
084000 0.261 0.379 0.000 0.360
084500 0.261 0.379 0.000 0.360
085000 0.261 0.379 0.000 0.360
085500 0.261 0.379 0.000 0.360
086000 0.261 0.379 0.000 0.360
086500 0.261 0.379 0.000 0.360
087000 0.261 0.379 0.000 0.360
087500 0.261 0.379 0.000 0.360
088000 0.261 0.379 0.000 0.360
088500 0.261 0.379 0.000 0.360
089000 0.261 0.379 0.000 0.360
089500 0.261 0.379 0.000 0.360
090000 0.261 0.379 0.000 0.360
090500 0.261 0.379 0.000 0.360
091000 0.261 0.379 0.000 0.360
091500 0.261 0.379 0.000 0.360
092000 0.261 0.379 0.000 0.360
092500 0.261 0.379 0.000 0.360
093000 0.261 0.379 0.000 0.360
093500 0.261 0.379 0.000 0.360
094000 0.261 0.379 0.000 0.360
094500 0.261 0.379 0.000 0.360
095000 0.261 0.379 0.000 0.360
095500 0.261 0.379 0.000 0.360
096000 0.261 0.379 0.000 0.360
096500 0.261 0.379 0.000 0.360
097000 0.261 0.379 0.000 0.360
097500 0.261 0.379 0.000 0.360
098000 0.261 0.379 0.000 0.360
098500 0.261 0.379 0.000 0.360
099000 0.261 0.379 0.000 0.360
099500 0.261 0.379 0.000 0.360
100000 0.261 0.379 0.000 0.360
100500 0.261 0.379 0.000 0.360
101000 0.261 0.379 0.000 0.360
101500 0.261 0.379 0.000 0.360
102000 0.261 0.379 0.000 0.360
102500 0.261 0.379 0.000 0.360
103000 0.261 0.379 0.000 0.360
103500 0.261 0.379 0.000 0.360
104000 0.261 0.379 0.000 0.360
104500 0.261 0.379 0.000 0.360
105000 0.261 0.379 0.000 0.360
105500 0.261 0.379 0.000 0.360
106000 0.261 0.379 0.000 0.360
106500 0.261 0.379 0.000 0.360
107000 0.261 0.379 0.000 0.360
107500 0.261 0.379 0.000 0.360
108000 0.261 0.379 0.000 0.360
108500 0.261 0.379 0.000 0.360
109000 0.261 0.379 0.000 0.360
109500 0.261 0.379 0.000 0.360
110000 0.261 0.379 0.000 0.360
110500 0.261 0.379 0.000 0.360
111000 0.261 0.379 0.000 0.360
111500 0.261 0.379 0.000 0.360
112000 0.261 0.379 0.000 0.360
112500 0.261 0.379 0.000 0.360
113000 0.261 0.379 0.000 0.360
113500 0.261 0.379 0.000 0.360
114000 0.261 0.379 0.000 0.360
114500 0.261 0.379 0.000 0.360
115000 0.261 0.379 0.000 0.360
115500 0.261 0.379 0.000 0.360
116000 0.261 0.379 0.000 0.360
116500 0.261 0.379 0.000 0.360
117000 0.261 0.379 0.000 0.360
117500 0.261 0.379 0.000 0.360
118000 0.261 0.379 0.000 0.360
118500 0.261 0.379 0.000 0.360
119000 0.261 0.379 0.000 0.360
119500 0.261 0.379 0.000 0.360
120000 0.261 0.379 0.000 0.360
120500 0.261 0.379 0.000 0.360
121000 0.261 0.379 0.000 0.360
121500 0.261 0.379 0.000 0.360
122000 0.261 0.379 0.000 0.360
122500 0.261 0.379 0.000 0.360
123000 0.261 0.379 0.000 0.360
123500 0.261 0.379 0.000 0.360
124000 0.261 0.379 0.000 0.360
124500 0.261 0.379 0.000 0.360
125000 0.261 0.379 0.000 0.360
125500 0.261 0.379 0.000 0.360
126000 0.261 0.379 0.000 0.360
126500 0.261 0.379 0.000 0.360
127000 0.261 0.379 0.000 0.360
127500 0.261 0.379 0.000 0.360
128000 0.261 0.379 0.000 0.360
128500 0.261 0.379 0.000 0.360
129000 0.261 0.379 0.000 0.360
129500 0.261 0.379 0.000 0.360
130000 0.261 0.379 0.000 0.360
130500 0.261 0.379 0.000 0.360
131000 0.261 0.379 0.000 0.360
131500 0.261 0.379 0.000 0.360
132000 0.261 0.379 0.000 0.360
132500 0.261 0.379 0.000 0.360
133000 0.261 0.379 0.000 0.360
133500 0.261 0.379 0.000 0.360
134000 0.261 0.379 0.000 0.360
134500 0.261 0.379 0.000 0.360
135000 0.261 0.379 0.000 0.360
135500 0.261 0.379 0.000 0.360
136000 0.261 0.379 0.000 0.360
136500 0.261 0.379 0.000 0.360
137000 0.261 0.379 0.000 0.360
137500 0.261 0.379 0.000 0.360
138000 0.261 0.379 0.000 0.360
138500 0.261 0.379 0.000 0.360
139000 0.261 0.379 0.000 0.360
139500 0.261 0.379 0.000 0.360
140000 0.261 0.379 0.000 0.360
140500 0.261 0.379 0.000 0.360
141000 0.261 0.379 0.000 0.360
141500 0.261 0.379 0.000 0.360
142000 0.261 0.379 0.000 0.360
142500 0.261 0.379 0.000 0.360
143000 0.261 0.379 0.000 0.360
143500 0.261 0.379 0.000 0.360
144000 0.261 0.379 0.000 0.360
144500 0.261 0.379 0.000 0.360
145000 0.261 0.379 0.000 0.360
145500 0.261 0.379 0.000 0.360
146000 0.261 0.379 0.000 0.360
146500 0.261 0.379 0.000 0.360
147000 0.261 0.379 0.000 0.360
147500 0.261 0.379 0.000 0.360
148000 0.261 0.379 0.000 0.360
148500 0.261 0.379 0.000 0.360
149000 0.261 0.379 0.000 0.360
149500 0.261 0.379 0.000 0.360
150000 0.261 0.379 0.000 0.360
150500 0.261 0.379 0.000 0.360
151000 0.261 0.379 0.000 0.360
151500 0.261 0.379 0.000 0.360
152000 0.261 0.379 0.000 0.360
152500 0.261 0.379 0.000 0.360
153000 0.261 0.379 0.000 0.360
153500 0.261 0.379 0.000 0.360
154000 0.261 0.379 0.000 0.360
154500 0.261 0.379 0.000 0.360
155000 0.261 0.379 0.000 0.360
155500 0.261 0.379 0.000 0.360
156000 0.261 0.379 0.000 0.360
156500 0.261 0.379 0.000 0.360
157000 0.261 0.379 0.000 0.360
157500 0.261 0.379 0.000 0.360
158000 0.261 0.379 0.000 0.360
158500 0.261 0.379 0.000 0.360
159000 0.261 0.379 0.000 0.360
159500 0.261 0.379 0.000 0.360
160000 0.261 0.379 0.000 0.360
160500 0.261 0.379 0.000 0.360
161000 0.261 0.379 0.000 0.360
161500 0.261 0.379 0.000 0.360
162000 0.261 0.379 0.000 0.360
162500 0.261 0.379 0.000 0.360
163000 0.261 0.379 0.000 0.360
163500 0.261 0.379 0.000 0.360
164000 0.261 0.379 0.000 0.360
164500 0.261 0.379 0.000 0.360
165000 0.261 0.379 0.000 0.360
165500 0.261 0.379 0.000 0.360
166000 0.261 0.379 0.000 0.360
166500 0.261 0.379 0.000 0.360
167000 0.261 0.379 0.000 0.360
167500 0.261 0.379 0.000 0.360
168000 0.261 0.379 0.000 0.360
168500 0.261 0.379 0.000 0.360
169000 0.261 0.379 0.000 0.360
169500 0.261 0.379 0.000 0.360
170000 0.261 0.379 0.000 0.360
170500 0.261 0.379 0.000 0.360
171000 0.261 0.379 0.000 0.360
171500 0.261 0.379 0.000 0.360
172000 0.261 0.379 0.000 0.360
172500 0.261 0.379 0.000 0.360
173000 0.261 0.379 0.000 0.360
173500 0.261 0.379 0.000 0.360
174000 0.261 0.379 0.000 0.360
174500 0.261 0.379 0.000 0.360
175000 0.261 0.379 0.000 0.360
175500 0.261 0.379 0.000 0.360
176000 0.261 0.379 0.000 0.360
176500 0.261 0.379 0.000 0.360
177000 0.261 0.379 0.000 0.360
177500 0.261 0.379 0.000 0.360
178000 0.261 0.379 0.000 0.360
178500 0.261 0.379 0.000 0.360
179000 0.261 0.379 0.000 0.360
179500 0.261 0.379 0.000 0.360
180000 0.261 0.379 0.000 0.360
180500 0.261 0.379 0.000 0.360
181000 0.261 0.379 0.000 0.360
181500 0.261 0.379 0.000 0.360
182000 0.261 0.379 0.000 0.360
182500 0.261 0.379 0.000 0.360
183000 0.261 0.379 0.000 0.360
183500 0.261 0.379 0.000 0.360
184000 0.261 0.379 0.000 0.360
184500 0.261 0.379 0.000 0.360
185000 0.261 0.379 0.000 0.360
185500 0.261 0.379 0.000 0.360
186000 0.261 0.379 0.000 0.360
186500 0.261 0.379 0.000 0.360
187000 0.261 0.379 0.000 0.360
187500 0.261 0.379 0.000 0.360
188000 0.261 0.379 0.000 0.360
188500 0.261 0.379 0.000 0.360
189000 0.261 0.379 0.000 0.360
189500 0.261 0.379 0.000 0.360
190000 0.261 0.379 0.000 0.360
190500 0.261 0.379 0.000 0.360
191000 0.261 0.379 0.000 0.360
191500 0.261 0.379 0.000 0.360
192000 0.261 0.379 0.000 0.360
192500 0.261 0.379 0.000 0.360
193000 0.261 0.379 0.000 0.360
193500 0.261 0.379 0.000 0.360
194000 0.261 0.379 0.000 0.360
194500 0.261 0.379 0.000 0.360
195000 0.261 0.379 0.000 0.360
195500 0.261 0.379 0.000 0.360
196000 0.261 0.379 0.000 0.360
196500 0.261 0.379 0.000 0.360
197000 0.261 0.379 0.000 0.360
197500 0.261 0.379 0.000 0.360
198000 0.261 0.379 0.000 0.360
198500 0.261 0.379 0.000 0.360
199000 0.261 0.379 0.000 0.360
199500 0.261 0.379 0.000 0.360
200000 0.261 0.379 0.000 0.360
200500 0.261 0.379 0.000 0.360
201000 0.261 0.379 0.000 0.360
201500 0.261 0.379 0.000 0.360
202000 0.261 0.379 0.000 0.360
202500 0.261 0.379 0.000 0.360
203000 0.261 0.379 0.000 0.360
203500 0.261 0.379 0.000 0.360
204000 0.261 0.379 0.000 0.360
204500 0.261 0.379 0.000 0.360
205000 0.261 0.379 0.000 0.360
205500 0.261 0.379 0.000 0.360
206000 0.261 0.379 0.000 0.360
206500 0.261 0.379 0.000 0.360
207000 0.261 0.379 0.000 0.360
207500 0.261 0.379 0.000 0.360
208000 0.261 0.379 0.000 0.360
208500 0.261 0.379 0.000 0.360
209000 0.261 0.379 0.000 0.360
209500 0.261 0.379 0.000 0.360
210000 0.261 0.379 0.000 0.360
210500 0.261 0.379 0.000 0.360
211000 0.261 0.379 0.000 0.360
211500 0.261 0.379 0.000 0.360
212000 0.261 0.379 0.000 0.360
212500 0.261 0.379 0.000 0.360
213000 0.261 0.379 0.000 0.360
213500 0.261 0.379 0.000 0.360
214000 0.261 0.379 0.000 0.360
214500 0.261 0.379 0.000 0.360
215000 0.261 0.379 0.000 0.360
215500 0.261 0.379 0.000 0.360
216000 0.261 0.379 0.000 0.360
216500 0.261 0.379 0.000 0.360
217000 0.261 0.379 0.000 0.360
217500 0.261 0.379 0.000 0.360
218000 0.261 0.379 0.000 0.360
218500 0.261 0.379 0.000 0.360
219000 0.261 0.379 0.000 0.360
219500 0.261 0.379 0.000 0.360
220000 0.261 0.379 0.000 0.360
220500 0.261 0.379 0.000 0.360
221000 0.261 0.379 0.000 0.360
221500 0.261 0.379 0.000 0.360
222000 0.261 0.379 0.000 0.360
222500 0.261 0.379 0.000 0.360
223000 0.261 0.379 0.000 0.360
223500 0.261 0.379 0.000 0.360
224000 0.261 0.379 0.000 0.360
224500 0.261 0.379 0.000 0.360
225000 0.261 0.379 0.000 0.360
225500 0.261 0.379 0.000 0.360
226000 0.261 0.379 0.000 0.360
226500 0.261 0.379 0.000 0.360
227000 0.261 0.379 0.000 0.360
227500 0.261 0.379 0.000 0.360
228000 0.261 0.379 0.000 0.360
228500 0.261 0.379 0.000 0.360
229000 0.261 0.379 0.000 0.360
229500 0.261 0.379 0.000 0.360
230000 0.261 0.379 0.000 0.360
230500 0.261 0.379 0.000 0.360
231000 0.261 0.379 0.000 0.360
231500 0.261 0.379 0.000 0.360
232000 0.261 0.379 0.000 0.360
232500 0.261 0.379 0.000 0.360
233000 0.261 0.379 0.000 0.360
233500 0.261 0.379 0.000 0.360
234000 0.261 0.379 0.000 0.360
234500 0.261 0.379 0.000 0.360
235000 0.261 0.379 0.000 0.360
235500 0.261 0.379 0.000 0.360
236000 0.261 0.379 0.000 0.360
236500 0.261 0.378 0.000 0.361
237000 0.261 0.378 0.000 0.361
237500 0.261 0.378 0.000 0.361
238000 0.261 0.378 0.000 0.361
238500 0.261 0.378 0.000 0.361
239000 0.261 0.378 0.000 0.361
239500 0.261 0.378 0.000 0.361
240000 0.261 0.378 0.000 0.361
240500 0.261 0.378 0.000 0.361
241000 0.261 0.378 0.000 0.361
241500 0.261 0.378 0.000 0.361
242000 0.261 0.378 0.000 0.361
242500 0.261 0.378 0.000 0.361
243000 0.261 0.378 0.000 0.361
243500 0.261 0.378 0.000 0.361
244000 0.261 0.378 0.000 0.361
244500 0.261 0.378 0.000 0.361
245000 0.261 0.378 0.000 0.361
245500 0.261 0.378 0.000 0.361
246000 0.261 0.378 0.000 0.361
246500 0.261 0.378 0.000 0.361
247000 0.261 0.378 0.000 0.361
247500 0.261 0.378 0.000 0.361
248000 0.261 0.378 0.000 0.361
248500 0.261 0.378 0.000 0.361
249000 0.261 0.378 0.000 0.361
249500 0.261 0.378 0.000 0.361
250000 0.261 0.378 0.000 0.361
250500 0.261 0.378 0.000 0.361
251000 0.261 0.378 0.000 0.361
251500 0.261 0.378 0.000 0.361
252000 0.261 0.378 0.000 0.361
252500 0.261 0.378 0.000 0.361
253000 0.261 0.378 0.000 0.361
253500 0.261 0.378 0.000 0.361
254000 0.261 0.378 0.000 0.361
254500 0.261 0.378 0.000 0.361
255000 0.261 0.378 0.000 0.361
255500 0.261 0.378 0.000 0.361
256000 0.261 0.378 0.000 0.361
256500 0.261 0.378 0.000 0.361
257000 0.261 0.378 0.000 0.361
257500 0.261 0.378 0.000 0.361
258000 0.261 0.378 0.000 0.361
258500 0.261 0.378 0.000 0.361
259000 0.261 0.378 0.000 0.361
259500 0.261 0.378 0.000 0.361
260000 0.261 0.378 0.000 0.361
260500 0.261 0.378 0.000 0.361
261000 0.261 0.378 0.000 0.361
261500 0.261 0.378 0.000 0.361
262000 0.261 0.378 0.000 0.361
262500 0.261 0.378 0.000 0.361
263000 0.261 0.378 0.000 0.361
263500 0.261 0.378 0.000 0.361
264000 0.261 0.378 0.000 0.361
264500 0.261 0.378 0.000 0.361
265000 0.261 0.378 0.000 0.361
265500 0.261 0.378 0.000 0.361
266000 0.261 0.378 0.000 0.361
266500 0.261 0.378 0.000 0.361
267000 0.261 0.378 0.000 0.361
267500 0.261 0.378 0.000 0.361
268000 0.261 0.378 0.000 0.361
268500 0.261 0.378 0.000 0.361
269000 0.261 0.378 0.000 0.361
269500 0.261 0.378 0.000 0.361
270000 0.261 0.378 0.000 0.361
270500 0.261 0.378 0.000 0.361
271000 0.261 0.378 0.000 0.361
271500 0.261 0.378 0.000 0.361
272000 0.261 0.378 0.000 0.361
272500 0.261 0.378 0.000 0.361
273000 0.261 0.378 0.000 0.361
273500 0.261 0.378 0.000 0.361
274000 0.261 0.378 0.000 0.361
274500 0.261 0.378 0.000 0.361
275000 0.261 0.378 0.000 0.361
275500 0.261 0.378 0.000 0.361
276000 0.261 0.378 0.000 0.361
276500 0.261 0.378 0.000 0.361
277000 0.261 0.378 0.000 0.361
277500 0.261 0.378 0.000 0.361
278000 0.261 0.378 0.000 0.361
278500 0.261 0.378 0.000 0.361
279000 0.261 0.378 0.000 0.361
279500 0.261 0.378 0.000 0.361
280000 0.261 0.378 0.000 0.361
280500 0.261 0.378 0.000 0.361
281000 0.261 0.378 0.000 0.361
281500 0.261 0.378 0.000 0.361
282000 0.261 0.378 0.000 0.361
282500 0.261 0.378 0.000 0.361
283000 0.261 0.378 0.000 0.361
283500 0.261 0.378 0.000 0.361
284000 0.261 0.378 0.000 0.361
284500 0.261 0.378 0.000 0.361
285000 0.261 0.378 0.000 0.361
285500 0.261 0.378 0.000 0.361
286000 0.261 0.378 0.000 0.361
286500 0.261 0.378 0.000 0.361
287000 0.261 0.378 0.000 0.361
287500 0.261 0.378 0.000 0.361
288000 0.261 0.378 0.000 0.361
288500 0.261 0.378 0.000 0.361
289000 0.261 0.378 0.000 0.361
289500 0.261 0.378 0.000 0.361
290000 0.261 0.378 0.000 0.361
290500 0.261 0.378 0.000 0.361
291000 0.261 0.378 0.000 0.361
291500 0.261 0.378 0.000 0.361
292000 0.261 0.378 0.000 0.361
292500 0.261 0.378 0.000 0.361
293000 0.261 0.378 0.000 0.361
293500 0.261 0.378 0.000 0.361
294000 0.261 0.378 0.000 0.361
294500 0.261 0.378 0.000 0.361
295000 0.261 0.378 0.000 0.361
295500 0.261 0.378 0.000 0.361
296000 0.261 0.378 0.000 0.361
296500 0.261 0.378 0.000 0.361
297000 0.261 0.378 0.000 0.361
297500 0.261 0.378 0.000 0.361
298000 0.261 0.378 0.000 0.361
298500 0.261 0.378 0.000 0.361
299000 0.261 0.378 0.000 0.361
299500 0.261 0.378 0.000 0.361
300000 0.261 0.378 0.000 0.361
300500 0.261 0.378 0.000 0.361
301000 0.261 0.378 0.000 0.361
301500 0.261 0.378 0.000 0.361
302000 0.261 0.378 0.000 0.361
302500 0.261 0.378 0.000 0.361
303000 0.261 0.378 0.000 0.361
303500 0.261 0.378 0.000 0.361
304000 0.261 0.378 0.000 0.361
304500 0.261 0.378 0.000 0.361
305000 0.261 0.378 0.000 0.361
305500 0.261 0.378 0.000 0.361
306000 0.261 0.378 0.000 0.361
306500 0.261 0.378 0.000 0.361
307000 0.261 0.378 0.000 0.361
307500 0.261 0.378 0.000 0.361
308000 0.261 0.378 0.000 0.361
308500 0.261 0.378 0.000 0.361
309000 0.261 0.378 0.000 0.361
309500 0.261 0.378 0.000 0.361
310000 0.261 0.378 0.000 0.361
310500 0.261 0.378 0.000 0.361
311000 0.261 0.378 0.000 0.361
311500 0.261 0.378 0.000 0.361
312000 0.261 0.378 0.000 0.361
312500 0.261 0.378 0.000 0.361
313000 0.261 0.378 0.000 0.361
313500 0.261 0.378 0.000 0.361
314000 0.261 0.378 0.000 0.361
314500 0.261 0.378 0.000 0.361
315000 0.261 0.378 0.000 0.361
315500 0.261 0.378 0.000 0.361
316000 0.261 0.378 0.000 0.361
316500 0.261 0.378 0.000 0.361
317000 0.261 0.378 0.000 0.361
317500 0.261 0.378 0.000 0.361
318000 0.261 0.378 0.000 0.361
318500 0.261 0.378 0.000 0.361
319000 0.261 0.378 0.000 0.361
319500 0.261 0.378 0.000 0.361
320000 0.261 0.378 0.000 0.361
320500 0.261 0.378 0.000 0.361
321000 0.261 0.378 0.000 0.361
321500 0.261 0.378 0.000 0.361
322000 0.261 0.378 0.000 0.361
322500 0.261 0.378 0.000 0.361
323000 0.261 0.378 0.000 0.361
323500 0.261 0.378 0.000 0.361
324000 0.261 0.378 0.000 0.361
324500 0.261 0.378 0.000 0.361
325000 0.261 0.378 0.000 0.361
325500 0.261 0.378 0.000 0.361
326000 0.261 0.378 0.000 0.361
326500 0.261 0.378 0.000 0.361
327000 0.261 0.378 0.000 0.361
327500 0.261 0.378 0.000 0.361
328000 0.261 0.378 0.000 0.361
328500 0.261 0.378 0.000 0.361
329000 0.261 0.378 0.000 0.361
329500 0.261 0.378 0.000 0.361
330000 0.261 0.378 0.000 0.361
330500 0.261 0.378 0.000 0.361
331000 0.261 0.378 0.000 0.361
331500 0.261 0.378 0.000 0.361
332000 0.261 0.378 0.000 0.361
332500 0.261 0.378 0.000 0.361
333000 0.261 0.378 0.000 0.361
333500 0.261 0.378 0.000 0.361
334000 0.261 0.378 0.000 0.361
334500 0.261 0.378 0.000 0.361
335000 0.261 0.378 0.000 0.361
335500 0.261 0.378 0.000 0.361
336000 0.261 0.378 0.000 0.361
336500 0.261 0.378 0.000 0.361
337000 0.261 0.378 0.000 0.361
337500 0.261 0.378 0.000 0.361
338000 0.261 0.378 0.000 0.361
338500 0.261 0.378 0.000 0.361
339000 0.261 0.378 0.000 0.361
339500 0.261 0.378 0.000 0.361
340000 0.261 0.378 0.000 0.361
340500 0.261 0.378 0.000 0.361
341000 0.261 0.378 0.000 0.361
341500 0.261 0.378 0.000 0.361
342000 0.261 0.378 0.000 0.361
342500 0.261 0.378 0.000 0.361
343000 0.261 0.378 0.000 0.361
343500 0.261 0.378 0.000 0.361
344000 0.261 0.378 0.000 0.361
344500 0.261 0.378 0.000 0.361
345000 0.261 0.378 0.000 0.361
345500 0.261 0.378 0.000 0.361
346000 0.261 0.378 0.000 0.361
346500 0.261 0.378 0.000 0.361
347000 0.261 0.378 0.000 0.361
347500 0.261 0.378 0.000 0.361
348000 0.261 0.378 0.000 0.361
348500 0.261 0.378 0.000 0.361
349000 0.261 0.378 0.000 0.361
349500 0.261 0.378 0.000 0.361
350000 0.261 0.378 0.000 0.361
350500 0.261 0.378 0.000 0.361
351000 0.261 0.378 0.000 0.361
351500 0.261 0.378 0.000 0.361
352000 0.261 0.378 0.000 0.361
352500 0.261 0.378 0.000 0.361
353000 0.261 0.378 0.000 0.361
353500 0.261 0.378 0.000 0.361
354000 0.261 0.378 0.000 0.361
354500 0.261 0.378 0.000 0.361
355000 0.261 0.378 0.000 0.361
355500 0.261 0.378 0.000 0.361
356000 0.261 0.378 0.000 0.361
356500 0.261 0.378 0.000 0.361
357000 0.261 0.378 0.000 0.361
357500 0.261 0.378 0.000 0.361
358000 0.261 0.378 0.000 0.361
358500 0.261 0.378 0.000 0.361
359000 0.261 0.378 0.000 0.361
359500 0.261 0.378 0.000 0.361
360000 0.261 0.378 0.000 0.361
360500 0.261 0.378 0.000 0.361
361000 0.261 0.378 0.000 0.361
361500 0.261 0.378 0.000 0.361
362000 0.261 0.378 0.000 0.361
362500 0.261 0.378 0.000 0.361
363000 0.261 0.378 0.000 0.361
363500 0.261 0.378 0.000 0.361
364000 0.261 0.378 0.000 0.361
364500 0.261 0.378 0.000 0.361
365000 0.261 0.378 0.000 0.361
365500 0.261 0.378 0.000 0.361
366000 0.261 0.378 0.000 0.361
366500 0.261 0.378 0.000 0.361
367000 0.261 0.378 0.000 0.361
367500 0.261 0.378 0.000 0.361
368000 0.261 0.378 0.000 0.361
368500 0.261 0.378 0.000 0.361
369000 0.261 0.378 0.000 0.361
369500 0.261 0.378 0.000 0.361
370000 0.261 0.378 0.000 0.361
370500 0.261 0.378 0.000 0.361
371000 0.261 0.378 0.000 0.361
371500 0.261 0.378 0.000 0.361
372000 0.261 0.378 0.000 0.361
372500 0.261 0.378 0.000 0.361
373000 0.261 0.378 0.000 0.361
373500 0.261 0.378 0.000 0.361
374000 0.261 0.378 0.000 0.361
374500 0.261 0.378 0.000 0.361
375000 0.261 0.378 0.000 0.361
375500 0.261 0.378 0.000 0.361
376000 0.261 0.378 0.000 0.361
376500 0.261 0.378 0.000 0.361
377000 0.261 0.378 0.000 0.361
377500 0.261 0.378 0.000 0.361
378000 0.261 0.378 0.000 0.361
378500 0.261 0.378 0.000 0.361
379000 0.261 0.378 0.000 0.361
379500 0.261 0.378 0.000 0.361
380000 0.261 0.378 0.000 0.361
380500 0.261 0.378 0.000 0.361
381000 0.261 0.378 0.000 0.361
381500 0.261 0.378 0.000 0.361
382000 0.261 0.378 0.000 0.361
382500 0.261 0.378 0.000 0.361
383000 0.261 0.378 0.000 0.361
383500 0.261 0.378 0.000 0.361
384000 0.261 0.378 0.000 0.361
384500 0.261 0.378 0.000 0.361
385000 0.261 0.378 0.000 0.361
385500 0.261 0.378 0.000 0.361
386000 0.261 0.378 0.000 0.361
386500 0.261 0.378 0.000 0.361
387000 0.261 0.378 0.000 0.361
387500 0.261 0.378 0.000 0.361
388000 0.261 0.378 0.000 0.361
388500 0.261 0.378 0.000 0.361
389000 0.261 0.378 0.000 0.361
389500 0.261 0.378 0.000 0.361
390000 0.261 0.378 0.000 0.361
390500 0.261 0.378 0.000 0.361
391000 0.261 0.378 0.000 0.361
391500 0.261 0.378 0.000 0.361
392000 0.261 0.378 0.000 0.361
392500 0.261 0.378 0.000 0.361
393000 0.261 0.378 0.000 0.361
393500 0.261 0.378 0.000 0.361
394000 0.261 0.378 0.000 0.361
394500 0.261 0.378 0.000 0.361
395000 0.261 0.378 0.000 0.361
395500 0.261 0.378 0.000 0.361
396000 0.261 0.378 0.000 0.361
396500 0.261 0.378 0.000 0.361
397000 0.261 0.378 0.000 0.361
397500 0.261 0.378 0.000 0.361
398000 0.261 0.378 0.000 0.361
398500 0.261 0.378 0.000 0.361
399000 0.261 0.378 0.000 0.361
399500 0.261 0.378 0.000 0.361
400000 0.261 0.378 0.000 0.361
400500 0.261 0.378 0.000 0.361
401000 0.261 0.378 0.000 0.361
401500 0.261 0.378 0.000 0.361
402000 0.261 0.378 0.000 0.361
402500 0.261 0.378 0.000 0.361
403000 0.261 0.378 0.000 0.361
403500 0.261 0.378 0.000 0.361
404000 0.261 0.378 0.000 0.361
404500 0.261 0.378 0.000 0.361
405000 0.261 0.378 0.000 0.361
405500 0.261 0.378 0.000 0.361
406000 0.261 0.378 0.000 0.361
406500 0.261 0.378 0.000 0.361
407000 0.261 0.378 0.000 0.361
407500 0.261 0.378 0.000 0.361
408000 0.261 0.378 0.000 0.361
408500 0.261 0.378 0.000 0.361
409000 0.261 0.378 0.000 0.361
409500 0.261 0.378 0.000 0.361
410000 0.261 0.378 0.000 0.361
410500 0.261 0.378 0.000 0.361
411000 0.261 0.378 0.000 0.361
411500 0.261 0.378 0.000 0.361
412000 0.261 0.378 0.000 0.361
412500 0.261 0.378 0.000 0.361
413000 0.261 0.378 0.000 0.361
413500 0.261 0.378 0.000 0.361
414000 0.261 0.378 0.000 0.361
414500 0.261 0.378 0.000 0.361
415000 0.261 0.378 0.000 0.361
415500 0.261 0.378 0.000 0.361
416000 0.261 0.378 0.000 0.361
416500 0.261 0.378 0.000 0.361
417000 0.261 0.378 0.000 0.361
417500 0.261 0.378 0.000 0.361
418000 0.261 0.378 0.000 0.361
418500 0.261 0.378 0.000 0.361
419000 0.261 0.378 0.000 0.361
419500 0.261 0.378 0.000 0.361
420000 0.261 0.378 0.000 0.361
420500 0.261 0.378 0.000 0.361
421000 0.261 0.378 0.000 0.361
421500 0.261 0.378 0.000 0.361
422000 0.261 0.378 0.000 0.361
422500 0.261 0.378 0.000 0.361
423000 0.261 0.378 0.000 0.361
423500 0.261 0.378 0.000 0.361
424000 0.261 0.378 0.000 0.361
424500 0.261 0.378 0.000 0.361
425000 0.261 0.378 0.000 0.361
425500 0.261 0.378 0.000 0.361
426000 0.261 0.378 0.000 0.361
426500 0.261 0.378 0.000 0.361
427000 0.261 0.378 0.000 0.361
427500 0.261 0.378 0.000 0.361
428000 0.261 0.378 0.000 0.361
428500 0.261 0.378 0.000 0.361
429000 0.261 0.378 0.000 0.361
429500 0.261 0.378 0.000 0.361
430000 0.261 0.378 0.000 0.361
430500 0.261 0.378 0.000 0.361
431000 0.261 0.378 0.000 0.361
431500 0.261 0.378 0.000 0.361
432000 0.261 0.378 0.000 0.361
432500 0.261 0.378 0.000 0.361
433000 0.261 0.378 0.000 0.361
433500 0.261 0.378 0.000 0.361
434000 0.261 0.378 0.000 0.361
434500 0.261 0.378 0.000 0.361
435000 0.261 0.378 0.000 0.361
435500 0.261 0.378 0.000 0.361
436000 0.261 0.378 0.000 0.361
436500 0.261 0.378 0.000 0.361
437000 0.261 0.378 0.000 0.361
437500 0.261 0.378 0.000 0.361
438000 0.261 0.378 0.000 0.361
438500 0.261 0.378 0.000 0.361
439000 0.261 0.378 0.000 0.361
439500 0.261 0.378 0.000 0.361
440000 0.261 0.378 0.000 0.361
440500 0.261 0.378 0.000 0.361
441000 0.261 0.378 0.000 0.361
441500 0.261 0.378 0.000 0.361
442000 0.261 0.378 0.000 0.361
442500 0.261 0.378 0.000 0.361
443000 0.261 0.378 0.000 0.361
443500 0.261 0.378 0.000 0.361
444000 0.261 0.378 0.000 0.361
444500 0.261 0.378 0.000 0.361
445000 0.261 0.378 0.000 0.361
445500 0.261 0.378 0.000 0.361
446000 0.261 0.378 0.000 0.361
446500 0.261 0.378 0.000 0.361
447000 0.261 0.378 0.000 0.361
447500 0.261 0.378 0.000 0.361
448000 0.261 0.378 0.000 0.361
448500 0.261 0.378 0.000 0.361
449000 0.261 0.378 0.000 0.361
449500 0.261 0.378 0.000 0.361
450000 0.261 0.378 0.000 0.361
450500 0.261 0.378 0.000 0.361
451000 0.261 0.378 0.000 0.361
451500 0.261 0.378 0.000 0.361
452000 0.261 0.378 0.000 0.361
452500 0.261 0.378 0.000 0.361
453000 0.261 0.378 0.000 0.361
453500 0.261 0.378 0.000 0.361
454000 0.261 0.378 0.000 0.361
454500 0.261 0.378 0.000 0.361
455000 0.261 0.378 0.000 0.361
455500 0.261 0.378 0.000 0.361
456000 0.261 0.378 0.000 0.361
456500 0.261 0.378 0.000 0.361
457000 0.261 0.378 0.000 0.361
457500 0.261 0.378 0.000 0.361
458000 0.261 0.378 0.000 0.361
458500 0.261 0.378 0.000 0.361
459000 0.261 0.378 0.000 0.361
459500 0.261 0.378 0.000 0.361
460000 0.261 0.378 0.000 0.361
460500 0.261 0.378 0.000 0.361
461000 0.261 0.378 0.000 0.361
461500 0.261 0.378 0.000 0.361
462000 0.261 0.378 0.000 0.361
462500 0.261 0.378 0.000 0.361
463000 0.261 0.378 0.000 0.361
463500 0.261 0.378 0.000 0.361
464000 0.261 0.378 0.000 0.361
464500 0.261 0.378 0.000 0.361
465000 0.261 0.378 0.000 0.361
465500 0.261 0.378 0.000 0.361
466000 0.261 0.378 0.000 0.361
466500 0.261 0.378 0.000 0.361
467000 0.261 0.378 0.000 0.361
467500 0.261 0.378 0.000 0.361
468000 0.261 0.378 0.000 0.361
468500 0.261 0.378 0.000 0.361
469000 0.261 0.378 0.000 0.361
469500 0.261 0.378 0.000 0.361
470000 0.261 0.378 0.000 0.361
470500 0.261 0.378 0.000 0.361
471000 0.261 0.378 0.000 0.361
471500 0.261 0.378 0.000 0.361
472000 0.261 0.378 0.000 0.361
472500 0.261 0.378 0.000 0.361
473000 0.261 0.378 0.000 0.361
473500 0.261 0.378 0.000 0.361
474000 0.261 0.378 0.000 0.361
474500 0.261 0.378 0.000 0.361
475000 0.261 0.378 0.000 0.361
475500 0.261 0.378 0.000 0.361
476000 0.261 0.378 0.000 0.361
476500 0.261 0.378 0.000 0.361
477000 0.261 0.378 0.000 0.361
477500 0.261 0.378 0.000 0.361
478000 0.261 0.378 0.000 0.361
478500 0.261 0.378 0.000 0.361
479000 0.261 0.378 0.000 0.361
479500 0.261 0.378 0.000 0.361
480000 0.261 0.378 0.000 0.361
480500 0.261 0.378 0.000 0.361
481000 0.261 0.378 0.000 0.361
481500 0.261 0.378 0.000 0.361
482000 0.261 0.378 0.000 0.361
482500 0.261 0.378 0.000 0.361
483000 0.261 0.378 0.000 0.361
483500 0.261 0.378 0.000 0.361
484000 0.261 0.378 0.000 0.361
484500 0.261 0.378 0.000 0.361
485000 0.261 0.378 0.000 0.361
485500 0.261 0.378 0.000 0.361
486000 0.261 0.378 0.000 0.361
486500 0.261 0.378 0.000 0.361
487000 0.261 0.378 0.000 0.361
487500 0.261 0.378 0.000 0.361
488000 0.261 0.378 0.000 0.361
488500 0.261 0.378 0.000 0.361
489000 0.261 0.378 0.000 0.361
489500 0.261 0.378 0.000 0.361
490000 0.261 0.378 0.000 0.361
490500 0.261 0.378 0.000 0.361
491000 0.261 0.378 0.000 0.361
491500 0.261 0.378 0.000 0.361
492000 0.261 0.378 0.000 0.361
492500 0.261 0.378 0.000 0.361
493000 0.261 0.378 0.000 0.361
493500 0.261 0.378 0.000 0.361
494000 0.261 0.378 0.000 0.361
494500 0.261 0.378 0.000 0.361
495000 0.261 0.378 0.000 0.361
495500 0.261 0.378 0.000 0.361
496000 0.261 0.378 0.000 0.361
496500 0.261 0.378 0.000 0.361
497000 0.261 0.378 0.000 0.361
497500 0.261 0.378 0.000 0.361
498000 0.261 0.378 0.000 0.361
498500 0.261 0.378 0.000 0.361
499000 0.261 0.378 0.000 0.361
499500 0.261 0.378 0.000 0.361
500000 0.261 0.378 0.000 0.361
