000000 0.250 0.250 0.250 0.250
000500 0.397 0.281 0.000 0.322
001000 0.393 0.288 0.000 0.319
001500 0.393 0.290 0.000 0.317
002000 0.392 0.291 0.000 0.317
002500 0.392 0.290 0.000 0.317
003000 0.388 0.295 0.000 0.316
003500 0.387 0.296 0.000 0.317
004000 0.386 0.298 0.000 0.316
004500 0.385 0.299 0.000 0.316
005000 0.385 0.299 0.000 0.316
005500 0.384 0.300 0.000 0.315
006000 0.385 0.300 0.000 0.315
006500 0.386 0.299 0.000 0.315
007000 0.384 0.302 0.000 0.315
007500 0.383 0.303 0.000 0.314
008000 0.383 0.303 0.000 0.315
008500 0.383 0.303 0.000 0.314
009000 0.383 0.303 0.000 0.314
009500 0.383 0.303 0.000 0.314
010000 0.383 0.303 0.000 0.314
010500 0.383 0.303 0.000 0.314
011000 0.383 0.303 0.000 0.314
011500 0.383 0.303 0.000 0.314
012000 0.383 0.303 0.000 0.314
012500 0.383 0.303 0.000 0.314
013000 0.383 0.303 0.000 0.314
013500 0.383 0.303 0.000 0.314
014000 0.383 0.303 0.000 0.314
014500 0.383 0.303 0.000 0.314
015000 0.383 0.303 0.000 0.314
015500 0.383 0.303 0.000 0.314
016000 0.383 0.303 0.000 0.314
016500 0.383 0.303 0.000 0.314
017000 0.383 0.303 0.000 0.314
017500 0.383 0.303 0.000 0.314
018000 0.383 0.303 0.000 0.314
018500 0.383 0.303 0.000 0.314
019000 0.383 0.303 0.000 0.314
019500 0.383 0.303 0.000 0.314
020000 0.383 0.303 0.000 0.314
020500 0.383 0.303 0.000 0.314
021000 0.383 0.303 0.000 0.314
021500 0.383 0.303 0.000 0.314
022000 0.383 0.303 0.000 0.314
022500 0.383 0.303 0.000 0.314
023000 0.383 0.303 0.000 0.314
023500 0.383 0.303 0.000 0.314
024000 0.383 0.303 0.000 0.314
024500 0.383 0.303 0.000 0.314
025000 0.383 0.303 0.000 0.314
025500 0.383 0.303 0.000 0.314
026000 0.383 0.303 0.000 0.314
026500 0.383 0.303 0.000 0.314
027000 0.383 0.303 0.000 0.314
027500 0.383 0.303 0.000 0.314
028000 0.383 0.303 0.000 0.314
028500 0.383 0.303 0.000 0.314
029000 0.383 0.303 0.000 0.314
029500 0.383 0.303 0.000 0.314
030000 0.383 0.303 0.000 0.314
030500 0.383 0.303 0.000 0.314
031000 0.383 0.303 0.000 0.314
031500 0.383 0.303 0.000 0.314
032000 0.383 0.303 0.000 0.314
032500 0.383 0.303 0.000 0.314
033000 0.383 0.303 0.000 0.314
033500 0.383 0.303 0.000 0.314
034000 0.383 0.303 0.000 0.314
034500 0.383 0.303 0.000 0.314
035000 0.383 0.303 0.000 0.314
035500 0.383 0.303 0.000 0.314
036000 0.383 0.303 0.000 0.314
036500 0.383 0.303 0.000 0.314
037000 0.383 0.303 0.000 0.314
037500 0.383 0.303 0.000 0.314
038000 0.383 0.303 0.000 0.314
038500 0.383 0.303 0.000 0.314
039000 0.383 0.303 0.000 0.314
039500 0.383 0.303 0.000 0.314
040000 0.383 0.303 0.000 0.314
040500 0.383 0.303 0.000 0.314
041000 0.383 0.303 0.000 0.314
041500 0.383 0.303 0.000 0.314
042000 0.383 0.303 0.000 0.314
042500 0.383 0.303 0.000 0.314
043000 0.383 0.303 0.000 0.314
043500 0.383 0.303 0.000 0.314
044000 0.383 0.303 0.000 0.314
044500 0.383 0.303 0.000 0.314
045000 0.383 0.303 0.000 0.314
045500 0.383 0.303 0.000 0.314
046000 0.383 0.303 0.000 0.314
046500 0.383 0.303 0.000 0.314
047000 0.383 0.303 0.000 0.314
047500 0.383 0.303 0.000 0.314
048000 0.383 0.303 0.000 0.314
048500 0.383 0.303 0.000 0.314
049000 0.383 0.303 0.000 0.314
049500 0.383 0.303 0.000 0.314
050000 0.383 0.303 0.000 0.314
050500 0.383 0.303 0.000 0.314
051000 0.383 0.303 0.000 0.314
051500 0.383 0.303 0.000 0.314
052000 0.383 0.303 0.000 0.314
052500 0.383 0.303 0.000 0.314
053000 0.383 0.303 0.000 0.314
053500 0.383 0.303 0.000 0.314
054000 0.383 0.303 0.000 0.314
054500 0.383 0.303 0.000 0.314
055000 0.383 0.303 0.000 0.314
055500 0.383 0.303 0.000 0.314
056000 0.383 0.303 0.000 0.314
056500 0.383 0.303 0.000 0.314
057000 0.383 0.303 0.000 0.314
057500 0.383 0.303 0.000 0.314
058000 0.383 0.303 0.000 0.314
058500 0.383 0.303 0.000 0.314
059000 0.383 0.303 0.000 0.314
059500 0.383 0.303 0.000 0.314
060000 0.383 0.303 0.000 0.314
060500 0.383 0.303 0.000 0.314
061000 0.383 0.303 0.000 0.314
061500 0.383 0.303 0.000 0.314
062000 0.383 0.303 0.000 0.314
062500 0.383 0.303 0.000 0.314
063000 0.383 0.303 0.000 0.314
063500 0.383 0.303 0.000 0.314
064000 0.383 0.303 0.000 0.314
064500 0.383 0.303 0.000 0.314
065000 0.383 0.303 0.000 0.314
065500 0.383 0.303 0.000 0.314
066000 0.383 0.303 0.000 0.314
066500 0.383 0.303 0.000 0.314
067000 0.383 0.303 0.000 0.314
067500 0.383 0.303 0.000 0.314
068000 0.383 0.303 0.000 0.314
068500 0.383 0.303 0.000 0.314
069000 0.383 0.303 0.000 0.314
069500 0.383 0.303 0.000 0.314
070000 0.383 0.303 0.000 0.314
070500 0.383 0.303 0.000 0.314
071000 0.383 0.303 0.000 0.314
071500 0.383 0.303 0.000 0.314
072000 0.383 0.303 0.000 0.314
072500 0.383 0.303 0.000 0.314
073000 0.383 0.303 0.000 0.314
073500 0.383 0.303 0.000 0.314
074000 0.383 0.303 0.000 0.314
074500 0.383 0.303 0.000 0.314
075000 0.383 0.303 0.000 0.314
075500 0.383 0.303 0.000 0.314
076000 0.383 0.303 0.000 0.314
076500 0.383 0.303 0.000 0.314
077000 0.383 0.303 0.000 0.314
077500 0.383 0.303 0.000 0.314
078000 0.383 0.303 0.000 0.314
078500 0.383 0.303 0.000 0.314
079000 0.383 0.303 0.000 0.314
079500 0.383 0.303 0.000 0.314
080000 0.383 0.303 0.000 0.314
080500 0.383 0.303 0.000 0.314
081000 0.383 0.303 0.000 0.314
081500 0.383 0.303 0.000 0.314
082000 0.383 0.303 0.000 0.314
082500 0.383 0.303 0.000 0.314
083000 0.383 0.303 0.000 0.314
083500 0.383 0.303 0.000 0.314
084000 0.383 0.303 0.000 0.314
084500 0.383 0.303 0.000 0.314
085000 0.383 0.303 0.000 0.314
085500 0.383 0.303 0.000 0.314
086000 0.383 0.303 0.000 0.314
086500 0.383 0.303 0.000 0.314
087000 0.383 0.303 0.000 0.314
087500 0.383 0.303 0.000 0.314
088000 0.383 0.303 0.000 0.314
088500 0.383 0.303 0.000 0.314
089000 0.383 0.303 0.000 0.314
089500 0.383 0.303 0.000 0.314
090000 0.383 0.303 0.000 0.314
090500 0.383 0.303 0.000 0.314
091000 0.383 0.303 0.000 0.314
091500 0.383 0.303 0.000 0.314
092000 0.383 0.303 0.000 0.314
092500 0.383 0.303 0.000 0.314
093000 0.383 0.303 0.000 0.314
093500 0.383 0.303 0.000 0.314
094000 0.383 0.303 0.000 0.314
094500 0.383 0.303 0.000 0.314
095000 0.383 0.303 0.000 0.314
095500 0.383 0.303 0.000 0.314
096000 0.383 0.303 0.000 0.314
096500 0.383 0.303 0.000 0.314
097000 0.383 0.303 0.000 0.314
097500 0.383 0.303 0.000 0.314
098000 0.383 0.303 0.000 0.314
098500 0.383 0.303 0.000 0.314
099000 0.383 0.303 0.000 0.314
099500 0.383 0.303 0.000 0.314
100000 0.383 0.303 0.000 0.314
100500 0.383 0.303 0.000 0.314
101000 0.383 0.303 0.000 0.314
101500 0.383 0.303 0.000 0.314
102000 0.383 0.303 0.000 0.314
102500 0.383 0.303 0.000 0.314
103000 0.383 0.303 0.000 0.314
103500 0.383 0.303 0.000 0.314
104000 0.383 0.303 0.000 0.314
104500 0.383 0.303 0.000 0.314
105000 0.383 0.303 0.000 0.314
105500 0.383 0.303 0.000 0.314
106000 0.383 0.303 0.000 0.314
106500 0.383 0.303 0.000 0.314
107000 0.383 0.303 0.000 0.314
107500 0.383 0.303 0.000 0.314
108000 0.383 0.303 0.000 0.314
108500 0.383 0.303 0.000 0.314
109000 0.383 0.303 0.000 0.314
109500 0.383 0.303 0.000 0.314
110000 0.383 0.303 0.000 0.314
110500 0.383 0.303 0.000 0.314
111000 0.383 0.303 0.000 0.314
111500 0.383 0.303 0.000 0.314
112000 0.383 0.303 0.000 0.314
112500 0.383 0.303 0.000 0.314
113000 0.383 0.303 0.000 0.314
113500 0.383 0.303 0.000 0.314
114000 0.383 0.303 0.000 0.314
114500 0.383 0.303 0.000 0.314
115000 0.383 0.303 0.000 0.314
115500 0.383 0.303 0.000 0.314
116000 0.383 0.303 0.000 0.314
116500 0.383 0.303 0.000 0.314
117000 0.383 0.303 0.000 0.314
117500 0.383 0.303 0.000 0.314
118000 0.383 0.303 0.000 0.314
118500 0.383 0.303 0.000 0.314
119000 0.383 0.303 0.000 0.314
119500 0.383 0.303 0.000 0.314
120000 0.383 0.303 0.000 0.314
120500 0.383 0.303 0.000 0.314
121000 0.383 0.303 0.000 0.314
121500 0.383 0.303 0.000 0.314
122000 0.383 0.303 0.000 0.314
122500 0.383 0.303 0.000 0.314
123000 0.383 0.303 0.000 0.314
123500 0.383 0.303 0.000 0.314
124000 0.383 0.303 0.000 0.314
124500 0.383 0.303 0.000 0.314
125000 0.383 0.303 0.000 0.314
125500 0.383 0.303 0.000 0.314
126000 0.383 0.303 0.000 0.314
126500 0.383 0.303 0.000 0.314
127000 0.383 0.303 0.000 0.314
127500 0.383 0.303 0.000 0.314
128000 0.383 0.303 0.000 0.314
128500 0.383 0.303 0.000 0.314
129000 0.383 0.303 0.000 0.314
129500 0.383 0.303 0.000 0.314
130000 0.383 0.303 0.000 0.314
130500 0.383 0.303 0.000 0.314
131000 0.383 0.303 0.000 0.314
131500 0.383 0.303 0.000 0.314
132000 0.383 0.303 0.000 0.314
132500 0.383 0.303 0.000 0.314
133000 0.383 0.303 0.000 0.314
133500 0.383 0.303 0.000 0.314
134000 0.383 0.303 0.000 0.314
134500 0.383 0.303 0.000 0.314
135000 0.383 0.303 0.000 0.314
135500 0.383 0.303 0.000 0.314
136000 0.383 0.303 0.000 0.314
136500 0.383 0.303 0.000 0.314
137000 0.383 0.303 0.000 0.314
137500 0.383 0.303 0.000 0.314
138000 0.383 0.303 0.000 0.314
138500 0.383 0.303 0.000 0.314
139000 0.383 0.303 0.000 0.314
139500 0.383 0.303 0.000 0.314
140000 0.383 0.303 0.000 0.314
140500 0.383 0.303 0.000 0.314
141000 0.383 0.303 0.000 0.314
141500 0.383 0.303 0.000 0.314
142000 0.383 0.303 0.000 0.314
142500 0.383 0.303 0.000 0.314
143000 0.383 0.303 0.000 0.314
143500 0.383 0.303 0.000 0.314
144000 0.383 0.303 0.000 0.314
144500 0.383 0.303 0.000 0.314
145000 0.383 0.303 0.000 0.314
145500 0.383 0.303 0.000 0.314
146000 0.383 0.303 0.000 0.314
146500 0.383 0.303 0.000 0.314
147000 0.383 0.303 0.000 0.314
147500 0.383 0.303 0.000 0.314
148000 0.383 0.303 0.000 0.314
148500 0.383 0.303 0.000 0.314
149000 0.383 0.303 0.000 0.314
149500 0.383 0.303 0.000 0.314
150000 0.383 0.303 0.000 0.314
150500 0.383 0.303 0.000 0.314
151000 0.383 0.303 0.000 0.314
151500 0.383 0.303 0.000 0.314
152000 0.383 0.303 0.000 0.314
152500 0.383 0.303 0.000 0.314
153000 0.383 0.303 0.000 0.314
153500 0.383 0.303 0.000 0.314
154000 0.383 0.303 0.000 0.314
154500 0.383 0.303 0.000 0.314
155000 0.383 0.303 0.000 0.314
155500 0.383 0.303 0.000 0.314
156000 0.383 0.303 0.000 0.314
156500 0.383 0.303 0.000 0.314
157000 0.383 0.303 0.000 0.314
157500 0.383 0.303 0.000 0.314
158000 0.383 0.303 0.000 0.314
158500 0.383 0.303 0.000 0.314
159000 0.383 0.303 0.000 0.314
159500 0.383 0.303 0.000 0.314
160000 0.383 0.303 0.000 0.314
160500 0.383 0.303 0.000 0.314
161000 0.383 0.303 0.000 0.314
161500 0.383 0.303 0.000 0.314
162000 0.383 0.303 0.000 0.314
162500 0.383 0.303 0.000 0.314
163000 0.383 0.303 0.000 0.314
163500 0.383 0.303 0.000 0.314
164000 0.383 0.303 0.000 0.314
164500 0.383 0.303 0.000 0.314
165000 0.383 0.303 0.000 0.314
165500 0.383 0.303 0.000 0.314
166000 0.383 0.303 0.000 0.314
166500 0.383 0.303 0.000 0.314
167000 0.383 0.303 0.000 0.314
167500 0.383 0.303 0.000 0.314
168000 0.383 0.303 0.000 0.314
168500 0.383 0.303 0.000 0.314
169000 0.383 0.303 0.000 0.314
169500 0.383 0.303 0.000 0.314
170000 0.383 0.303 0.000 0.314
170500 0.383 0.303 0.000 0.314
171000 0.383 0.303 0.000 0.314
171500 0.383 0.303 0.000 0.314
172000 0.383 0.303 0.000 0.314
172500 0.383 0.303 0.000 0.314
173000 0.383 0.303 0.000 0.314
173500 0.383 0.303 0.000 0.314
174000 0.383 0.303 0.000 0.314
174500 0.383 0.303 0.000 0.314
175000 0.383 0.303 0.000 0.314
175500 0.383 0.303 0.000 0.314
176000 0.383 0.303 0.000 0.314
176500 0.383 0.303 0.000 0.314
177000 0.383 0.303 0.000 0.314
177500 0.383 0.303 0.000 0.314
178000 0.383 0.303 0.000 0.314
178500 0.383 0.303 0.000 0.314
179000 0.383 0.303 0.000 0.314
179500 0.383 0.303 0.000 0.314
180000 0.383 0.303 0.000 0.314
180500 0.383 0.303 0.000 0.314
181000 0.383 0.303 0.000 0.314
181500 0.383 0.303 0.000 0.314
182000 0.383 0.303 0.000 0.314
182500 0.383 0.303 0.000 0.314
183000 0.383 0.303 0.000 0.314
183500 0.383 0.303 0.000 0.314
184000 0.383 0.303 0.000 0.314
184500 0.383 0.303 0.000 0.314
185000 0.383 0.303 0.000 0.314
185500 0.383 0.303 0.000 0.314
186000 0.383 0.303 0.000 0.314
186500 0.383 0.303 0.000 0.314
187000 0.383 0.303 0.000 0.314
187500 0.383 0.303 0.000 0.314
188000 0.383 0.303 0.000 0.314
188500 0.383 0.303 0.000 0.314
189000 0.383 0.303 0.000 0.314
189500 0.383 0.303 0.000 0.314
190000 0.383 0.303 0.000 0.314
190500 0.383 0.303 0.000 0.314
191000 0.383 0.303 0.000 0.314
191500 0.383 0.303 0.000 0.314
192000 0.383 0.303 0.000 0.314
192500 0.383 0.303 0.000 0.314
193000 0.383 0.303 0.000 0.314
193500 0.383 0.303 0.000 0.314
194000 0.383 0.303 0.000 0.314
194500 0.383 0.303 0.000 0.314
195000 0.383 0.303 0.000 0.314
195500 0.383 0.303 0.000 0.314
196000 0.383 0.303 0.000 0.314
196500 0.383 0.303 0.000 0.314
197000 0.383 0.303 0.000 0.314
197500 0.383 0.303 0.000 0.314
198000 0.383 0.303 0.000 0.314
198500 0.383 0.303 0.000 0.314
199000 0.383 0.303 0.000 0.314
199500 0.383 0.303 0.000 0.314
200000 0.383 0.303 0.000 0.314
200500 0.383 0.303 0.000 0.314
201000 0.383 0.303 0.000 0.314
201500 0.383 0.303 0.000 0.314
202000 0.383 0.303 0.000 0.314
202500 0.383 0.303 0.000 0.314
203000 0.383 0.303 0.000 0.314
203500 0.383 0.303 0.000 0.314
204000 0.383 0.303 0.000 0.314
204500 0.383 0.303 0.000 0.314
205000 0.383 0.303 0.000 0.314
205500 0.383 0.303 0.000 0.314
206000 0.383 0.303 0.000 0.314
206500 0.383 0.303 0.000 0.314
207000 0.383 0.303 0.000 0.314
207500 0.383 0.303 0.000 0.314
208000 0.383 0.303 0.000 0.314
208500 0.383 0.303 0.000 0.314
209000 0.383 0.303 0.000 0.314
209500 0.383 0.303 0.000 0.314
210000 0.383 0.303 0.000 0.314
210500 0.383 0.303 0.000 0.314
211000 0.383 0.303 0.000 0.314
211500 0.383 0.303 0.000 0.314
212000 0.383 0.303 0.000 0.314
212500 0.383 0.303 0.000 0.314
213000 0.383 0.303 0.000 0.314
213500 0.383 0.303 0.000 0.314
214000 0.383 0.303 0.000 0.314
214500 0.383 0.303 0.000 0.314
215000 0.383 0.303 0.000 0.314
215500 0.383 0.303 0.000 0.314
216000 0.383 0.303 0.000 0.314
216500 0.383 0.303 0.000 0.314
217000 0.383 0.303 0.000 0.314
217500 0.383 0.303 0.000 0.314
218000 0.383 0.303 0.000 0.314
218500 0.383 0.303 0.000 0.314
219000 0.383 0.303 0.000 0.314
219500 0.383 0.303 0.000 0.314
220000 0.383 0.303 0.000 0.314
220500 0.383 0.303 0.000 0.314
221000 0.383 0.303 0.000 0.314
221500 0.383 0.303 0.000 0.314
222000 0.383 0.303 0.000 0.314
222500 0.383 0.303 0.000 0.314
223000 0.383 0.303 0.000 0.314
223500 0.383 0.303 0.000 0.314
224000 0.383 0.303 0.000 0.314
224500 0.383 0.303 0.000 0.314
225000 0.383 0.303 0.000 0.314
225500 0.383 0.303 0.000 0.314
226000 0.383 0.303 0.000 0.314
226500 0.383 0.303 0.000 0.314
227000 0.383 0.303 0.000 0.314
227500 0.383 0.303 0.000 0.314
228000 0.383 0.303 0.000 0.314
228500 0.383 0.303 0.000 0.314
229000 0.383 0.303 0.000 0.314
229500 0.383 0.303 0.000 0.314
230000 0.383 0.303 0.000 0.314
230500 0.383 0.303 0.000 0.314
231000 0.383 0.303 0.000 0.314
231500 0.383 0.303 0.000 0.314
232000 0.383 0.303 0.000 0.314
232500 0.383 0.303 0.000 0.314
233000 0.383 0.303 0.000 0.314
233500 0.383 0.303 0.000 0.314
234000 0.383 0.303 0.000 0.314
234500 0.383 0.303 0.000 0.314
235000 0.383 0.303 0.000 0.314
235500 0.383 0.303 0.000 0.314
236000 0.383 0.303 0.000 0.314
236500 0.383 0.303 0.000 0.314
237000 0.383 0.303 0.000 0.314
237500 0.383 0.303 0.000 0.314
238000 0.383 0.303 0.000 0.314
238500 0.383 0.303 0.000 0.314
239000 0.383 0.303 0.000 0.314
239500 0.383 0.303 0.000 0.314
240000 0.383 0.303 0.000 0.314
240500 0.383 0.303 0.000 0.314
241000 0.383 0.303 0.000 0.314
241500 0.383 0.303 0.000 0.314
242000 0.383 0.303 0.000 0.314
242500 0.383 0.303 0.000 0.314
243000 0.383 0.303 0.000 0.314
243500 0.383 0.303 0.000 0.314
244000 0.383 0.303 0.000 0.314
244500 0.383 0.303 0.000 0.314
245000 0.383 0.303 0.000 0.314
245500 0.383 0.303 0.000 0.314
246000 0.383 0.303 0.000 0.314
246500 0.383 0.303 0.000 0.314
247000 0.383 0.303 0.000 0.314
247500 0.383 0.303 0.000 0.314
248000 0.383 0.303 0.000 0.314
248500 0.383 0.303 0.000 0.314
249000 0.383 0.303 0.000 0.314
249500 0.383 0.303 0.000 0.314
250000 0.383 0.303 0.000 0.314
250500 0.383 0.303 0.000 0.314
251000 0.383 0.303 0.000 0.314
251500 0.383 0.303 0.000 0.314
252000 0.383 0.303 0.000 0.314
252500 0.383 0.303 0.000 0.314
253000 0.383 0.303 0.000 0.314
253500 0.383 0.303 0.000 0.314
254000 0.383 0.303 0.000 0.314
254500 0.383 0.303 0.000 0.314
255000 0.383 0.303 0.000 0.314
255500 0.383 0.303 0.000 0.314
256000 0.383 0.303 0.000 0.314
256500 0.383 0.303 0.000 0.314
257000 0.383 0.303 0.000 0.314
257500 0.383 0.303 0.000 0.314
258000 0.383 0.303 0.000 0.314
258500 0.383 0.303 0.000 0.314
259000 0.383 0.303 0.000 0.314
259500 0.383 0.303 0.000 0.314
260000 0.383 0.303 0.000 0.314
260500 0.383 0.303 0.000 0.314
261000 0.383 0.303 0.000 0.314
261500 0.383 0.303 0.000 0.314
262000 0.383 0.303 0.000 0.314
262500 0.383 0.303 0.000 0.314
263000 0.383 0.303 0.000 0.314
263500 0.383 0.303 0.000 0.314
264000 0.383 0.303 0.000 0.314
264500 0.383 0.303 0.000 0.314
265000 0.383 0.303 0.000 0.314
265500 0.383 0.303 0.000 0.314
266000 0.383 0.303 0.000 0.314
266500 0.383 0.303 0.000 0.314
267000 0.383 0.303 0.000 0.314
267500 0.383 0.303 0.000 0.314
268000 0.383 0.303 0.000 0.314
268500 0.383 0.303 0.000 0.314
269000 0.383 0.303 0.000 0.314
269500 0.383 0.303 0.000 0.314
270000 0.383 0.303 0.000 0.314
270500 0.383 0.303 0.000 0.314
271000 0.383 0.303 0.000 0.314
271500 0.383 0.303 0.000 0.314
272000 0.383 0.303 0.000 0.314
272500 0.383 0.303 0.000 0.314
273000 0.383 0.303 0.000 0.314
273500 0.383 0.303 0.000 0.314
274000 0.383 0.303 0.000 0.314
274500 0.383 0.303 0.000 0.314
275000 0.383 0.303 0.000 0.314
275500 0.383 0.303 0.000 0.314
276000 0.383 0.303 0.000 0.314
276500 0.383 0.303 0.000 0.314
277000 0.383 0.303 0.000 0.314
277500 0.383 0.303 0.000 0.314
278000 0.383 0.303 0.000 0.314
278500 0.383 0.303 0.000 0.314
279000 0.383 0.303 0.000 0.314
279500 0.383 0.303 0.000 0.314
280000 0.383 0.303 0.000 0.314
280500 0.383 0.303 0.000 0.314
281000 0.383 0.303 0.000 0.314
281500 0.383 0.303 0.000 0.314
282000 0.383 0.303 0.000 0.314
282500 0.383 0.303 0.000 0.314
283000 0.383 0.303 0.000 0.314
283500 0.383 0.303 0.000 0.314
284000 0.383 0.303 0.000 0.314
284500 0.383 0.303 0.000 0.314
285000 0.383 0.303 0.000 0.314
285500 0.383 0.303 0.000 0.314
286000 0.383 0.303 0.000 0.314
286500 0.383 0.303 0.000 0.314
287000 0.383 0.303 0.000 0.314
287500 0.383 0.303 0.000 0.314
288000 0.383 0.303 0.000 0.314
288500 0.383 0.303 0.000 0.314
289000 0.383 0.303 0.000 0.314
289500 0.383 0.303 0.000 0.314
290000 0.383 0.303 0.000 0.314
290500 0.383 0.303 0.000 0.314
291000 0.383 0.303 0.000 0.314
291500 0.383 0.303 0.000 0.314
292000 0.383 0.303 0.000 0.314
292500 0.383 0.303 0.000 0.314
293000 0.383 0.303 0.000 0.314
293500 0.383 0.303 0.000 0.314
294000 0.383 0.303 0.000 0.314
294500 0.383 0.303 0.000 0.314
295000 0.383 0.303 0.000 0.314
295500 0.383 0.303 0.000 0.314
296000 0.383 0.303 0.000 0.314
296500 0.383 0.303 0.000 0.314
297000 0.383 0.303 0.000 0.314
297500 0.383 0.303 0.000 0.314
298000 0.383 0.303 0.000 0.314
298500 0.383 0.303 0.000 0.314
299000 0.383 0.303 0.000 0.314
299500 0.383 0.303 0.000 0.314
300000 0.383 0.303 0.000 0.314
300500 0.383 0.303 0.000 0.314
301000 0.383 0.303 0.000 0.314
301500 0.383 0.303 0.000 0.314
302000 0.383 0.303 0.000 0.314
302500 0.383 0.303 0.000 0.314
303000 0.383 0.303 0.000 0.314
303500 0.383 0.303 0.000 0.314
304000 0.383 0.303 0.000 0.314
304500 0.383 0.303 0.000 0.314
305000 0.383 0.303 0.000 0.314
305500 0.383 0.303 0.000 0.314
306000 0.383 0.303 0.000 0.314
306500 0.383 0.303 0.000 0.314
307000 0.383 0.303 0.000 0.314
307500 0.383 0.303 0.000 0.314
308000 0.383 0.303 0.000 0.314
308500 0.383 0.303 0.000 0.314
309000 0.383 0.303 0.000 0.314
309500 0.383 0.303 0.000 0.314
310000 0.383 0.303 0.000 0.314
310500 0.383 0.303 0.000 0.314
311000 0.383 0.303 0.000 0.314
311500 0.383 0.303 0.000 0.314
312000 0.383 0.303 0.000 0.314
312500 0.383 0.303 0.000 0.314
313000 0.383 0.303 0.000 0.314
313500 0.383 0.303 0.000 0.314
314000 0.383 0.303 0.000 0.314
314500 0.383 0.303 0.000 0.314
315000 0.383 0.303 0.000 0.314
315500 0.383 0.303 0.000 0.314
316000 0.383 0.303 0.000 0.314
316500 0.383 0.303 0.000 0.314
317000 0.383 0.303 0.000 0.314
317500 0.383 0.303 0.000 0.314
318000 0.383 0.303 0.000 0.314
318500 0.383 0.303 0.000 0.314
319000 0.383 0.303 0.000 0.314
319500 0.383 0.303 0.000 0.314
320000 0.383 0.303 0.000 0.314
320500 0.383 0.303 0.000 0.314
321000 0.383 0.303 0.000 0.314
321500 0.383 0.303 0.000 0.314
322000 0.383 0.303 0.000 0.314
322500 0.383 0.303 0.000 0.314
323000 0.383 0.303 0.000 0.314
323500 0.383 0.303 0.000 0.314
324000 0.383 0.303 0.000 0.314
324500 0.383 0.303 0.000 0.314
325000 0.383 0.303 0.000 0.314
325500 0.383 0.303 0.000 0.314
326000 0.383 0.303 0.000 0.314
326500 0.383 0.303 0.000 0.314
327000 0.383 0.303 0.000 0.314
327500 0.383 0.303 0.000 0.314
328000 0.383 0.303 0.000 0.314
328500 0.383 0.303 0.000 0.314
329000 0.383 0.303 0.000 0.314
329500 0.383 0.303 0.000 0.314
330000 0.383 0.303 0.000 0.314
330500 0.383 0.303 0.000 0.314
331000 0.383 0.303 0.000 0.314
331500 0.383 0.303 0.000 0.314
332000 0.383 0.303 0.000 0.314
332500 0.383 0.303 0.000 0.314
333000 0.383 0.303 0.000 0.314
333500 0.383 0.303 0.000 0.314
334000 0.383 0.303 0.000 0.314
334500 0.383 0.303 0.000 0.314
335000 0.383 0.303 0.000 0.314
335500 0.383 0.303 0.000 0.314
336000 0.383 0.303 0.000 0.314
336500 0.383 0.303 0.000 0.314
337000 0.383 0.303 0.000 0.314
337500 0.383 0.303 0.000 0.314
338000 0.383 0.303 0.000 0.314
338500 0.383 0.303 0.000 0.314
339000 0.383 0.303 0.000 0.314
339500 0.383 0.303 0.000 0.314
340000 0.383 0.303 0.000 0.314
340500 0.383 0.303 0.000 0.314
341000 0.383 0.303 0.000 0.314
341500 0.383 0.303 0.000 0.314
342000 0.383 0.303 0.000 0.314
342500 0.383 0.303 0.000 0.314
343000 0.383 0.303 0.000 0.314
343500 0.383 0.303 0.000 0.314
344000 0.383 0.303 0.000 0.314
344500 0.383 0.303 0.000 0.314
345000 0.383 0.303 0.000 0.314
345500 0.383 0.303 0.000 0.314
346000 0.383 0.303 0.000 0.314
346500 0.383 0.303 0.000 0.314
347000 0.383 0.303 0.000 0.314
347500 0.383 0.303 0.000 0.314
348000 0.383 0.303 0.000 0.314
348500 0.383 0.303 0.000 0.314
349000 0.383 0.303 0.000 0.314
349500 0.383 0.303 0.000 0.314
350000 0.383 0.303 0.000 0.314
350500 0.383 0.303 0.000 0.314
351000 0.383 0.303 0.000 0.314
351500 0.383 0.303 0.000 0.314
352000 0.383 0.303 0.000 0.314
352500 0.383 0.303 0.000 0.314
353000 0.383 0.303 0.000 0.314
353500 0.383 0.303 0.000 0.314
354000 0.383 0.303 0.000 0.314
354500 0.383 0.303 0.000 0.314
355000 0.383 0.303 0.000 0.314
355500 0.383 0.303 0.000 0.314
356000 0.383 0.303 0.000 0.314
356500 0.383 0.303 0.000 0.314
357000 0.383 0.303 0.000 0.314
357500 0.383 0.303 0.000 0.314
358000 0.383 0.303 0.000 0.314
358500 0.383 0.303 0.000 0.314
359000 0.383 0.303 0.000 0.314
359500 0.383 0.303 0.000 0.314
360000 0.383 0.303 0.000 0.314
360500 0.383 0.303 0.000 0.314
361000 0.383 0.303 0.000 0.314
361500 0.383 0.303 0.000 0.314
362000 0.383 0.303 0.000 0.314
362500 0.383 0.303 0.000 0.314
363000 0.383 0.303 0.000 0.314
363500 0.383 0.303 0.000 0.314
364000 0.383 0.303 0.000 0.314
364500 0.383 0.303 0.000 0.314
365000 0.383 0.303 0.000 0.314
365500 0.383 0.303 0.000 0.314
366000 0.383 0.303 0.000 0.314
366500 0.383 0.303 0.000 0.314
367000 0.383 0.303 0.000 0.314
367500 0.383 0.303 0.000 0.314
368000 0.383 0.303 0.000 0.314
368500 0.383 0.303 0.000 0.314
369000 0.383 0.303 0.000 0.314
369500 0.383 0.303 0.000 0.314
370000 0.383 0.303 0.000 0.314
370500 0.383 0.303 0.000 0.314
371000 0.383 0.303 0.000 0.314
371500 0.383 0.303 0.000 0.314
372000 0.383 0.303 0.000 0.314
372500 0.383 0.303 0.000 0.314
373000 0.383 0.303 0.000 0.314
373500 0.383 0.303 0.000 0.314
374000 0.383 0.303 0.000 0.314
374500 0.383 0.303 0.000 0.314
375000 0.383 0.303 0.000 0.314
375500 0.383 0.303 0.000 0.314
376000 0.383 0.303 0.000 0.314
376500 0.383 0.303 0.000 0.314
377000 0.383 0.303 0.000 0.314
377500 0.383 0.303 0.000 0.314
378000 0.383 0.303 0.000 0.314
378500 0.383 0.303 0.000 0.314
379000 0.383 0.303 0.000 0.314
379500 0.383 0.303 0.000 0.314
380000 0.383 0.303 0.000 0.314
380500 0.383 0.303 0.000 0.314
381000 0.383 0.303 0.000 0.314
381500 0.383 0.303 0.000 0.314
382000 0.383 0.303 0.000 0.314
382500 0.383 0.303 0.000 0.314
383000 0.383 0.303 0.000 0.314
383500 0.383 0.303 0.000 0.314
384000 0.383 0.303 0.000 0.314
384500 0.383 0.303 0.000 0.314
385000 0.383 0.303 0.000 0.314
385500 0.383 0.303 0.000 0.314
386000 0.383 0.303 0.000 0.314
386500 0.383 0.303 0.000 0.314
387000 0.383 0.303 0.000 0.314
387500 0.383 0.303 0.000 0.314
388000 0.383 0.303 0.000 0.314
388500 0.383 0.303 0.000 0.314
389000 0.383 0.303 0.000 0.314
389500 0.383 0.303 0.000 0.314
390000 0.383 0.303 0.000 0.314
390500 0.383 0.303 0.000 0.314
391000 0.383 0.303 0.000 0.314
391500 0.383 0.303 0.000 0.314
392000 0.383 0.303 0.000 0.314
392500 0.383 0.303 0.000 0.314
393000 0.383 0.303 0.000 0.314
393500 0.383 0.303 0.000 0.314
394000 0.383 0.303 0.000 0.314
394500 0.383 0.303 0.000 0.314
395000 0.383 0.303 0.000 0.314
395500 0.383 0.303 0.000 0.314
396000 0.383 0.303 0.000 0.314
396500 0.383 0.303 0.000 0.314
397000 0.383 0.303 0.000 0.314
397500 0.383 0.303 0.000 0.314
398000 0.383 0.303 0.000 0.314
398500 0.383 0.303 0.000 0.314
399000 0.383 0.303 0.000 0.314
399500 0.383 0.303 0.000 0.314
400000 0.383 0.303 0.000 0.314
400500 0.383 0.303 0.000 0.314
401000 0.383 0.303 0.000 0.314
401500 0.383 0.303 0.000 0.314
402000 0.383 0.303 0.000 0.314
402500 0.383 0.303 0.000 0.314
403000 0.383 0.303 0.000 0.314
403500 0.383 0.303 0.000 0.314
404000 0.383 0.303 0.000 0.314
404500 0.383 0.303 0.000 0.314
405000 0.383 0.303 0.000 0.314
405500 0.383 0.303 0.000 0.314
406000 0.383 0.303 0.000 0.314
406500 0.383 0.303 0.000 0.314
407000 0.383 0.303 0.000 0.314
407500 0.383 0.303 0.000 0.314
408000 0.383 0.303 0.000 0.314
408500 0.383 0.303 0.000 0.314
409000 0.383 0.303 0.000 0.314
409500 0.383 0.303 0.000 0.314
410000 0.383 0.303 0.000 0.314
410500 0.383 0.303 0.000 0.314
411000 0.383 0.303 0.000 0.314
411500 0.383 0.303 0.000 0.314
412000 0.383 0.303 0.000 0.314
412500 0.383 0.303 0.000 0.314
413000 0.383 0.303 0.000 0.314
413500 0.383 0.303 0.000 0.314
414000 0.383 0.303 0.000 0.314
414500 0.383 0.303 0.000 0.314
415000 0.383 0.303 0.000 0.314
415500 0.383 0.303 0.000 0.314
416000 0.383 0.303 0.000 0.314
416500 0.383 0.303 0.000 0.314
417000 0.383 0.303 0.000 0.314
417500 0.383 0.303 0.000 0.314
418000 0.383 0.303 0.000 0.314
418500 0.383 0.303 0.000 0.314
419000 0.383 0.303 0.000 0.314
419500 0.383 0.303 0.000 0.314
420000 0.383 0.303 0.000 0.314
420500 0.383 0.303 0.000 0.314
421000 0.383 0.303 0.000 0.314
421500 0.383 0.303 0.000 0.314
422000 0.383 0.303 0.000 0.314
422500 0.383 0.303 0.000 0.314
423000 0.383 0.303 0.000 0.314
423500 0.383 0.303 0.000 0.314
424000 0.383 0.303 0.000 0.314
424500 0.383 0.303 0.000 0.314
425000 0.383 0.303 0.000 0.314
425500 0.383 0.303 0.000 0.314
426000 0.383 0.303 0.000 0.314
426500 0.383 0.303 0.000 0.314
427000 0.383 0.303 0.000 0.314
427500 0.383 0.303 0.000 0.314
428000 0.383 0.303 0.000 0.314
428500 0.383 0.303 0.000 0.314
429000 0.383 0.303 0.000 0.314
429500 0.383 0.303 0.000 0.314
430000 0.383 0.303 0.000 0.314
430500 0.383 0.303 0.000 0.314
431000 0.383 0.303 0.000 0.314
431500 0.383 0.303 0.000 0.314
432000 0.383 0.303 0.000 0.314
432500 0.383 0.303 0.000 0.314
433000 0.383 0.303 0.000 0.314
433500 0.383 0.303 0.000 0.314
434000 0.383 0.303 0.000 0.314
434500 0.383 0.303 0.000 0.314
435000 0.383 0.303 0.000 0.314
435500 0.383 0.303 0.000 0.314
436000 0.383 0.303 0.000 0.314
436500 0.383 0.303 0.000 0.314
437000 0.383 0.303 0.000 0.314
437500 0.383 0.303 0.000 0.314
438000 0.383 0.303 0.000 0.314
438500 0.383 0.303 0.000 0.314
439000 0.383 0.303 0.000 0.314
439500 0.383 0.303 0.000 0.314
440000 0.383 0.303 0.000 0.314
440500 0.383 0.303 0.000 0.314
441000 0.383 0.303 0.000 0.314
441500 0.383 0.303 0.000 0.314
442000 0.383 0.303 0.000 0.314
442500 0.383 0.303 0.000 0.314
443000 0.383 0.303 0.000 0.314
443500 0.383 0.303 0.000 0.314
444000 0.383 0.303 0.000 0.314
444500 0.383 0.303 0.000 0.314
445000 0.383 0.303 0.000 0.314
445500 0.383 0.303 0.000 0.314
446000 0.383 0.303 0.000 0.314
446500 0.383 0.303 0.000 0.314
447000 0.383 0.303 0.000 0.314
447500 0.383 0.303 0.000 0.314
448000 0.383 0.303 0.000 0.314
448500 0.383 0.303 0.000 0.314
449000 0.383 0.303 0.000 0.314
449500 0.383 0.303 0.000 0.314
450000 0.383 0.303 0.000 0.314
450500 0.383 0.303 0.000 0.314
451000 0.383 0.303 0.000 0.314
451500 0.383 0.303 0.000 0.314
452000 0.383 0.303 0.000 0.314
452500 0.383 0.303 0.000 0.314
453000 0.383 0.303 0.000 0.314
453500 0.383 0.303 0.000 0.314
454000 0.383 0.303 0.000 0.314
454500 0.383 0.303 0.000 0.314
455000 0.383 0.303 0.000 0.314
455500 0.383 0.303 0.000 0.314
456000 0.383 0.303 0.000 0.314
456500 0.383 0.303 0.000 0.314
457000 0.383 0.303 0.000 0.314
457500 0.383 0.303 0.000 0.314
458000 0.383 0.303 0.000 0.314
458500 0.383 0.303 0.000 0.314
459000 0.383 0.303 0.000 0.314
459500 0.383 0.303 0.000 0.314
460000 0.383 0.303 0.000 0.314
460500 0.383 0.303 0.000 0.314
461000 0.383 0.303 0.000 0.314
461500 0.383 0.303 0.000 0.314
462000 0.383 0.303 0.000 0.314
462500 0.383 0.303 0.000 0.314
463000 0.383 0.303 0.000 0.314
463500 0.383 0.303 0.000 0.314
464000 0.383 0.303 0.000 0.314
464500 0.383 0.303 0.000 0.314
465000 0.383 0.303 0.000 0.314
465500 0.383 0.303 0.000 0.314
466000 0.383 0.303 0.000 0.314
466500 0.383 0.303 0.000 0.314
467000 0.383 0.303 0.000 0.314
467500 0.383 0.303 0.000 0.314
468000 0.383 0.303 0.000 0.314
468500 0.383 0.303 0.000 0.314
469000 0.383 0.303 0.000 0.314
469500 0.383 0.303 0.000 0.314
470000 0.383 0.303 0.000 0.314
470500 0.383 0.303 0.000 0.314
471000 0.383 0.303 0.000 0.314
471500 0.383 0.303 0.000 0.314
472000 0.383 0.303 0.000 0.314
472500 0.383 0.303 0.000 0.314
473000 0.383 0.303 0.000 0.314
473500 0.383 0.303 0.000 0.314
474000 0.383 0.303 0.000 0.314
474500 0.383 0.303 0.000 0.314
475000 0.383 0.303 0.000 0.314
475500 0.383 0.303 0.000 0.314
476000 0.383 0.303 0.000 0.314
476500 0.383 0.303 0.000 0.314
477000 0.383 0.303 0.000 0.314
477500 0.383 0.303 0.000 0.314
478000 0.383 0.303 0.000 0.314
478500 0.383 0.303 0.000 0.314
479000 0.383 0.303 0.000 0.314
479500 0.383 0.303 0.000 0.314
480000 0.383 0.303 0.000 0.314
480500 0.383 0.303 0.000 0.314
481000 0.383 0.303 0.000 0.314
481500 0.383 0.303 0.000 0.314
482000 0.383 0.303 0.000 0.314
482500 0.383 0.303 0.000 0.314
483000 0.383 0.303 0.000 0.314
483500 0.383 0.303 0.000 0.314
484000 0.383 0.303 0.000 0.314
484500 0.383 0.303 0.000 0.314
485000 0.383 0.303 0.000 0.314
485500 0.383 0.303 0.000 0.314
486000 0.383 0.303 0.000 0.314
486500 0.383 0.303 0.000 0.314
487000 0.383 0.303 0.000 0.314
487500 0.383 0.303 0.000 0.314
488000 0.383 0.303 0.000 0.314
488500 0.383 0.303 0.000 0.314
489000 0.383 0.303 0.000 0.314
489500 0.383 0.303 0.000 0.314
490000 0.383 0.303 0.000 0.314
490500 0.383 0.303 0.000 0.314
491000 0.383 0.303 0.000 0.314
491500 0.383 0.303 0.000 0.314
492000 0.383 0.303 0.000 0.314
492500 0.383 0.303 0.000 0.314
493000 0.383 0.303 0.000 0.314
493500 0.383 0.303 0.000 0.314
494000 0.383 0.303 0.000 0.314
494500 0.383 0.303 0.000 0.314
495000 0.383 0.303 0.000 0.314
495500 0.383 0.303 0.000 0.314
496000 0.383 0.303 0.000 0.314
496500 0.383 0.303 0.000 0.314
497000 0.383 0.303 0.000 0.314
497500 0.383 0.303 0.000 0.314
498000 0.383 0.303 0.000 0.314
498500 0.383 0.303 0.000 0.314
499000 0.383 0.303 0.000 0.314
499500 0.383 0.303 0.000 0.314
500000 0.383 0.303 0.000 0.314
