000000 0.250 0.250 0.250 0.250
000500 0.278 0.363 0.000 0.359
001000 0.278 0.362 0.000 0.359
001500 0.278 0.363 0.000 0.359
002000 0.278 0.362 0.000 0.360
002500 0.278 0.362 0.000 0.359
003000 0.278 0.362 0.000 0.360
003500 0.278 0.363 0.000 0.359
004000 0.278 0.364 0.000 0.358
004500 0.278 0.364 0.000 0.357
005000 0.278 0.364 0.000 0.358
005500 0.278 0.365 0.000 0.357
006000 0.278 0.364 0.000 0.358
006500 0.278 0.365 0.000 0.357
007000 0.278 0.365 0.000 0.357
007500 0.278 0.365 0.000 0.357
008000 0.278 0.366 0.000 0.356
008500 0.278 0.366 0.000 0.356
009000 0.278 0.366 0.000 0.356
009500 0.278 0.366 0.000 0.356
010000 0.278 0.367 0.000 0.355
010500 0.278 0.366 0.000 0.356
011000 0.278 0.367 0.000 0.355
011500 0.278 0.367 0.000 0.355
012000 0.278 0.367 0.000 0.355
012500 0.278 0.367 0.000 0.355
013000 0.278 0.367 0.000 0.355
013500 0.278 0.368 0.000 0.354
014000 0.278 0.367 0.000 0.355
014500 0.278 0.368 0.000 0.354
015000 0.278 0.369 0.000 0.353
015500 0.278 0.369 0.000 0.353
016000 0.278 0.369 0.000 0.353
016500 0.278 0.370 0.000 0.352
017000 0.278 0.371 0.000 0.351
017500 0.278 0.370 0.000 0.352
018000 0.278 0.370 0.000 0.352
018500 0.278 0.370 0.000 0.352
019000 0.278 0.370 0.000 0.352
019500 0.278 0.370 0.000 0.352
020000 0.278 0.371 0.000 0.351
020500 0.278 0.371 0.000 0.351
021000 0.278 0.372 0.000 0.350
021500 0.278 0.371 0.000 0.350
022000 0.278 0.371 0.000 0.351
022500 0.278 0.372 0.000 0.350
023000 0.278 0.372 0.000 0.350
023500 0.278 0.372 0.000 0.350
024000 0.278 0.371 0.000 0.350
024500 0.278 0.372 0.000 0.350
025000 0.278 0.371 0.000 0.351
025500 0.278 0.372 0.000 0.350
026000 0.278 0.372 0.000 0.350
026500 0.278 0.372 0.000 0.350
027000 0.278 0.372 0.000 0.350
027500 0.278 0.372 0.000 0.350
028000 0.278 0.372 0.000 0.350
028500 0.278 0.372 0.000 0.350
029000 0.278 0.372 0.000 0.350
029500 0.278 0.372 0.000 0.350
030000 0.278 0.372 0.000 0.350
030500 0.278 0.372 0.000 0.350
031000 0.278 0.372 0.000 0.350
031500 0.278 0.373 0.000 0.349
032000 0.278 0.372 0.000 0.349
032500 0.278 0.372 0.000 0.349
033000 0.278 0.373 0.000 0.349
033500 0.278 0.372 0.000 0.350
034000 0.278 0.372 0.000 0.350
034500 0.278 0.372 0.000 0.350
035000 0.278 0.372 0.000 0.350
035500 0.278 0.373 0.000 0.349
036000 0.278 0.373 0.000 0.349
036500 0.278 0.373 0.000 0.349
037000 0.278 0.372 0.000 0.349
037500 0.278 0.372 0.000 0.350
038000 0.278 0.372 0.000 0.350
038500 0.278 0.372 0.000 0.350
039000 0.278 0.372 0.000 0.350
039500 0.278 0.372 0.000 0.350
040000 0.278 0.372 0.000 0.350
040500 0.278 0.372 0.000 0.350
041000 0.278 0.372 0.000 0.350
041500 0.278 0.372 0.000 0.350
042000 0.278 0.372 0.000 0.350
042500 0.278 0.372 0.000 0.350
043000 0.278 0.372 0.000 0.350
043500 0.278 0.372 0.000 0.350
044000 0.278 0.372 0.000 0.350
044500 0.278 0.372 0.000 0.350
045000 0.278 0.372 0.000 0.350
045500 0.278 0.372 0.000 0.350
046000 0.278 0.372 0.000 0.350
046500 0.278 0.372 0.000 0.350
047000 0.278 0.372 0.000 0.350
047500 0.278 0.372 0.000 0.350
048000 0.278 0.372 0.000 0.350
048500 0.278 0.372 0.000 0.350
049000 0.278 0.372 0.000 0.350
049500 0.278 0.372 0.000 0.350
050000 0.278 0.372 0.000 0.350
050500 0.278 0.372 0.000 0.350
051000 0.278 0.372 0.000 0.350
051500 0.278 0.372 0.000 0.350
052000 0.278 0.372 0.000 0.350
052500 0.278 0.372 0.000 0.350
053000 0.278 0.372 0.000 0.350
053500 0.278 0.372 0.000 0.350
054000 0.278 0.372 0.000 0.350
054500 0.278 0.372 0.000 0.350
055000 0.278 0.372 0.000 0.350
055500 0.278 0.372 0.000 0.350
056000 0.278 0.372 0.000 0.350
056500 0.278 0.372 0.000 0.350
057000 0.278 0.372 0.000 0.350
057500 0.278 0.372 0.000 0.350
058000 0.278 0.372 0.000 0.350
058500 0.278 0.372 0.000 0.350
059000 0.278 0.372 0.000 0.350
059500 0.278 0.372 0.000 0.350
060000 0.278 0.372 0.000 0.350
060500 0.278 0.371 0.000 0.350
061000 0.278 0.371 0.000 0.350
061500 0.278 0.372 0.000 0.350
062000 0.278 0.372 0.000 0.350
062500 0.278 0.372 0.000 0.350
063000 0.278 0.371 0.000 0.350
063500 0.278 0.372 0.000 0.350
064000 0.278 0.372 0.000 0.350
064500 0.278 0.372 0.000 0.350
065000 0.278 0.372 0.000 0.350
065500 0.278 0.372 0.000 0.350
066000 0.278 0.372 0.000 0.350
066500 0.278 0.372 0.000 0.350
067000 0.278 0.372 0.000 0.350
067500 0.278 0.372 0.000 0.350
068000 0.278 0.372 0.000 0.350
068500 0.278 0.372 0.000 0.350
069000 0.278 0.372 0.000 0.350
069500 0.278 0.372 0.000 0.350
070000 0.278 0.372 0.000 0.350
070500 0.278 0.372 0.000 0.350
071000 0.278 0.372 0.000 0.350
071500 0.278 0.372 0.000 0.350
072000 0.278 0.371 0.000 0.350
072500 0.278 0.372 0.000 0.350
073000 0.278 0.372 0.000 0.350
073500 0.278 0.372 0.000 0.350
074000 0.278 0.372 0.000 0.350
074500 0.278 0.372 0.000 0.350
075000 0.278 0.373 0.000 0.349
075500 0.278 0.373 0.000 0.349
076000 0.278 0.373 0.000 0.349
076500 0.278 0.373 0.000 0.349
077000 0.278 0.373 0.000 0.349
077500 0.278 0.373 0.000 0.349
078000 0.278 0.373 0.000 0.349
078500 0.278 0.373 0.000 0.349
079000 0.278 0.373 0.000 0.349
079500 0.278 0.373 0.000 0.349
080000 0.278 0.373 0.000 0.349
080500 0.278 0.373 0.000 0.349
081000 0.278 0.373 0.000 0.349
081500 0.278 0.373 0.000 0.349
082000 0.278 0.373 0.000 0.349
082500 0.278 0.373 0.000 0.349
083000 0.278 0.373 0.000 0.349
083500 0.278 0.373 0.000 0.349
084000 0.278 0.373 0.000 0.349
084500 0.278 0.373 0.000 0.349
085000 0.278 0.373 0.000 0.349
085500 0.278 0.373 0.000 0.349
086000 0.278 0.373 0.000 0.349
086500 0.278 0.373 0.000 0.349
087000 0.278 0.373 0.000 0.349
087500 0.278 0.373 0.000 0.349
088000 0.278 0.373 0.000 0.349
088500 0.278 0.374 0.000 0.348
089000 0.278 0.374 0.000 0.348
089500 0.278 0.374 0.000 0.348
090000 0.278 0.374 0.000 0.348
090500 0.278 0.374 0.000 0.348
091000 0.278 0.374 0.000 0.348
091500 0.278 0.374 0.000 0.348
092000 0.278 0.374 0.000 0.348
092500 0.278 0.374 0.000 0.348
093000 0.278 0.374 0.000 0.348
093500 0.278 0.374 0.000 0.348
094000 0.278 0.374 0.000 0.348
094500 0.278 0.373 0.000 0.349
095000 0.278 0.373 0.000 0.349
095500 0.278 0.373 0.000 0.349
096000 0.278 0.373 0.000 0.349
096500 0.278 0.373 0.000 0.349
097000 0.278 0.373 0.000 0.349
097500 0.278 0.373 0.000 0.349
098000 0.278 0.373 0.000 0.349
098500 0.278 0.373 0.000 0.349
099000 0.278 0.373 0.000 0.349
099500 0.278 0.373 0.000 0.349
100000 0.278 0.373 0.000 0.349
100500 0.278 0.373 0.000 0.349
101000 0.278 0.373 0.000 0.349
101500 0.278 0.373 0.000 0.349
102000 0.278 0.373 0.000 0.349
102500 0.278 0.373 0.000 0.349
103000 0.278 0.373 0.000 0.349
103500 0.278 0.373 0.000 0.349
104000 0.278 0.373 0.000 0.349
104500 0.278 0.373 0.000 0.349
105000 0.278 0.373 0.000 0.349
105500 0.278 0.373 0.000 0.349
106000 0.278 0.373 0.000 0.349
106500 0.278 0.373 0.000 0.349
107000 0.278 0.373 0.000 0.349
107500 0.278 0.373 0.000 0.349
108000 0.278 0.373 0.000 0.349
108500 0.278 0.373 0.000 0.349
109000 0.278 0.373 0.000 0.349
109500 0.278 0.373 0.000 0.349
110000 0.278 0.373 0.000 0.349
110500 0.278 0.373 0.000 0.349
111000 0.278 0.373 0.000 0.349
111500 0.278 0.373 0.000 0.349
112000 0.278 0.373 0.000 0.349
112500 0.278 0.373 0.000 0.349
113000 0.278 0.373 0.000 0.349
113500 0.278 0.373 0.000 0.349
114000 0.278 0.373 0.000 0.349
114500 0.278 0.373 0.000 0.349
115000 0.278 0.374 0.000 0.348
115500 0.278 0.374 0.000 0.348
116000 0.278 0.374 0.000 0.348
116500 0.278 0.374 0.000 0.348
117000 0.278 0.374 0.000 0.348
117500 0.278 0.374 0.000 0.348
118000 0.278 0.374 0.000 0.348
118500 0.278 0.374 0.000 0.348
119000 0.278 0.374 0.000 0.348
119500 0.278 0.374 0.000 0.348
120000 0.278 0.374 0.000 0.348
120500 0.278 0.374 0.000 0.348
121000 0.278 0.374 0.000 0.348
121500 0.278 0.374 0.000 0.348
122000 0.278 0.374 0.000 0.348
122500 0.278 0.374 0.000 0.348
123000 0.278 0.374 0.000 0.348
123500 0.278 0.374 0.000 0.348
124000 0.278 0.374 0.000 0.348
124500 0.278 0.374 0.000 0.348
125000 0.278 0.374 0.000 0.348
125500 0.278 0.374 0.000 0.348
126000 0.278 0.374 0.000 0.348
126500 0.278 0.374 0.000 0.348
127000 0.278 0.374 0.000 0.348
127500 0.278 0.374 0.000 0.348
128000 0.278 0.374 0.000 0.348
128500 0.278 0.374 0.000 0.348
129000 0.278 0.374 0.000 0.348
129500 0.278 0.374 0.000 0.348
130000 0.278 0.374 0.000 0.348
130500 0.278 0.374 0.000 0.348
131000 0.278 0.374 0.000 0.348
131500 0.278 0.374 0.000 0.348
132000 0.278 0.374 0.000 0.348
132500 0.278 0.374 0.000 0.348
133000 0.278 0.374 0.000 0.348
133500 0.278 0.374 0.000 0.348
134000 0.278 0.374 0.000 0.348
134500 0.278 0.374 0.000 0.348
135000 0.278 0.374 0.000 0.348
135500 0.278 0.374 0.000 0.348
136000 0.278 0.374 0.000 0.348
136500 0.278 0.374 0.000 0.348
137000 0.278 0.374 0.000 0.348
137500 0.278 0.374 0.000 0.348
138000 0.278 0.374 0.000 0.348
138500 0.278 0.374 0.000 0.348
139000 0.278 0.374 0.000 0.348
139500 0.278 0.374 0.000 0.348
140000 0.278 0.374 0.000 0.348
140500 0.278 0.374 0.000 0.348
141000 0.278 0.374 0.000 0.348
141500 0.278 0.374 0.000 0.348
142000 0.278 0.374 0.000 0.348
142500 0.278 0.374 0.000 0.348
143000 0.278 0.374 0.000 0.348
143500 0.278 0.374 0.000 0.348
144000 0.278 0.374 0.000 0.348
144500 0.278 0.374 0.000 0.348
145000 0.278 0.374 0.000 0.348
145500 0.278 0.374 0.000 0.348
146000 0.278 0.374 0.000 0.348
146500 0.278 0.374 0.000 0.348
147000 0.278 0.374 0.000 0.348
147500 0.278 0.374 0.000 0.348
148000 0.278 0.374 0.000 0.348
148500 0.278 0.374 0.000 0.348
149000 0.278 0.373 0.000 0.349
149500 0.278 0.373 0.000 0.349
150000 0.278 0.373 0.000 0.349
150500 0.278 0.373 0.000 0.349
151000 0.278 0.373 0.000 0.349
151500 0.278 0.373 0.000 0.349
152000 0.278 0.373 0.000 0.349
152500 0.278 0.373 0.000 0.349
153000 0.278 0.373 0.000 0.349
153500 0.278 0.373 0.000 0.349
154000 0.278 0.373 0.000 0.349
154500 0.278 0.373 0.000 0.349
155000 0.278 0.373 0.000 0.349
155500 0.278 0.373 0.000 0.349
156000 0.278 0.373 0.000 0.349
156500 0.278 0.373 0.000 0.349
157000 0.278 0.373 0.000 0.349
157500 0.278 0.373 0.000 0.349
158000 0.278 0.373 0.000 0.349
158500 0.278 0.373 0.000 0.349
159000 0.278 0.373 0.000 0.349
159500 0.278 0.373 0.000 0.349
160000 0.278 0.373 0.000 0.349
160500 0.278 0.373 0.000 0.349
161000 0.278 0.373 0.000 0.349
161500 0.278 0.373 0.000 0.349
162000 0.278 0.373 0.000 0.349
162500 0.278 0.373 0.000 0.349
163000 0.278 0.373 0.000 0.349
163500 0.278 0.373 0.000 0.349
164000 0.278 0.373 0.000 0.349
164500 0.278 0.373 0.000 0.349
165000 0.278 0.373 0.000 0.349
165500 0.278 0.373 0.000 0.349
166000 0.278 0.373 0.000 0.349
166500 0.278 0.373 0.000 0.349
167000 0.278 0.373 0.000 0.349
167500 0.278 0.373 0.000 0.349
168000 0.278 0.373 0.000 0.349
168500 0.278 0.373 0.000 0.349
169000 0.278 0.373 0.000 0.349
169500 0.278 0.373 0.000 0.349
170000 0.278 0.373 0.000 0.349
170500 0.278 0.373 0.000 0.349
171000 0.278 0.373 0.000 0.349
171500 0.278 0.373 0.000 0.349
172000 0.278 0.373 0.000 0.349
172500 0.278 0.373 0.000 0.349
173000 0.278 0.373 0.000 0.349
173500 0.278 0.373 0.000 0.349
174000 0.278 0.373 0.000 0.349
174500 0.278 0.373 0.000 0.349
175000 0.278 0.373 0.000 0.349
175500 0.278 0.373 0.000 0.349
176000 0.278 0.373 0.000 0.349
176500 0.278 0.373 0.000 0.349
177000 0.278 0.373 0.000 0.349
177500 0.278 0.373 0.000 0.349
178000 0.278 0.373 0.000 0.349
178500 0.278 0.373 0.000 0.349
179000 0.278 0.373 0.000 0.349
179500 0.278 0.373 0.000 0.349
180000 0.278 0.373 0.000 0.349
180500 0.278 0.373 0.000 0.349
181000 0.278 0.373 0.000 0.349
181500 0.278 0.373 0.000 0.349
182000 0.278 0.373 0.000 0.349
182500 0.278 0.373 0.000 0.349
183000 0.278 0.373 0.000 0.349
183500 0.278 0.373 0.000 0.349
184000 0.278 0.373 0.000 0.349
184500 0.278 0.373 0.000 0.349
185000 0.278 0.373 0.000 0.349
185500 0.278 0.373 0.000 0.349
186000 0.278 0.373 0.000 0.349
186500 0.278 0.373 0.000 0.349
187000 0.278 0.373 0.000 0.349
187500 0.278 0.373 0.000 0.349
188000 0.278 0.373 0.000 0.349
188500 0.278 0.373 0.000 0.349
189000 0.278 0.373 0.000 0.349
189500 0.278 0.373 0.000 0.349
190000 0.278 0.373 0.000 0.349
190500 0.278 0.373 0.000 0.349
191000 0.278 0.373 0.000 0.349
191500 0.278 0.373 0.000 0.349
192000 0.278 0.373 0.000 0.349
192500 0.278 0.373 0.000 0.349
193000 0.278 0.373 0.000 0.349
193500 0.278 0.373 0.000 0.349
194000 0.278 0.373 0.000 0.349
194500 0.278 0.373 0.000 0.349
195000 0.278 0.373 0.000 0.349
195500 0.278 0.373 0.000 0.349
196000 0.278 0.373 0.000 0.349
196500 0.278 0.373 0.000 0.349
197000 0.278 0.373 0.000 0.349
197500 0.278 0.373 0.000 0.349
198000 0.278 0.373 0.000 0.349
198500 0.278 0.373 0.000 0.349
199000 0.278 0.373 0.000 0.349
199500 0.278 0.373 0.000 0.349
200000 0.278 0.373 0.000 0.349
200500 0.278 0.373 0.000 0.349
201000 0.278 0.373 0.000 0.349
201500 0.278 0.373 0.000 0.349
202000 0.278 0.373 0.000 0.349
202500 0.278 0.373 0.000 0.349
203000 0.278 0.373 0.000 0.349
203500 0.278 0.373 0.000 0.349
204000 0.278 0.373 0.000 0.349
204500 0.278 0.373 0.000 0.349
205000 0.278 0.373 0.000 0.349
205500 0.278 0.373 0.000 0.349
206000 0.278 0.373 0.000 0.349
206500 0.278 0.373 0.000 0.349
207000 0.278 0.373 0.000 0.349
207500 0.278 0.373 0.000 0.349
208000 0.278 0.373 0.000 0.349
208500 0.278 0.373 0.000 0.349
209000 0.278 0.373 0.000 0.349
209500 0.278 0.373 0.000 0.349
210000 0.278 0.373 0.000 0.349
210500 0.278 0.373 0.000 0.349
211000 0.278 0.373 0.000 0.349
211500 0.278 0.373 0.000 0.349
212000 0.278 0.373 0.000 0.349
212500 0.278 0.373 0.000 0.349
213000 0.278 0.373 0.000 0.349
213500 0.278 0.373 0.000 0.349
214000 0.278 0.373 0.000 0.349
214500 0.278 0.373 0.000 0.349
215000 0.278 0.373 0.000 0.349
215500 0.278 0.373 0.000 0.349
216000 0.278 0.373 0.000 0.349
216500 0.278 0.373 0.000 0.349
217000 0.278 0.373 0.000 0.349
217500 0.278 0.373 0.000 0.349
218000 0.278 0.373 0.000 0.349
218500 0.278 0.373 0.000 0.349
219000 0.278 0.373 0.000 0.349
219500 0.278 0.373 0.000 0.349
220000 0.278 0.373 0.000 0.349
220500 0.278 0.373 0.000 0.349
221000 0.278 0.373 0.000 0.349
221500 0.278 0.373 0.000 0.349
222000 0.278 0.373 0.000 0.349
222500 0.278 0.373 0.000 0.349
223000 0.278 0.373 0.000 0.349
223500 0.278 0.373 0.000 0.349
224000 0.278 0.374 0.000 0.348
224500 0.278 0.374 0.000 0.348
225000 0.278 0.374 0.000 0.348
225500 0.278 0.374 0.000 0.348
226000 0.278 0.374 0.000 0.348
226500 0.278 0.374 0.000 0.348
227000 0.278 0.374 0.000 0.348
227500 0.278 0.374 0.000 0.348
228000 0.278 0.374 0.000 0.348
228500 0.278 0.374 0.000 0.348
229000 0.278 0.374 0.000 0.348
229500 0.278 0.374 0.000 0.348
230000 0.278 0.374 0.000 0.348
230500 0.278 0.374 0.000 0.348
231000 0.278 0.374 0.000 0.348
231500 0.278 0.374 0.000 0.348
232000 0.278 0.374 0.000 0.348
232500 0.278 0.374 0.000 0.348
233000 0.278 0.374 0.000 0.348
233500 0.278 0.374 0.000 0.348
234000 0.278 0.374 0.000 0.348
234500 0.278 0.374 0.000 0.348
235000 0.278 0.374 0.000 0.348
235500 0.278 0.374 0.000 0.348
236000 0.278 0.374 0.000 0.348
236500 0.278 0.374 0.000 0.348
237000 0.278 0.374 0.000 0.348
237500 0.278 0.374 0.000 0.348
238000 0.278 0.374 0.000 0.348
238500 0.278 0.374 0.000 0.348
239000 0.278 0.374 0.000 0.348
239500 0.278 0.374 0.000 0.348
240000 0.278 0.374 0.000 0.348
240500 0.278 0.374 0.000 0.348
241000 0.278 0.374 0.000 0.348
241500 0.278 0.374 0.000 0.348
242000 0.278 0.374 0.000 0.348
242500 0.278 0.374 0.000 0.348
243000 0.278 0.374 0.000 0.348
243500 0.278 0.374 0.000 0.348
244000 0.278 0.374 0.000 0.348
244500 0.278 0.374 0.000 0.348
245000 0.278 0.374 0.000 0.348
245500 0.278 0.374 0.000 0.348
246000 0.278 0.374 0.000 0.348
246500 0.278 0.374 0.000 0.348
247000 0.278 0.374 0.000 0.348
247500 0.278 0.374 0.000 0.348
248000 0.278 0.374 0.000 0.348
248500 0.278 0.374 0.000 0.348
249000 0.278 0.374 0.000 0.348
249500 0.278 0.374 0.000 0.348
250000 0.278 0.374 0.000 0.348
250500 0.278 0.374 0.000 0.348
251000 0.278 0.374 0.000 0.348
251500 0.278 0.374 0.000 0.348
252000 0.278 0.374 0.000 0.348
252500 0.278 0.374 0.000 0.348
253000 0.278 0.374 0.000 0.348
253500 0.278 0.374 0.000 0.348
254000 0.278 0.374 0.000 0.348
254500 0.278 0.374 0.000 0.348
255000 0.278 0.374 0.000 0.348
255500 0.278 0.374 0.000 0.348
256000 0.278 0.374 0.000 0.348
256500 0.278 0.374 0.000 0.348
257000 0.278 0.374 0.000 0.348
257500 0.278 0.374 0.000 0.348
258000 0.278 0.374 0.000 0.348
258500 0.278 0.374 0.000 0.348
259000 0.278 0.374 0.000 0.348
259500 0.278 0.374 0.000 0.348
260000 0.278 0.374 0.000 0.348
260500 0.278 0.374 0.000 0.348
261000 0.278 0.374 0.000 0.348
261500 0.278 0.374 0.000 0.348
262000 0.278 0.374 0.000 0.348
262500 0.278 0.374 0.000 0.348
263000 0.278 0.374 0.000 0.348
263500 0.278 0.374 0.000 0.348
264000 0.278 0.374 0.000 0.348
264500 0.278 0.374 0.000 0.348
265000 0.278 0.374 0.000 0.348
265500 0.278 0.374 0.000 0.348
266000 0.278 0.374 0.000 0.348
266500 0.278 0.374 0.000 0.348
267000 0.278 0.374 0.000 0.348
267500 0.278 0.374 0.000 0.348
268000 0.278 0.374 0.000 0.348
268500 0.278 0.374 0.000 0.348
269000 0.278 0.374 0.000 0.348
269500 0.278 0.374 0.000 0.348
270000 0.278 0.374 0.000 0.348
270500 0.278 0.374 0.000 0.348
271000 0.278 0.374 0.000 0.348
271500 0.278 0.374 0.000 0.348
272000 0.278 0.374 0.000 0.348
272500 0.278 0.374 0.000 0.348
273000 0.278 0.374 0.000 0.348
273500 0.278 0.374 0.000 0.348
274000 0.278 0.374 0.000 0.348
274500 0.278 0.374 0.000 0.348
275000 0.278 0.374 0.000 0.348
275500 0.278 0.374 0.000 0.348
276000 0.278 0.374 0.000 0.348
276500 0.278 0.374 0.000 0.348
277000 0.278 0.374 0.000 0.348
277500 0.278 0.374 0.000 0.348
278000 0.278 0.374 0.000 0.348
278500 0.278 0.374 0.000 0.348
279000 0.278 0.374 0.000 0.348
279500 0.278 0.374 0.000 0.348
280000 0.278 0.374 0.000 0.348
280500 0.278 0.374 0.000 0.348
281000 0.278 0.374 0.000 0.348
281500 0.278 0.374 0.000 0.348
282000 0.278 0.374 0.000 0.348
282500 0.278 0.374 0.000 0.348
283000 0.278 0.374 0.000 0.348
283500 0.278 0.374 0.000 0.348
284000 0.278 0.374 0.000 0.348
284500 0.278 0.374 0.000 0.348
285000 0.278 0.374 0.000 0.348
285500 0.278 0.374 0.000 0.348
286000 0.278 0.374 0.000 0.348
286500 0.278 0.374 0.000 0.348
287000 0.278 0.374 0.000 0.348
287500 0.278 0.374 0.000 0.348
288000 0.278 0.374 0.000 0.348
288500 0.278 0.374 0.000 0.348
289000 0.278 0.374 0.000 0.348
289500 0.278 0.374 0.000 0.348
290000 0.278 0.374 0.000 0.348
290500 0.278 0.374 0.000 0.348
291000 0.278 0.374 0.000 0.348
291500 0.278 0.374 0.000 0.348
292000 0.278 0.374 0.000 0.348
292500 0.278 0.374 0.000 0.348
293000 0.278 0.374 0.000 0.348
293500 0.278 0.374 0.000 0.348
294000 0.278 0.374 0.000 0.348
294500 0.278 0.374 0.000 0.348
295000 0.278 0.374 0.000 0.348
295500 0.278 0.374 0.000 0.348
296000 0.278 0.374 0.000 0.348
296500 0.278 0.374 0.000 0.348
297000 0.278 0.374 0.000 0.348
297500 0.278 0.374 0.000 0.348
298000 0.278 0.374 0.000 0.348
298500 0.278 0.374 0.000 0.348
299000 0.278 0.374 0.000 0.348
299500 0.278 0.374 0.000 0.348
300000 0.278 0.374 0.000 0.348
300500 0.278 0.374 0.000 0.348
301000 0.278 0.374 0.000 0.348
301500 0.278 0.374 0.000 0.348
302000 0.278 0.374 0.000 0.348
302500 0.278 0.374 0.000 0.348
303000 0.278 0.374 0.000 0.348
303500 0.278 0.374 0.000 0.348
304000 0.278 0.374 0.000 0.348
304500 0.278 0.374 0.000 0.348
305000 0.278 0.374 0.000 0.348
305500 0.278 0.374 0.000 0.348
306000 0.278 0.374 0.000 0.348
306500 0.278 0.374 0.000 0.348
307000 0.278 0.374 0.000 0.348
307500 0.278 0.374 0.000 0.348
308000 0.278 0.374 0.000 0.348
308500 0.278 0.374 0.000 0.348
309000 0.278 0.374 0.000 0.348
309500 0.278 0.374 0.000 0.348
310000 0.278 0.374 0.000 0.348
310500 0.278 0.374 0.000 0.348
311000 0.278 0.374 0.000 0.348
311500 0.278 0.374 0.000 0.348
312000 0.278 0.374 0.000 0.348
312500 0.278 0.374 0.000 0.348
313000 0.278 0.374 0.000 0.348
313500 0.278 0.374 0.000 0.348
314000 0.278 0.374 0.000 0.348
314500 0.278 0.374 0.000 0.348
315000 0.278 0.374 0.000 0.348
315500 0.278 0.374 0.000 0.348
316000 0.278 0.374 0.000 0.348
316500 0.278 0.374 0.000 0.348
317000 0.278 0.374 0.000 0.348
317500 0.278 0.374 0.000 0.348
318000 0.278 0.374 0.000 0.348
318500 0.278 0.374 0.000 0.348
319000 0.278 0.374 0.000 0.348
319500 0.278 0.374 0.000 0.348
320000 0.278 0.374 0.000 0.348
320500 0.278 0.374 0.000 0.348
321000 0.278 0.374 0.000 0.348
321500 0.278 0.374 0.000 0.348
322000 0.278 0.374 0.000 0.348
322500 0.278 0.374 0.000 0.348
323000 0.278 0.374 0.000 0.348
323500 0.278 0.374 0.000 0.348
324000 0.278 0.374 0.000 0.348
324500 0.278 0.374 0.000 0.348
325000 0.278 0.374 0.000 0.348
325500 0.278 0.374 0.000 0.348
326000 0.278 0.374 0.000 0.348
326500 0.278 0.374 0.000 0.348
327000 0.278 0.374 0.000 0.348
327500 0.278 0.374 0.000 0.348
328000 0.278 0.374 0.000 0.348
328500 0.278 0.374 0.000 0.348
329000 0.278 0.374 0.000 0.348
329500 0.278 0.374 0.000 0.348
330000 0.278 0.374 0.000 0.348
330500 0.278 0.374 0.000 0.348
331000 0.278 0.374 0.000 0.348
331500 0.278 0.374 0.000 0.348
332000 0.278 0.374 0.000 0.348
332500 0.278 0.374 0.000 0.348
333000 0.278 0.374 0.000 0.348
333500 0.278 0.374 0.000 0.348
334000 0.278 0.374 0.000 0.348
334500 0.278 0.374 0.000 0.348
335000 0.278 0.374 0.000 0.348
335500 0.278 0.374 0.000 0.348
336000 0.278 0.374 0.000 0.348
336500 0.278 0.374 0.000 0.348
337000 0.278 0.374 0.000 0.348
337500 0.278 0.374 0.000 0.348
338000 0.278 0.374 0.000 0.348
338500 0.278 0.374 0.000 0.348
339000 0.278 0.374 0.000 0.348
339500 0.278 0.374 0.000 0.348
340000 0.278 0.374 0.000 0.348
340500 0.278 0.374 0.000 0.348
341000 0.278 0.374 0.000 0.348
341500 0.278 0.374 0.000 0.348
342000 0.278 0.374 0.000 0.348
342500 0.278 0.374 0.000 0.348
343000 0.278 0.374 0.000 0.348
343500 0.278 0.374 0.000 0.348
344000 0.278 0.374 0.000 0.348
344500 0.278 0.374 0.000 0.348
345000 0.278 0.374 0.000 0.348
345500 0.278 0.374 0.000 0.348
346000 0.278 0.374 0.000 0.348
346500 0.278 0.374 0.000 0.348
347000 0.278 0.374 0.000 0.348
347500 0.278 0.374 0.000 0.348
348000 0.278 0.374 0.000 0.348
348500 0.278 0.374 0.000 0.348
349000 0.278 0.374 0.000 0.348
349500 0.278 0.374 0.000 0.348
350000 0.278 0.374 0.000 0.348
350500 0.278 0.374 0.000 0.348
351000 0.278 0.374 0.000 0.348
351500 0.278 0.374 0.000 0.348
352000 0.278 0.374 0.000 0.348
352500 0.278 0.374 0.000 0.348
353000 0.278 0.374 0.000 0.348
353500 0.278 0.374 0.000 0.348
354000 0.278 0.374 0.000 0.348
354500 0.278 0.374 0.000 0.348
355000 0.278 0.374 0.000 0.348
355500 0.278 0.374 0.000 0.348
356000 0.278 0.374 0.000 0.348
356500 0.278 0.374 0.000 0.348
357000 0.278 0.374 0.000 0.348
357500 0.278 0.374 0.000 0.348
358000 0.278 0.374 0.000 0.348
358500 0.278 0.374 0.000 0.348
359000 0.278 0.374 0.000 0.348
359500 0.278 0.374 0.000 0.348
360000 0.278 0.374 0.000 0.348
360500 0.278 0.374 0.000 0.348
361000 0.278 0.374 0.000 0.348
361500 0.278 0.374 0.000 0.348
362000 0.278 0.374 0.000 0.348
362500 0.278 0.374 0.000 0.348
363000 0.278 0.374 0.000 0.348
363500 0.278 0.374 0.000 0.348
364000 0.278 0.374 0.000 0.348
364500 0.278 0.374 0.000 0.348
365000 0.278 0.374 0.000 0.348
365500 0.278 0.374 0.000 0.348
366000 0.278 0.374 0.000 0.348
366500 0.278 0.374 0.000 0.348
367000 0.278 0.374 0.000 0.348
367500 0.278 0.374 0.000 0.348
368000 0.278 0.374 0.000 0.348
368500 0.278 0.374 0.000 0.348
369000 0.278 0.374 0.000 0.348
369500 0.278 0.374 0.000 0.348
370000 0.278 0.374 0.000 0.348
370500 0.278 0.374 0.000 0.348
371000 0.278 0.374 0.000 0.348
371500 0.278 0.374 0.000 0.348
372000 0.278 0.374 0.000 0.348
372500 0.278 0.374 0.000 0.348
373000 0.278 0.374 0.000 0.348
373500 0.278 0.374 0.000 0.348
374000 0.278 0.374 0.000 0.348
374500 0.278 0.374 0.000 0.348
375000 0.278 0.374 0.000 0.348
375500 0.278 0.374 0.000 0.348
376000 0.278 0.374 0.000 0.348
376500 0.278 0.374 0.000 0.348
377000 0.278 0.374 0.000 0.348
377500 0.278 0.374 0.000 0.348
378000 0.278 0.374 0.000 0.348
378500 0.278 0.374 0.000 0.348
379000 0.278 0.374 0.000 0.348
379500 0.278 0.374 0.000 0.348
380000 0.278 0.374 0.000 0.348
380500 0.278 0.374 0.000 0.348
381000 0.278 0.374 0.000 0.348
381500 0.278 0.374 0.000 0.348
382000 0.278 0.374 0.000 0.348
382500 0.278 0.374 0.000 0.348
383000 0.278 0.374 0.000 0.348
383500 0.278 0.374 0.000 0.348
384000 0.278 0.374 0.000 0.348
384500 0.278 0.374 0.000 0.348
385000 0.278 0.374 0.000 0.348
385500 0.278 0.374 0.000 0.348
386000 0.278 0.374 0.000 0.348
386500 0.278 0.374 0.000 0.348
387000 0.278 0.374 0.000 0.348
387500 0.278 0.374 0.000 0.348
388000 0.278 0.374 0.000 0.348
388500 0.278 0.374 0.000 0.348
389000 0.278 0.374 0.000 0.348
389500 0.278 0.374 0.000 0.348
390000 0.278 0.374 0.000 0.348
390500 0.278 0.374 0.000 0.348
391000 0.278 0.374 0.000 0.348
391500 0.278 0.374 0.000 0.348
392000 0.278 0.374 0.000 0.348
392500 0.278 0.374 0.000 0.348
393000 0.278 0.374 0.000 0.348
393500 0.278 0.374 0.000 0.348
394000 0.278 0.374 0.000 0.348
394500 0.278 0.374 0.000 0.348
395000 0.278 0.374 0.000 0.348
395500 0.278 0.374 0.000 0.348
396000 0.278 0.374 0.000 0.348
396500 0.278 0.374 0.000 0.348
397000 0.278 0.374 0.000 0.348
397500 0.278 0.374 0.000 0.348
398000 0.278 0.374 0.000 0.348
398500 0.278 0.374 0.000 0.348
399000 0.278 0.374 0.000 0.348
399500 0.278 0.374 0.000 0.348
400000 0.278 0.374 0.000 0.348
400500 0.278 0.374 0.000 0.348
401000 0.278 0.374 0.000 0.348
401500 0.278 0.374 0.000 0.348
402000 0.278 0.374 0.000 0.348
402500 0.278 0.374 0.000 0.348
403000 0.278 0.374 0.000 0.348
403500 0.278 0.374 0.000 0.348
404000 0.278 0.374 0.000 0.348
404500 0.278 0.374 0.000 0.348
405000 0.278 0.374 0.000 0.348
405500 0.278 0.374 0.000 0.348
406000 0.278 0.374 0.000 0.348
406500 0.278 0.374 0.000 0.348
407000 0.278 0.374 0.000 0.348
407500 0.278 0.374 0.000 0.348
408000 0.278 0.374 0.000 0.348
408500 0.278 0.374 0.000 0.348
409000 0.278 0.374 0.000 0.348
409500 0.278 0.374 0.000 0.348
410000 0.278 0.374 0.000 0.348
410500 0.278 0.374 0.000 0.348
411000 0.278 0.374 0.000 0.348
411500 0.278 0.374 0.000 0.348
412000 0.278 0.374 0.000 0.348
412500 0.278 0.374 0.000 0.348
413000 0.278 0.374 0.000 0.348
413500 0.278 0.374 0.000 0.348
414000 0.278 0.374 0.000 0.348
414500 0.278 0.374 0.000 0.348
415000 0.278 0.374 0.000 0.348
415500 0.278 0.374 0.000 0.348
416000 0.278 0.374 0.000 0.348
416500 0.278 0.374 0.000 0.348
417000 0.278 0.374 0.000 0.348
417500 0.278 0.374 0.000 0.348
418000 0.278 0.374 0.000 0.348
418500 0.278 0.374 0.000 0.348
419000 0.278 0.374 0.000 0.348
419500 0.278 0.374 0.000 0.348
420000 0.278 0.374 0.000 0.348
420500 0.278 0.374 0.000 0.348
421000 0.278 0.374 0.000 0.348
421500 0.278 0.374 0.000 0.348
422000 0.278 0.374 0.000 0.348
422500 0.278 0.374 0.000 0.348
423000 0.278 0.374 0.000 0.348
423500 0.278 0.374 0.000 0.348
424000 0.278 0.374 0.000 0.348
424500 0.278 0.374 0.000 0.348
425000 0.278 0.374 0.000 0.348
425500 0.278 0.374 0.000 0.348
426000 0.278 0.374 0.000 0.348
426500 0.278 0.374 0.000 0.348
427000 0.278 0.374 0.000 0.348
427500 0.278 0.374 0.000 0.348
428000 0.278 0.374 0.000 0.348
428500 0.278 0.374 0.000 0.348
429000 0.278 0.374 0.000 0.348
429500 0.278 0.374 0.000 0.348
430000 0.278 0.374 0.000 0.348
430500 0.278 0.374 0.000 0.348
431000 0.278 0.374 0.000 0.348
431500 0.278 0.374 0.000 0.348
432000 0.278 0.374 0.000 0.348
432500 0.278 0.374 0.000 0.348
433000 0.278 0.374 0.000 0.348
433500 0.278 0.374 0.000 0.348
434000 0.278 0.374 0.000 0.348
434500 0.278 0.374 0.000 0.348
435000 0.278 0.374 0.000 0.348
435500 0.278 0.374 0.000 0.348
436000 0.278 0.374 0.000 0.348
436500 0.278 0.374 0.000 0.348
437000 0.278 0.374 0.000 0.348
437500 0.278 0.374 0.000 0.348
438000 0.278 0.374 0.000 0.348
438500 0.278 0.374 0.000 0.348
439000 0.278 0.374 0.000 0.348
439500 0.278 0.374 0.000 0.348
440000 0.278 0.374 0.000 0.348
440500 0.278 0.374 0.000 0.348
441000 0.278 0.374 0.000 0.348
441500 0.278 0.374 0.000 0.348
442000 0.278 0.374 0.000 0.348
442500 0.278 0.374 0.000 0.348
443000 0.278 0.374 0.000 0.348
443500 0.278 0.374 0.000 0.348
444000 0.278 0.374 0.000 0.348
444500 0.278 0.374 0.000 0.348
445000 0.278 0.374 0.000 0.348
445500 0.278 0.374 0.000 0.348
446000 0.278 0.374 0.000 0.348
446500 0.278 0.374 0.000 0.348
447000 0.278 0.374 0.000 0.348
447500 0.278 0.374 0.000 0.348
448000 0.278 0.374 0.000 0.348
448500 0.278 0.374 0.000 0.348
449000 0.278 0.374 0.000 0.348
449500 0.278 0.374 0.000 0.348
450000 0.278 0.374 0.000 0.348
450500 0.278 0.374 0.000 0.348
451000 0.278 0.374 0.000 0.348
451500 0.278 0.374 0.000 0.348
452000 0.278 0.374 0.000 0.348
452500 0.278 0.374 0.000 0.348
453000 0.278 0.374 0.000 0.348
453500 0.278 0.374 0.000 0.348
454000 0.278 0.374 0.000 0.348
454500 0.278 0.374 0.000 0.348
455000 0.278 0.374 0.000 0.348
455500 0.278 0.374 0.000 0.348
456000 0.278 0.374 0.000 0.348
456500 0.278 0.374 0.000 0.348
457000 0.278 0.374 0.000 0.348
457500 0.278 0.374 0.000 0.348
458000 0.278 0.374 0.000 0.348
458500 0.278 0.374 0.000 0.348
459000 0.278 0.374 0.000 0.348
459500 0.278 0.374 0.000 0.348
460000 0.278 0.374 0.000 0.348
460500 0.278 0.374 0.000 0.348
461000 0.278 0.374 0.000 0.348
461500 0.278 0.374 0.000 0.348
462000 0.278 0.374 0.000 0.348
462500 0.278 0.374 0.000 0.348
463000 0.278 0.374 0.000 0.348
463500 0.278 0.374 0.000 0.348
464000 0.278 0.374 0.000 0.348
464500 0.278 0.374 0.000 0.348
465000 0.278 0.374 0.000 0.348
465500 0.278 0.374 0.000 0.348
466000 0.278 0.374 0.000 0.348
466500 0.278 0.374 0.000 0.348
467000 0.278 0.374 0.000 0.348
467500 0.278 0.374 0.000 0.348
468000 0.278 0.374 0.000 0.348
468500 0.278 0.374 0.000 0.348
469000 0.278 0.374 0.000 0.348
469500 0.278 0.374 0.000 0.348
470000 0.278 0.374 0.000 0.348
470500 0.278 0.374 0.000 0.348
471000 0.278 0.374 0.000 0.348
471500 0.278 0.374 0.000 0.348
472000 0.278 0.374 0.000 0.348
472500 0.278 0.374 0.000 0.348
473000 0.278 0.374 0.000 0.348
473500 0.278 0.374 0.000 0.348
474000 0.278 0.374 0.000 0.348
474500 0.278 0.374 0.000 0.348
475000 0.278 0.374 0.000 0.348
475500 0.278 0.374 0.000 0.348
476000 0.278 0.374 0.000 0.348
476500 0.278 0.374 0.000 0.348
477000 0.278 0.374 0.000 0.348
477500 0.278 0.374 0.000 0.348
478000 0.278 0.374 0.000 0.348
478500 0.278 0.374 0.000 0.348
479000 0.278 0.374 0.000 0.348
479500 0.278 0.374 0.000 0.348
480000 0.278 0.374 0.000 0.348
480500 0.278 0.374 0.000 0.348
481000 0.278 0.374 0.000 0.348
481500 0.278 0.374 0.000 0.348
482000 0.278 0.374 0.000 0.348
482500 0.278 0.374 0.000 0.348
483000 0.278 0.374 0.000 0.348
483500 0.278 0.374 0.000 0.348
484000 0.278 0.374 0.000 0.348
484500 0.278 0.374 0.000 0.348
485000 0.278 0.374 0.000 0.348
485500 0.278 0.374 0.000 0.348
486000 0.278 0.374 0.000 0.348
486500 0.278 0.374 0.000 0.348
487000 0.278 0.374 0.000 0.348
487500 0.278 0.374 0.000 0.348
488000 0.278 0.374 0.000 0.348
488500 0.278 0.374 0.000 0.348
489000 0.278 0.374 0.000 0.348
489500 0.278 0.374 0.000 0.348
490000 0.278 0.374 0.000 0.348
490500 0.278 0.374 0.000 0.348
491000 0.278 0.374 0.000 0.348
491500 0.278 0.374 0.000 0.348
492000 0.278 0.374 0.000 0.348
492500 0.278 0.374 0.000 0.348
493000 0.278 0.374 0.000 0.348
493500 0.278 0.374 0.000 0.348
494000 0.278 0.374 0.000 0.348
494500 0.278 0.374 0.000 0.348
495000 0.278 0.374 0.000 0.348
495500 0.278 0.374 0.000 0.348
496000 0.278 0.374 0.000 0.348
496500 0.278 0.374 0.000 0.348
497000 0.278 0.374 0.000 0.348
497500 0.278 0.374 0.000 0.348
498000 0.278 0.374 0.000 0.348
498500 0.278 0.374 0.000 0.348
499000 0.278 0.374 0.000 0.348
499500 0.278 0.374 0.000 0.348
500000 0.278 0.374 0.000 0.348
