000000 0.250 0.250 0.250 0.250
000500 0.067 0.581 0.000 0.352
001000 0.058 0.600 0.000 0.341
001500 0.054 0.614 0.000 0.332
002000 0.051 0.624 0.000 0.325
002500 0.050 0.634 0.000 0.316
003000 0.049 0.641 0.000 0.310
003500 0.048 0.645 0.000 0.307
004000 0.049 0.649 0.000 0.302
004500 0.048 0.656 0.000 0.295
005000 0.046 0.661 0.000 0.293
005500 0.047 0.663 0.000 0.290
006000 0.045 0.669 0.000 0.286
006500 0.046 0.675 0.000 0.279
007000 0.044 0.681 0.000 0.274
007500 0.045 0.685 0.000 0.269
008000 0.046 0.687 0.000 0.268
008500 0.045 0.690 0.000 0.265
009000 0.045 0.692 0.000 0.263
009500 0.043 0.697 0.000 0.260
010000 0.043 0.699 0.000 0.258
010500 0.044 0.700 0.000 0.256
011000 0.043 0.702 0.000 0.255
011500 0.043 0.704 0.000 0.253
012000 0.042 0.707 0.000 0.251
012500 0.043 0.706 0.000 0.251
013000 0.043 0.708 0.000 0.249
013500 0.042 0.710 0.000 0.247
014000 0.043 0.712 0.000 0.246
014500 0.043 0.712 0.000 0.245
015000 0.043 0.714 0.000 0.243
015500 0.042 0.715 0.000 0.243
016000 0.042 0.717 0.000 0.241
016500 0.043 0.717 0.000 0.240
017000 0.043 0.718 0.000 0.239
017500 0.043 0.719 0.000 0.238
018000 0.043 0.720 0.000 0.238
018500 0.043 0.720 0.000 0.238
019000 0.042 0.722 0.000 0.236
019500 0.043 0.721 0.000 0.236
020000 0.042 0.723 0.000 0.235
020500 0.042 0.724 0.000 0.234
021000 0.042 0.725 0.000 0.233
021500 0.042 0.726 0.000 0.232
022000 0.041 0.727 0.000 0.232
022500 0.042 0.726 0.000 0.232
023000 0.041 0.727 0.000 0.231
023500 0.041 0.727 0.000 0.231
024000 0.042 0.728 0.000 0.230
024500 0.042 0.728 0.000 0.230
025000 0.042 0.730 0.000 0.228
025500 0.042 0.730 0.000 0.228
026000 0.042 0.731 0.000 0.227
026500 0.042 0.733 0.000 0.225
027000 0.042 0.734 0.000 0.224
027500 0.042 0.733 0.000 0.224
028000 0.042 0.734 0.000 0.224
028500 0.042 0.734 0.000 0.224
029000 0.042 0.734 0.000 0.224
029500 0.042 0.734 0.000 0.224
030000 0.042 0.734 0.000 0.224
030500 0.042 0.734 0.000 0.224
031000 0.042 0.734 0.000 0.224
031500 0.042 0.734 0.000 0.224
032000 0.042 0.734 0.000 0.224
032500 0.042 0.734 0.000 0.224
033000 0.042 0.734 0.000 0.224
033500 0.042 0.734 0.000 0.224
034000 0.042 0.734 0.000 0.224
034500 0.042 0.734 0.000 0.224
035000 0.042 0.734 0.000 0.224
035500 0.042 0.734 0.000 0.224
036000 0.042 0.734 0.000 0.224
036500 0.042 0.734 0.000 0.224
037000 0.042 0.734 0.000 0.224
037500 0.042 0.734 0.000 0.224
038000 0.042 0.734 0.000 0.224
038500 0.042 0.734 0.000 0.224
039000 0.042 0.734 0.000 0.224
039500 0.042 0.734 0.000 0.224
040000 0.042 0.734 0.000 0.224
040500 0.042 0.734 0.000 0.224
041000 0.042 0.734 0.000 0.224
041500 0.042 0.734 0.000 0.224
042000 0.042 0.734 0.000 0.224
042500 0.042 0.734 0.000 0.224
043000 0.042 0.734 0.000 0.224
043500 0.042 0.734 0.000 0.224
044000 0.042 0.734 0.000 0.224
044500 0.042 0.734 0.000 0.224
045000 0.042 0.734 0.000 0.224
045500 0.042 0.734 0.000 0.224
046000 0.042 0.734 0.000 0.224
046500 0.042 0.734 0.000 0.224
047000 0.042 0.734 0.000 0.224
047500 0.042 0.734 0.000 0.224
048000 0.042 0.734 0.000 0.224
048500 0.042 0.734 0.000 0.224
049000 0.042 0.734 0.000 0.224
049500 0.042 0.734 0.000 0.224
050000 0.042 0.734 0.000 0.224
050500 0.042 0.734 0.000 0.224
051000 0.042 0.734 0.000 0.224
051500 0.042 0.734 0.000 0.224
052000 0.042 0.734 0.000 0.224
052500 0.042 0.734 0.000 0.224
053000 0.042 0.734 0.000 0.224
053500 0.042 0.734 0.000 0.224
054000 0.042 0.734 0.000 0.224
054500 0.042 0.734 0.000 0.224
055000 0.042 0.734 0.000 0.224
055500 0.042 0.734 0.000 0.224
056000 0.042 0.734 0.000 0.224
056500 0.042 0.734 0.000 0.224
057000 0.042 0.734 0.000 0.224
057500 0.042 0.734 0.000 0.224
058000 0.042 0.734 0.000 0.224
058500 0.042 0.734 0.000 0.224
059000 0.042 0.734 0.000 0.224
059500 0.042 0.734 0.000 0.224
060000 0.042 0.734 0.000 0.224
060500 0.042 0.734 0.000 0.224
061000 0.042 0.734 0.000 0.224
061500 0.042 0.734 0.000 0.224
062000 0.042 0.734 0.000 0.224
062500 0.042 0.734 0.000 0.224
063000 0.042 0.734 0.000 0.224
063500 0.042 0.734 0.000 0.224
064000 0.042 0.734 0.000 0.224
064500 0.042 0.734 0.000 0.224
065000 0.042 0.734 0.000 0.224
065500 0.042 0.734 0.000 0.224
066000 0.042 0.734 0.000 0.224
066500 0.042 0.734 0.000 0.224
067000 0.042 0.734 0.000 0.224
067500 0.042 0.734 0.000 0.224
068000 0.042 0.734 0.000 0.224
068500 0.042 0.734 0.000 0.224
069000 0.042 0.734 0.000 0.224
069500 0.042 0.734 0.000 0.224
070000 0.042 0.734 0.000 0.224
070500 0.042 0.734 0.000 0.224
071000 0.042 0.734 0.000 0.224
071500 0.042 0.734 0.000 0.224
072000 0.042 0.734 0.000 0.224
072500 0.042 0.734 0.000 0.224
073000 0.042 0.734 0.000 0.224
073500 0.042 0.734 0.000 0.224
074000 0.042 0.734 0.000 0.224
074500 0.042 0.734 0.000 0.224
075000 0.042 0.734 0.000 0.224
075500 0.042 0.734 0.000 0.224
076000 0.042 0.734 0.000 0.224
076500 0.042 0.734 0.000 0.224
077000 0.042 0.734 0.000 0.224
077500 0.042 0.734 0.000 0.224
078000 0.042 0.734 0.000 0.224
078500 0.042 0.734 0.000 0.224
079000 0.042 0.734 0.000 0.224
079500 0.042 0.734 0.000 0.224
080000 0.042 0.734 0.000 0.224
080500 0.042 0.734 0.000 0.224
081000 0.042 0.734 0.000 0.224
081500 0.042 0.734 0.000 0.224
082000 0.042 0.734 0.000 0.224
082500 0.042 0.734 0.000 0.224
083000 0.042 0.734 0.000 0.224
083500 0.042 0.734 0.000 0.224
084000 0.042 0.734 0.000 0.224
084500 0.042 0.734 0.000 0.224
085000 0.042 0.734 0.000 0.224
085500 0.042 0.734 0.000 0.224
086000 0.042 0.734 0.000 0.224
086500 0.042 0.734 0.000 0.224
087000 0.042 0.734 0.000 0.224
087500 0.042 0.734 0.000 0.224
088000 0.042 0.734 0.000 0.224
088500 0.042 0.734 0.000 0.224
089000 0.042 0.734 0.000 0.224
089500 0.042 0.734 0.000 0.224
090000 0.042 0.734 0.000 0.224
090500 0.042 0.734 0.000 0.224
091000 0.042 0.734 0.000 0.224
091500 0.042 0.734 0.000 0.224
092000 0.042 0.734 0.000 0.224
092500 0.042 0.734 0.000 0.224
093000 0.042 0.734 0.000 0.224
093500 0.042 0.734 0.000 0.224
094000 0.042 0.734 0.000 0.224
094500 0.042 0.734 0.000 0.224
095000 0.042 0.734 0.000 0.224
095500 0.042 0.734 0.000 0.224
096000 0.042 0.734 0.000 0.224
096500 0.042 0.734 0.000 0.224
097000 0.042 0.734 0.000 0.224
097500 0.042 0.734 0.000 0.224
098000 0.042 0.734 0.000 0.224
098500 0.042 0.734 0.000 0.224
099000 0.042 0.734 0.000 0.224
099500 0.042 0.734 0.000 0.224
100000 0.042 0.734 0.000 0.224
100500 0.042 0.734 0.000 0.224
101000 0.042 0.734 0.000 0.224
101500 0.042 0.734 0.000 0.224
102000 0.042 0.734 0.000 0.224
102500 0.042 0.734 0.000 0.224
103000 0.042 0.734 0.000 0.224
103500 0.042 0.734 0.000 0.224
104000 0.042 0.734 0.000 0.224
104500 0.042 0.734 0.000 0.224
105000 0.042 0.734 0.000 0.224
105500 0.042 0.734 0.000 0.224
106000 0.042 0.734 0.000 0.224
106500 0.042 0.734 0.000 0.224
107000 0.042 0.734 0.000 0.224
107500 0.042 0.734 0.000 0.224
108000 0.042 0.734 0.000 0.224
108500 0.042 0.734 0.000 0.224
109000 0.042 0.734 0.000 0.224
109500 0.042 0.734 0.000 0.224
110000 0.042 0.734 0.000 0.224
110500 0.042 0.734 0.000 0.224
111000 0.042 0.734 0.000 0.224
111500 0.042 0.734 0.000 0.224
112000 0.042 0.734 0.000 0.224
112500 0.042 0.734 0.000 0.224
113000 0.042 0.734 0.000 0.224
113500 0.042 0.734 0.000 0.224
114000 0.042 0.734 0.000 0.224
114500 0.042 0.734 0.000 0.224
115000 0.042 0.734 0.000 0.224
115500 0.042 0.734 0.000 0.224
116000 0.042 0.734 0.000 0.224
116500 0.042 0.734 0.000 0.224
117000 0.042 0.734 0.000 0.224
117500 0.042 0.734 0.000 0.224
118000 0.042 0.734 0.000 0.224
118500 0.042 0.734 0.000 0.224
119000 0.042 0.734 0.000 0.224
119500 0.042 0.734 0.000 0.224
120000 0.042 0.734 0.000 0.224
120500 0.042 0.734 0.000 0.224
121000 0.042 0.734 0.000 0.224
121500 0.042 0.734 0.000 0.224
122000 0.042 0.734 0.000 0.224
122500 0.042 0.734 0.000 0.224
123000 0.042 0.734 0.000 0.224
123500 0.042 0.734 0.000 0.224
124000 0.042 0.734 0.000 0.224
124500 0.042 0.734 0.000 0.224
125000 0.042 0.734 0.000 0.224
125500 0.042 0.734 0.000 0.224
126000 0.042 0.734 0.000 0.224
126500 0.042 0.734 0.000 0.224
127000 0.042 0.734 0.000 0.224
127500 0.042 0.734 0.000 0.224
128000 0.042 0.734 0.000 0.224
128500 0.042 0.734 0.000 0.224
129000 0.042 0.734 0.000 0.224
129500 0.042 0.734 0.000 0.224
130000 0.042 0.734 0.000 0.224
130500 0.042 0.734 0.000 0.224
131000 0.042 0.734 0.000 0.224
131500 0.042 0.734 0.000 0.224
132000 0.042 0.734 0.000 0.224
132500 0.042 0.734 0.000 0.224
133000 0.042 0.734 0.000 0.224
133500 0.042 0.734 0.000 0.224
134000 0.042 0.734 0.000 0.224
134500 0.042 0.734 0.000 0.224
135000 0.042 0.734 0.000 0.224
135500 0.042 0.734 0.000 0.224
136000 0.042 0.734 0.000 0.224
136500 0.042 0.734 0.000 0.224
137000 0.042 0.734 0.000 0.224
137500 0.042 0.734 0.000 0.224
138000 0.042 0.734 0.000 0.224
138500 0.042 0.734 0.000 0.224
139000 0.042 0.734 0.000 0.224
139500 0.042 0.734 0.000 0.224
140000 0.042 0.734 0.000 0.224
140500 0.042 0.734 0.000 0.224
141000 0.042 0.734 0.000 0.224
141500 0.042 0.734 0.000 0.224
142000 0.042 0.734 0.000 0.224
142500 0.042 0.734 0.000 0.224
143000 0.042 0.734 0.000 0.224
143500 0.042 0.734 0.000 0.224
144000 0.042 0.734 0.000 0.224
144500 0.042 0.734 0.000 0.224
145000 0.042 0.734 0.000 0.224
145500 0.042 0.734 0.000 0.224
146000 0.042 0.734 0.000 0.224
146500 0.042 0.734 0.000 0.224
147000 0.042 0.734 0.000 0.224
147500 0.042 0.734 0.000 0.224
148000 0.042 0.734 0.000 0.224
148500 0.042 0.734 0.000 0.224
149000 0.042 0.734 0.000 0.224
149500 0.042 0.734 0.000 0.224
150000 0.042 0.734 0.000 0.224
150500 0.042 0.734 0.000 0.224
151000 0.042 0.734 0.000 0.224
151500 0.042 0.734 0.000 0.224
152000 0.042 0.734 0.000 0.224
152500 0.042 0.734 0.000 0.224
153000 0.042 0.734 0.000 0.224
153500 0.042 0.734 0.000 0.224
154000 0.042 0.734 0.000 0.224
154500 0.042 0.734 0.000 0.224
155000 0.042 0.734 0.000 0.224
155500 0.042 0.734 0.000 0.224
156000 0.042 0.734 0.000 0.224
156500 0.042 0.734 0.000 0.224
157000 0.042 0.734 0.000 0.224
157500 0.042 0.734 0.000 0.224
158000 0.042 0.734 0.000 0.224
158500 0.042 0.734 0.000 0.224
159000 0.042 0.734 0.000 0.224
159500 0.042 0.734 0.000 0.224
160000 0.042 0.734 0.000 0.224
160500 0.042 0.734 0.000 0.224
161000 0.042 0.734 0.000 0.224
161500 0.042 0.734 0.000 0.224
162000 0.042 0.734 0.000 0.224
162500 0.042 0.734 0.000 0.224
163000 0.042 0.734 0.000 0.224
163500 0.042 0.734 0.000 0.224
164000 0.042 0.734 0.000 0.224
164500 0.042 0.734 0.000 0.224
165000 0.042 0.734 0.000 0.224
165500 0.042 0.734 0.000 0.224
166000 0.042 0.734 0.000 0.224
166500 0.042 0.734 0.000 0.224
167000 0.042 0.734 0.000 0.224
167500 0.042 0.734 0.000 0.224
168000 0.042 0.734 0.000 0.224
168500 0.042 0.734 0.000 0.224
169000 0.042 0.734 0.000 0.224
169500 0.042 0.734 0.000 0.224
170000 0.042 0.734 0.000 0.224
170500 0.042 0.734 0.000 0.224
171000 0.042 0.734 0.000 0.224
171500 0.042 0.734 0.000 0.224
172000 0.042 0.734 0.000 0.224
172500 0.042 0.734 0.000 0.224
173000 0.042 0.734 0.000 0.224
173500 0.042 0.734 0.000 0.224
174000 0.042 0.734 0.000 0.224
174500 0.042 0.734 0.000 0.224
175000 0.042 0.734 0.000 0.224
175500 0.042 0.734 0.000 0.224
176000 0.042 0.734 0.000 0.224
176500 0.042 0.734 0.000 0.224
177000 0.042 0.734 0.000 0.224
177500 0.042 0.734 0.000 0.224
178000 0.042 0.734 0.000 0.224
178500 0.042 0.734 0.000 0.224
179000 0.042 0.734 0.000 0.224
179500 0.042 0.734 0.000 0.224
180000 0.042 0.734 0.000 0.224
180500 0.042 0.734 0.000 0.224
181000 0.042 0.734 0.000 0.224
181500 0.042 0.734 0.000 0.224
182000 0.042 0.734 0.000 0.224
182500 0.042 0.734 0.000 0.224
183000 0.042 0.734 0.000 0.224
183500 0.042 0.734 0.000 0.224
184000 0.042 0.734 0.000 0.224
184500 0.042 0.734 0.000 0.224
185000 0.042 0.734 0.000 0.224
185500 0.042 0.734 0.000 0.224
186000 0.042 0.734 0.000 0.224
186500 0.042 0.734 0.000 0.224
187000 0.042 0.734 0.000 0.224
187500 0.042 0.734 0.000 0.224
188000 0.042 0.734 0.000 0.224
188500 0.042 0.734 0.000 0.224
189000 0.042 0.734 0.000 0.224
189500 0.042 0.734 0.000 0.224
190000 0.042 0.734 0.000 0.224
190500 0.042 0.734 0.000 0.224
191000 0.042 0.734 0.000 0.224
191500 0.042 0.734 0.000 0.224
192000 0.042 0.734 0.000 0.224
192500 0.042 0.734 0.000 0.224
193000 0.042 0.734 0.000 0.224
193500 0.042 0.734 0.000 0.224
194000 0.042 0.734 0.000 0.224
194500 0.042 0.734 0.000 0.224
195000 0.042 0.734 0.000 0.224
195500 0.042 0.734 0.000 0.224
196000 0.042 0.734 0.000 0.224
196500 0.042 0.734 0.000 0.224
197000 0.042 0.734 0.000 0.224
197500 0.042 0.734 0.000 0.224
198000 0.042 0.734 0.000 0.224
198500 0.042 0.734 0.000 0.224
199000 0.042 0.734 0.000 0.224
199500 0.042 0.734 0.000 0.224
200000 0.042 0.734 0.000 0.224
200500 0.042 0.734 0.000 0.224
201000 0.042 0.734 0.000 0.224
201500 0.042 0.734 0.000 0.224
202000 0.042 0.734 0.000 0.224
202500 0.042 0.734 0.000 0.224
203000 0.042 0.734 0.000 0.224
203500 0.042 0.734 0.000 0.224
204000 0.042 0.734 0.000 0.224
204500 0.042 0.734 0.000 0.224
205000 0.042 0.734 0.000 0.224
205500 0.042 0.734 0.000 0.224
206000 0.042 0.734 0.000 0.224
206500 0.042 0.734 0.000 0.224
207000 0.042 0.734 0.000 0.224
207500 0.042 0.734 0.000 0.224
208000 0.042 0.734 0.000 0.224
208500 0.042 0.734 0.000 0.224
209000 0.042 0.734 0.000 0.224
209500 0.042 0.734 0.000 0.224
210000 0.042 0.734 0.000 0.224
210500 0.042 0.734 0.000 0.224
211000 0.042 0.734 0.000 0.224
211500 0.042 0.734 0.000 0.224
212000 0.042 0.734 0.000 0.224
212500 0.042 0.734 0.000 0.224
213000 0.042 0.734 0.000 0.224
213500 0.042 0.734 0.000 0.224
214000 0.042 0.734 0.000 0.224
214500 0.042 0.734 0.000 0.224
215000 0.042 0.734 0.000 0.224
215500 0.042 0.734 0.000 0.224
216000 0.042 0.734 0.000 0.224
216500 0.042 0.734 0.000 0.224
217000 0.042 0.734 0.000 0.224
217500 0.042 0.734 0.000 0.224
218000 0.042 0.734 0.000 0.224
218500 0.042 0.734 0.000 0.224
219000 0.042 0.734 0.000 0.224
219500 0.042 0.734 0.000 0.224
220000 0.042 0.734 0.000 0.224
220500 0.042 0.734 0.000 0.224
221000 0.042 0.734 0.000 0.224
221500 0.042 0.734 0.000 0.224
222000 0.042 0.734 0.000 0.224
222500 0.042 0.734 0.000 0.224
223000 0.042 0.734 0.000 0.224
223500 0.042 0.734 0.000 0.224
224000 0.042 0.734 0.000 0.224
224500 0.042 0.734 0.000 0.224
225000 0.042 0.734 0.000 0.224
225500 0.042 0.734 0.000 0.224
226000 0.042 0.734 0.000 0.224
226500 0.042 0.734 0.000 0.224
227000 0.042 0.734 0.000 0.224
227500 0.042 0.734 0.000 0.224
228000 0.042 0.734 0.000 0.224
228500 0.042 0.734 0.000 0.224
229000 0.042 0.734 0.000 0.224
229500 0.042 0.734 0.000 0.224
230000 0.042 0.734 0.000 0.224
230500 0.042 0.734 0.000 0.224
231000 0.042 0.734 0.000 0.224
231500 0.042 0.734 0.000 0.224
232000 0.042 0.734 0.000 0.224
232500 0.042 0.734 0.000 0.224
233000 0.042 0.734 0.000 0.224
233500 0.042 0.734 0.000 0.224
234000 0.042 0.734 0.000 0.224
234500 0.042 0.734 0.000 0.224
235000 0.042 0.734 0.000 0.224
235500 0.042 0.734 0.000 0.224
236000 0.042 0.734 0.000 0.224
236500 0.042 0.734 0.000 0.224
237000 0.042 0.734 0.000 0.224
237500 0.042 0.734 0.000 0.224
238000 0.042 0.734 0.000 0.224
238500 0.042 0.734 0.000 0.224
239000 0.042 0.734 0.000 0.224
239500 0.042 0.734 0.000 0.224
240000 0.042 0.734 0.000 0.224
240500 0.042 0.734 0.000 0.224
241000 0.042 0.734 0.000 0.224
241500 0.042 0.734 0.000 0.224
242000 0.042 0.734 0.000 0.224
242500 0.042 0.734 0.000 0.224
243000 0.042 0.734 0.000 0.224
243500 0.042 0.734 0.000 0.224
244000 0.042 0.734 0.000 0.224
244500 0.042 0.734 0.000 0.224
245000 0.042 0.734 0.000 0.224
245500 0.042 0.734 0.000 0.224
246000 0.042 0.734 0.000 0.224
246500 0.042 0.734 0.000 0.224
247000 0.042 0.734 0.000 0.224
247500 0.042 0.734 0.000 0.224
248000 0.042 0.734 0.000 0.224
248500 0.042 0.734 0.000 0.224
249000 0.042 0.734 0.000 0.224
249500 0.042 0.734 0.000 0.224
250000 0.042 0.734 0.000 0.224
250500 0.042 0.734 0.000 0.224
251000 0.042 0.734 0.000 0.224
251500 0.042 0.734 0.000 0.224
252000 0.042 0.734 0.000 0.224
252500 0.042 0.734 0.000 0.224
253000 0.042 0.734 0.000 0.224
253500 0.042 0.734 0.000 0.224
254000 0.042 0.734 0.000 0.224
254500 0.042 0.734 0.000 0.224
255000 0.042 0.734 0.000 0.224
255500 0.042 0.734 0.000 0.224
256000 0.042 0.734 0.000 0.224
256500 0.042 0.734 0.000 0.224
257000 0.042 0.734 0.000 0.224
257500 0.042 0.734 0.000 0.224
258000 0.042 0.734 0.000 0.224
258500 0.042 0.734 0.000 0.224
259000 0.042 0.734 0.000 0.224
259500 0.042 0.734 0.000 0.224
260000 0.042 0.734 0.000 0.224
260500 0.042 0.734 0.000 0.224
261000 0.042 0.734 0.000 0.224
261500 0.042 0.734 0.000 0.224
262000 0.042 0.734 0.000 0.224
262500 0.042 0.734 0.000 0.224
263000 0.042 0.734 0.000 0.224
263500 0.042 0.734 0.000 0.224
264000 0.042 0.734 0.000 0.224
264500 0.042 0.734 0.000 0.224
265000 0.042 0.734 0.000 0.224
265500 0.042 0.734 0.000 0.224
266000 0.042 0.734 0.000 0.224
266500 0.042 0.734 0.000 0.224
267000 0.042 0.734 0.000 0.224
267500 0.042 0.734 0.000 0.224
268000 0.042 0.734 0.000 0.224
268500 0.042 0.734 0.000 0.224
269000 0.042 0.734 0.000 0.224
269500 0.042 0.734 0.000 0.224
270000 0.042 0.734 0.000 0.224
270500 0.042 0.734 0.000 0.224
271000 0.042 0.734 0.000 0.224
271500 0.042 0.734 0.000 0.224
272000 0.042 0.734 0.000 0.224
272500 0.042 0.734 0.000 0.224
273000 0.042 0.734 0.000 0.224
273500 0.042 0.734 0.000 0.224
274000 0.042 0.734 0.000 0.224
274500 0.042 0.734 0.000 0.224
275000 0.042 0.734 0.000 0.224
275500 0.042 0.734 0.000 0.224
276000 0.042 0.734 0.000 0.224
276500 0.042 0.734 0.000 0.224
277000 0.042 0.734 0.000 0.224
277500 0.042 0.734 0.000 0.224
278000 0.042 0.734 0.000 0.224
278500 0.042 0.734 0.000 0.224
279000 0.042 0.734 0.000 0.224
279500 0.042 0.734 0.000 0.224
280000 0.042 0.734 0.000 0.224
280500 0.042 0.734 0.000 0.224
281000 0.042 0.734 0.000 0.224
281500 0.042 0.734 0.000 0.224
282000 0.042 0.734 0.000 0.224
282500 0.042 0.734 0.000 0.224
283000 0.042 0.734 0.000 0.224
283500 0.042 0.734 0.000 0.224
284000 0.042 0.734 0.000 0.224
284500 0.042 0.734 0.000 0.224
285000 0.042 0.734 0.000 0.224
285500 0.042 0.734 0.000 0.224
286000 0.042 0.734 0.000 0.224
286500 0.042 0.734 0.000 0.224
287000 0.042 0.734 0.000 0.224
287500 0.042 0.734 0.000 0.224
288000 0.042 0.734 0.000 0.224
288500 0.042 0.734 0.000 0.224
289000 0.042 0.734 0.000 0.224
289500 0.042 0.734 0.000 0.224
290000 0.042 0.734 0.000 0.224
290500 0.042 0.734 0.000 0.224
291000 0.042 0.734 0.000 0.224
291500 0.042 0.734 0.000 0.224
292000 0.042 0.734 0.000 0.224
292500 0.042 0.734 0.000 0.224
293000 0.042 0.734 0.000 0.224
293500 0.042 0.734 0.000 0.224
294000 0.042 0.734 0.000 0.224
294500 0.042 0.734 0.000 0.224
295000 0.042 0.734 0.000 0.224
295500 0.042 0.734 0.000 0.224
296000 0.042 0.734 0.000 0.224
296500 0.042 0.734 0.000 0.224
297000 0.042 0.734 0.000 0.224
297500 0.042 0.734 0.000 0.224
298000 0.042 0.734 0.000 0.224
298500 0.042 0.734 0.000 0.224
299000 0.042 0.734 0.000 0.224
299500 0.042 0.734 0.000 0.224
300000 0.042 0.734 0.000 0.224
300500 0.042 0.734 0.000 0.224
301000 0.042 0.734 0.000 0.224
301500 0.042 0.734 0.000 0.224
302000 0.042 0.734 0.000 0.224
302500 0.042 0.734 0.000 0.224
303000 0.042 0.734 0.000 0.224
303500 0.042 0.734 0.000 0.224
304000 0.042 0.734 0.000 0.224
304500 0.042 0.734 0.000 0.224
305000 0.042 0.734 0.000 0.224
305500 0.042 0.734 0.000 0.224
306000 0.042 0.734 0.000 0.224
306500 0.042 0.734 0.000 0.224
307000 0.042 0.734 0.000 0.224
307500 0.042 0.734 0.000 0.224
308000 0.042 0.734 0.000 0.224
308500 0.042 0.734 0.000 0.224
309000 0.042 0.734 0.000 0.224
309500 0.042 0.734 0.000 0.224
310000 0.042 0.734 0.000 0.224
310500 0.042 0.734 0.000 0.224
311000 0.042 0.734 0.000 0.224
311500 0.042 0.734 0.000 0.224
312000 0.042 0.734 0.000 0.224
312500 0.042 0.734 0.000 0.224
313000 0.042 0.734 0.000 0.224
313500 0.042 0.734 0.000 0.224
314000 0.042 0.734 0.000 0.224
314500 0.042 0.734 0.000 0.224
315000 0.042 0.734 0.000 0.224
315500 0.042 0.734 0.000 0.224
316000 0.042 0.734 0.000 0.224
316500 0.042 0.734 0.000 0.224
317000 0.042 0.734 0.000 0.224
317500 0.042 0.734 0.000 0.224
318000 0.042 0.734 0.000 0.224
318500 0.042 0.734 0.000 0.224
319000 0.042 0.734 0.000 0.224
319500 0.042 0.734 0.000 0.224
320000 0.042 0.734 0.000 0.224
320500 0.042 0.734 0.000 0.224
321000 0.042 0.734 0.000 0.224
321500 0.042 0.734 0.000 0.224
322000 0.042 0.734 0.000 0.224
322500 0.042 0.734 0.000 0.224
323000 0.042 0.734 0.000 0.224
323500 0.042 0.734 0.000 0.224
324000 0.042 0.734 0.000 0.224
324500 0.042 0.734 0.000 0.224
325000 0.042 0.734 0.000 0.224
325500 0.042 0.734 0.000 0.224
326000 0.042 0.734 0.000 0.224
326500 0.042 0.734 0.000 0.224
327000 0.042 0.734 0.000 0.224
327500 0.042 0.734 0.000 0.224
328000 0.042 0.734 0.000 0.224
328500 0.042 0.734 0.000 0.224
329000 0.042 0.734 0.000 0.224
329500 0.042 0.734 0.000 0.224
330000 0.042 0.734 0.000 0.224
330500 0.042 0.734 0.000 0.224
331000 0.042 0.734 0.000 0.224
331500 0.042 0.734 0.000 0.224
332000 0.042 0.734 0.000 0.224
332500 0.042 0.734 0.000 0.224
333000 0.042 0.734 0.000 0.224
333500 0.042 0.734 0.000 0.224
334000 0.042 0.734 0.000 0.224
334500 0.042 0.734 0.000 0.224
335000 0.042 0.734 0.000 0.224
335500 0.042 0.734 0.000 0.224
336000 0.042 0.734 0.000 0.224
336500 0.042 0.734 0.000 0.224
337000 0.042 0.734 0.000 0.224
337500 0.042 0.734 0.000 0.224
338000 0.042 0.734 0.000 0.224
338500 0.042 0.734 0.000 0.224
339000 0.042 0.734 0.000 0.224
339500 0.042 0.734 0.000 0.224
340000 0.042 0.734 0.000 0.224
340500 0.042 0.734 0.000 0.224
341000 0.042 0.734 0.000 0.224
341500 0.042 0.734 0.000 0.224
342000 0.042 0.734 0.000 0.224
342500 0.042 0.734 0.000 0.224
343000 0.042 0.734 0.000 0.224
343500 0.042 0.734 0.000 0.224
344000 0.042 0.734 0.000 0.224
344500 0.042 0.734 0.000 0.224
345000 0.042 0.734 0.000 0.224
345500 0.042 0.734 0.000 0.224
346000 0.042 0.734 0.000 0.224
346500 0.042 0.734 0.000 0.224
347000 0.042 0.734 0.000 0.224
347500 0.042 0.734 0.000 0.224
348000 0.042 0.734 0.000 0.224
348500 0.042 0.734 0.000 0.224
349000 0.042 0.734 0.000 0.224
349500 0.042 0.734 0.000 0.224
350000 0.042 0.734 0.000 0.224
350500 0.042 0.734 0.000 0.224
351000 0.042 0.734 0.000 0.224
351500 0.042 0.734 0.000 0.224
352000 0.042 0.734 0.000 0.224
352500 0.042 0.734 0.000 0.224
353000 0.042 0.734 0.000 0.224
353500 0.042 0.734 0.000 0.224
354000 0.042 0.734 0.000 0.224
354500 0.042 0.734 0.000 0.224
355000 0.042 0.734 0.000 0.224
355500 0.042 0.734 0.000 0.224
356000 0.042 0.734 0.000 0.224
356500 0.042 0.734 0.000 0.224
357000 0.042 0.734 0.000 0.224
357500 0.042 0.734 0.000 0.224
358000 0.042 0.734 0.000 0.224
358500 0.042 0.734 0.000 0.224
359000 0.042 0.734 0.000 0.224
359500 0.042 0.734 0.000 0.224
360000 0.042 0.734 0.000 0.224
360500 0.042 0.734 0.000 0.224
361000 0.042 0.734 0.000 0.224
361500 0.042 0.734 0.000 0.224
362000 0.042 0.734 0.000 0.224
362500 0.042 0.734 0.000 0.224
363000 0.042 0.734 0.000 0.224
363500 0.042 0.734 0.000 0.224
364000 0.042 0.734 0.000 0.224
364500 0.042 0.734 0.000 0.224
365000 0.042 0.734 0.000 0.224
365500 0.042 0.734 0.000 0.224
366000 0.042 0.734 0.000 0.224
366500 0.042 0.734 0.000 0.224
367000 0.042 0.734 0.000 0.224
367500 0.042 0.734 0.000 0.224
368000 0.042 0.734 0.000 0.224
368500 0.042 0.734 0.000 0.224
369000 0.042 0.734 0.000 0.224
369500 0.042 0.734 0.000 0.224
370000 0.042 0.734 0.000 0.224
370500 0.042 0.734 0.000 0.224
371000 0.042 0.734 0.000 0.224
371500 0.042 0.734 0.000 0.224
372000 0.042 0.734 0.000 0.224
372500 0.042 0.734 0.000 0.224
373000 0.042 0.734 0.000 0.224
373500 0.042 0.734 0.000 0.224
374000 0.042 0.734 0.000 0.224
374500 0.042 0.734 0.000 0.224
375000 0.042 0.734 0.000 0.224
375500 0.042 0.734 0.000 0.224
376000 0.042 0.734 0.000 0.224
376500 0.042 0.734 0.000 0.224
377000 0.042 0.734 0.000 0.224
377500 0.042 0.734 0.000 0.224
378000 0.042 0.734 0.000 0.224
378500 0.042 0.734 0.000 0.224
379000 0.042 0.734 0.000 0.224
379500 0.042 0.734 0.000 0.224
380000 0.042 0.734 0.000 0.224
380500 0.042 0.734 0.000 0.224
381000 0.042 0.734 0.000 0.224
381500 0.042 0.734 0.000 0.224
382000 0.042 0.734 0.000 0.224
382500 0.042 0.734 0.000 0.224
383000 0.042 0.734 0.000 0.224
383500 0.042 0.734 0.000 0.224
384000 0.042 0.734 0.000 0.224
384500 0.042 0.734 0.000 0.224
385000 0.042 0.734 0.000 0.224
385500 0.042 0.734 0.000 0.224
386000 0.042 0.734 0.000 0.224
386500 0.042 0.734 0.000 0.224
387000 0.042 0.734 0.000 0.224
387500 0.042 0.734 0.000 0.224
388000 0.042 0.734 0.000 0.224
388500 0.042 0.734 0.000 0.224
389000 0.042 0.734 0.000 0.224
389500 0.042 0.734 0.000 0.224
390000 0.042 0.734 0.000 0.224
390500 0.042 0.734 0.000 0.224
391000 0.042 0.734 0.000 0.224
391500 0.042 0.734 0.000 0.224
392000 0.042 0.734 0.000 0.224
392500 0.042 0.734 0.000 0.224
393000 0.042 0.734 0.000 0.224
393500 0.042 0.734 0.000 0.224
394000 0.042 0.734 0.000 0.224
394500 0.042 0.734 0.000 0.224
395000 0.042 0.734 0.000 0.224
395500 0.042 0.734 0.000 0.224
396000 0.042 0.734 0.000 0.224
396500 0.042 0.734 0.000 0.224
397000 0.042 0.734 0.000 0.224
397500 0.042 0.734 0.000 0.224
398000 0.042 0.734 0.000 0.224
398500 0.042 0.734 0.000 0.224
399000 0.042 0.734 0.000 0.224
399500 0.042 0.734 0.000 0.224
400000 0.042 0.734 0.000 0.224
400500 0.042 0.734 0.000 0.224
401000 0.042 0.734 0.000 0.224
401500 0.042 0.734 0.000 0.224
402000 0.042 0.734 0.000 0.224
402500 0.042 0.734 0.000 0.224
403000 0.042 0.734 0.000 0.224
403500 0.042 0.734 0.000 0.224
404000 0.042 0.734 0.000 0.224
404500 0.042 0.734 0.000 0.224
405000 0.042 0.734 0.000 0.224
405500 0.042 0.734 0.000 0.224
406000 0.042 0.734 0.000 0.224
406500 0.042 0.734 0.000 0.224
407000 0.042 0.734 0.000 0.224
407500 0.042 0.734 0.000 0.224
408000 0.042 0.734 0.000 0.224
408500 0.042 0.734 0.000 0.224
409000 0.042 0.734 0.000 0.224
409500 0.042 0.734 0.000 0.224
410000 0.042 0.734 0.000 0.224
410500 0.042 0.734 0.000 0.224
411000 0.042 0.734 0.000 0.224
411500 0.042 0.734 0.000 0.224
412000 0.042 0.734 0.000 0.224
412500 0.042 0.734 0.000 0.224
413000 0.042 0.734 0.000 0.224
413500 0.042 0.734 0.000 0.224
414000 0.042 0.734 0.000 0.224
414500 0.042 0.734 0.000 0.224
415000 0.042 0.734 0.000 0.224
415500 0.042 0.734 0.000 0.224
416000 0.042 0.734 0.000 0.224
416500 0.042 0.734 0.000 0.224
417000 0.042 0.734 0.000 0.224
417500 0.042 0.734 0.000 0.224
418000 0.042 0.734 0.000 0.224
418500 0.042 0.734 0.000 0.224
419000 0.042 0.734 0.000 0.224
419500 0.042 0.734 0.000 0.224
420000 0.042 0.734 0.000 0.224
420500 0.042 0.734 0.000 0.224
421000 0.042 0.734 0.000 0.224
421500 0.042 0.734 0.000 0.224
422000 0.042 0.734 0.000 0.224
422500 0.042 0.734 0.000 0.224
423000 0.042 0.734 0.000 0.224
423500 0.042 0.734 0.000 0.224
424000 0.042 0.734 0.000 0.224
424500 0.042 0.734 0.000 0.224
425000 0.042 0.734 0.000 0.224
425500 0.042 0.734 0.000 0.224
426000 0.042 0.734 0.000 0.224
426500 0.042 0.734 0.000 0.224
427000 0.042 0.734 0.000 0.224
427500 0.042 0.734 0.000 0.224
428000 0.042 0.734 0.000 0.224
428500 0.042 0.734 0.000 0.224
429000 0.042 0.734 0.000 0.224
429500 0.042 0.734 0.000 0.224
430000 0.042 0.734 0.000 0.224
430500 0.042 0.734 0.000 0.224
431000 0.042 0.734 0.000 0.224
431500 0.042 0.734 0.000 0.224
432000 0.042 0.734 0.000 0.224
432500 0.042 0.734 0.000 0.224
433000 0.042 0.734 0.000 0.224
433500 0.042 0.734 0.000 0.224
434000 0.042 0.734 0.000 0.224
434500 0.042 0.734 0.000 0.224
435000 0.042 0.734 0.000 0.224
435500 0.042 0.734 0.000 0.224
436000 0.042 0.734 0.000 0.224
436500 0.042 0.734 0.000 0.224
437000 0.042 0.734 0.000 0.224
437500 0.042 0.734 0.000 0.224
438000 0.042 0.734 0.000 0.224
438500 0.042 0.734 0.000 0.224
439000 0.042 0.734 0.000 0.224
439500 0.042 0.734 0.000 0.224
440000 0.042 0.734 0.000 0.224
440500 0.042 0.734 0.000 0.224
441000 0.042 0.734 0.000 0.224
441500 0.042 0.734 0.000 0.224
442000 0.042 0.734 0.000 0.224
442500 0.042 0.734 0.000 0.224
443000 0.042 0.734 0.000 0.224
443500 0.042 0.734 0.000 0.224
444000 0.042 0.734 0.000 0.224
444500 0.042 0.734 0.000 0.224
445000 0.042 0.734 0.000 0.224
445500 0.042 0.734 0.000 0.224
446000 0.042 0.734 0.000 0.224
446500 0.042 0.734 0.000 0.224
447000 0.042 0.734 0.000 0.224
447500 0.042 0.734 0.000 0.224
448000 0.042 0.734 0.000 0.224
448500 0.042 0.734 0.000 0.224
449000 0.042 0.734 0.000 0.224
449500 0.042 0.734 0.000 0.224
450000 0.042 0.734 0.000 0.224
450500 0.042 0.734 0.000 0.224
451000 0.042 0.734 0.000 0.224
451500 0.042 0.734 0.000 0.224
452000 0.042 0.734 0.000 0.224
452500 0.042 0.734 0.000 0.224
453000 0.042 0.734 0.000 0.224
453500 0.042 0.734 0.000 0.224
454000 0.042 0.734 0.000 0.224
454500 0.042 0.734 0.000 0.224
455000 0.042 0.734 0.000 0.224
455500 0.042 0.734 0.000 0.224
456000 0.042 0.734 0.000 0.224
456500 0.042 0.734 0.000 0.224
457000 0.042 0.734 0.000 0.224
457500 0.042 0.734 0.000 0.224
458000 0.042 0.734 0.000 0.224
458500 0.042 0.734 0.000 0.224
459000 0.042 0.734 0.000 0.224
459500 0.042 0.734 0.000 0.224
460000 0.042 0.734 0.000 0.224
460500 0.042 0.734 0.000 0.224
461000 0.042 0.734 0.000 0.224
461500 0.042 0.734 0.000 0.224
462000 0.042 0.734 0.000 0.224
462500 0.042 0.734 0.000 0.224
463000 0.042 0.734 0.000 0.224
463500 0.042 0.734 0.000 0.224
464000 0.042 0.734 0.000 0.224
464500 0.042 0.734 0.000 0.224
465000 0.042 0.734 0.000 0.224
465500 0.042 0.734 0.000 0.224
466000 0.042 0.734 0.000 0.224
466500 0.042 0.734 0.000 0.224
467000 0.042 0.734 0.000 0.224
467500 0.042 0.734 0.000 0.224
468000 0.042 0.734 0.000 0.224
468500 0.042 0.734 0.000 0.224
469000 0.042 0.734 0.000 0.224
469500 0.042 0.734 0.000 0.224
470000 0.042 0.734 0.000 0.224
470500 0.042 0.734 0.000 0.224
471000 0.042 0.734 0.000 0.224
471500 0.042 0.734 0.000 0.224
472000 0.042 0.734 0.000 0.224
472500 0.042 0.734 0.000 0.224
473000 0.042 0.734 0.000 0.224
473500 0.042 0.734 0.000 0.224
474000 0.042 0.734 0.000 0.224
474500 0.042 0.734 0.000 0.224
475000 0.042 0.734 0.000 0.224
475500 0.042 0.734 0.000 0.224
476000 0.042 0.734 0.000 0.224
476500 0.042 0.734 0.000 0.224
477000 0.042 0.734 0.000 0.224
477500 0.042 0.734 0.000 0.224
478000 0.042 0.734 0.000 0.224
478500 0.042 0.734 0.000 0.224
479000 0.042 0.734 0.000 0.224
479500 0.042 0.734 0.000 0.224
480000 0.042 0.734 0.000 0.224
480500 0.042 0.734 0.000 0.224
481000 0.042 0.734 0.000 0.224
481500 0.042 0.734 0.000 0.224
482000 0.042 0.734 0.000 0.224
482500 0.042 0.734 0.000 0.224
483000 0.042 0.734 0.000 0.224
483500 0.042 0.734 0.000 0.224
484000 0.042 0.734 0.000 0.224
484500 0.042 0.734 0.000 0.224
485000 0.042 0.734 0.000 0.224
485500 0.042 0.734 0.000 0.224
486000 0.042 0.734 0.000 0.224
486500 0.042 0.734 0.000 0.224
487000 0.042 0.734 0.000 0.224
487500 0.042 0.734 0.000 0.224
488000 0.042 0.734 0.000 0.224
488500 0.042 0.734 0.000 0.224
489000 0.042 0.734 0.000 0.224
489500 0.042 0.734 0.000 0.224
490000 0.042 0.734 0.000 0.224
490500 0.042 0.734 0.000 0.224
491000 0.042 0.734 0.000 0.224
491500 0.042 0.734 0.000 0.224
492000 0.042 0.734 0.000 0.224
492500 0.042 0.734 0.000 0.224
493000 0.042 0.734 0.000 0.224
493500 0.042 0.734 0.000 0.224
494000 0.042 0.734 0.000 0.224
494500 0.042 0.734 0.000 0.224
495000 0.042 0.734 0.000 0.224
495500 0.042 0.734 0.000 0.224
496000 0.042 0.734 0.000 0.224
496500 0.042 0.734 0.000 0.224
497000 0.042 0.734 0.000 0.224
497500 0.042 0.734 0.000 0.224
498000 0.042 0.734 0.000 0.224
498500 0.042 0.734 0.000 0.224
499000 0.042 0.734 0.000 0.224
499500 0.042 0.734 0.000 0.224
500000 0.042 0.734 0.000 0.224
