000000 0.250 0.250 0.250 0.250
000500 0.155 0.438 0.000 0.407
001000 0.155 0.441 0.000 0.404
001500 0.155 0.442 0.000 0.403
002000 0.155 0.443 0.000 0.402
002500 0.155 0.444 0.000 0.401
003000 0.155 0.445 0.000 0.399
003500 0.155 0.446 0.000 0.399
004000 0.155 0.446 0.000 0.398
004500 0.155 0.448 0.000 0.397
005000 0.155 0.448 0.000 0.397
005500 0.155 0.447 0.000 0.397
006000 0.155 0.447 0.000 0.398
006500 0.155 0.446 0.000 0.399
007000 0.155 0.446 0.000 0.398
007500 0.155 0.447 0.000 0.397
008000 0.155 0.447 0.000 0.398
008500 0.155 0.448 0.000 0.397
009000 0.155 0.448 0.000 0.397
009500 0.155 0.448 0.000 0.397
010000 0.155 0.448 0.000 0.396
