000000 0.250 0.250 0.250 0.250
000500 0.004 0.824 0.000 0.172
001000 0.004 0.848 0.000 0.148
001500 0.004 0.852 0.000 0.144
002000 0.004 0.855 0.000 0.141
002500 0.004 0.857 0.000 0.139
003000 0.004 0.859 0.000 0.137
003500 0.004 0.861 0.000 0.136
004000 0.004 0.862 0.000 0.134
004500 0.004 0.866 0.000 0.131
005000 0.004 0.867 0.000 0.129
005500 0.004 0.868 0.000 0.128
006000 0.004 0.869 0.000 0.127
006500 0.004 0.870 0.000 0.127
007000 0.004 0.871 0.000 0.125
007500 0.004 0.875 0.000 0.122
008000 0.004 0.876 0.000 0.120
008500 0.004 0.876 0.000 0.120
009000 0.004 0.878 0.000 0.119
009500 0.004 0.880 0.000 0.117
010000 0.004 0.880 0.000 0.116
