000000 0.250 0.250 0.250 0.250
000500 0.105 0.491 0.000 0.404
001000 0.103 0.500 0.000 0.397
001500 0.103 0.508 0.000 0.389
002000 0.102 0.514 0.000 0.384
002500 0.103 0.516 0.000 0.382
003000 0.103 0.518 0.000 0.379
003500 0.102 0.525 0.000 0.373
004000 0.102 0.526 0.000 0.372
004500 0.102 0.527 0.000 0.371
005000 0.102 0.531 0.000 0.367
005500 0.102 0.532 0.000 0.366
006000 0.102 0.534 0.000 0.364
006500 0.102 0.536 0.000 0.362
007000 0.102 0.537 0.000 0.361
007500 0.102 0.537 0.000 0.361
008000 0.102 0.540 0.000 0.358
008500 0.102 0.542 0.000 0.356
009000 0.102 0.543 0.000 0.355
009500 0.102 0.543 0.000 0.355
010000 0.102 0.544 0.000 0.354
