000000 0.250 0.250 0.250 0.250
000500 0.178 0.359 0.003 0.460
001000 0.121 0.409 0.000 0.470
001500 0.112 0.435 0.000 0.454
002000 0.104 0.450 0.000 0.446
002500 0.098 0.463 0.000 0.439
003000 0.093 0.472 0.000 0.435
003500 0.096 0.475 0.000 0.429
004000 0.093 0.488 0.000 0.419
004500 0.088 0.503 0.000 0.409
005000 0.088 0.505 0.000 0.407
005500 0.090 0.504 0.000 0.406
006000 0.090 0.508 0.000 0.402
006500 0.087 0.518 0.000 0.395
007000 0.084 0.525 0.000 0.391
007500 0.084 0.528 0.000 0.388
008000 0.079 0.539 0.000 0.383
008500 0.077 0.545 0.000 0.378
009000 0.080 0.544 0.000 0.376
009500 0.078 0.549 0.000 0.374
010000 0.078 0.552 0.000 0.370
