000000 0.250 0.250 0.250 0.250
000500 0.010 0.768 0.000 0.221
001000 0.007 0.796 0.000 0.197
001500 0.006 0.805 0.000 0.188
002000 0.006 0.814 0.000 0.180
002500 0.006 0.818 0.000 0.176
003000 0.005 0.828 0.000 0.167
003500 0.005 0.832 0.000 0.162
004000 0.005 0.837 0.000 0.158
004500 0.005 0.841 0.000 0.154
005000 0.005 0.846 0.000 0.149
005500 0.005 0.849 0.000 0.146
006000 0.005 0.854 0.000 0.141
006500 0.005 0.857 0.000 0.137
007000 0.005 0.860 0.000 0.135
007500 0.005 0.864 0.000 0.131
008000 0.005 0.869 0.000 0.126
008500 0.005 0.872 0.000 0.122
009000 0.005 0.875 0.000 0.119
009500 0.005 0.878 0.000 0.117
010000 0.005 0.881 0.000 0.114
