000000 0.250 0.250 0.250 0.250
000500 0.092 0.553 0.006 0.349
001000 0.081 0.657 0.000 0.262
001500 0.080 0.689 0.000 0.231
002000 0.079 0.712 0.000 0.209
002500 0.080 0.723 0.000 0.197
003000 0.081 0.733 0.000 0.187
003500 0.080 0.742 0.000 0.177
004000 0.079 0.754 0.000 0.167
004500 0.084 0.760 0.000 0.157
005000 0.084 0.768 0.000 0.149
005500 0.081 0.776 0.000 0.143
006000 0.081 0.783 0.000 0.136
006500 0.085 0.782 0.000 0.133
007000 0.082 0.786 0.000 0.132
007500 0.084 0.786 0.000 0.130
008000 0.089 0.786 0.000 0.125
008500 0.088 0.790 0.000 0.122
009000 0.089 0.792 0.000 0.119
009500 0.093 0.792 0.000 0.116
010000 0.091 0.797 0.000 0.112
