000000 0.250 0.250 0.250 0.250
000500 0.060 0.508 0.000 0.432
001000 0.060 0.511 0.000 0.429
001500 0.060 0.513 0.000 0.427
002000 0.060 0.515 0.000 0.426
002500 0.060 0.515 0.000 0.425
003000 0.060 0.518 0.000 0.422
003500 0.060 0.520 0.000 0.421
004000 0.060 0.520 0.000 0.420
004500 0.060 0.522 0.000 0.419
005000 0.060 0.524 0.000 0.416
005500 0.060 0.524 0.000 0.416
006000 0.060 0.525 0.000 0.415
006500 0.060 0.525 0.000 0.415
007000 0.060 0.525 0.000 0.415
007500 0.060 0.528 0.000 0.412
008000 0.060 0.530 0.000 0.411
008500 0.060 0.532 0.000 0.408
009000 0.060 0.530 0.000 0.410
009500 0.060 0.532 0.000 0.408
010000 0.060 0.531 0.000 0.409
