000000 0.250 0.250 0.250 0.250
000500 0.218 0.405 0.000 0.377
001000 0.218 0.407 0.000 0.376
001500 0.218 0.407 0.000 0.376
002000 0.218 0.407 0.000 0.375
002500 0.218 0.407 0.000 0.375
003000 0.218 0.408 0.000 0.375
003500 0.218 0.408 0.000 0.374
004000 0.218 0.409 0.000 0.373
004500 0.218 0.409 0.000 0.373
005000 0.218 0.409 0.000 0.373
005500 0.218 0.410 0.000 0.372
006000 0.218 0.411 0.000 0.372
006500 0.218 0.411 0.000 0.371
007000 0.218 0.411 0.000 0.372
007500 0.218 0.410 0.000 0.372
008000 0.218 0.411 0.000 0.371
008500 0.218 0.410 0.000 0.372
009000 0.218 0.410 0.000 0.372
009500 0.218 0.411 0.000 0.371
010000 0.218 0.410 0.000 0.372
