000000 0.250 0.250 0.250 0.250
000500 0.310 0.164 0.326 0.200
001000 0.218 0.159 0.394 0.228
001500 0.191 0.157 0.419 0.232
002000 0.171 0.155 0.447 0.227
002500 0.166 0.165 0.453 0.216
003000 0.158 0.199 0.446 0.197
003500 0.208 0.212 0.409 0.170
004000 0.237 0.243 0.376 0.144
004500 0.274 0.246 0.341 0.138
005000 0.287 0.247 0.331 0.135
005500 0.304 0.244 0.317 0.135
006000 0.337 0.252 0.295 0.116
006500 0.331 0.239 0.288 0.141
007000 0.307 0.233 0.309 0.152
007500 0.312 0.221 0.312 0.155
008000 0.294 0.203 0.339 0.164
008500 0.278 0.227 0.335 0.160
009000 0.276 0.224 0.337 0.163
009500 0.298 0.214 0.322 0.166
010000 0.300 0.240 0.317 0.144
