000000 0.250 0.250 0.250 0.250
000500 0.023 0.575 0.000 0.402
001000 0.023 0.581 0.000 0.396
001500 0.023 0.585 0.000 0.392
002000 0.023 0.586 0.000 0.391
002500 0.023 0.587 0.000 0.390
003000 0.023 0.589 0.000 0.388
003500 0.023 0.590 0.000 0.386
004000 0.023 0.593 0.000 0.384
004500 0.023 0.594 0.000 0.383
005000 0.023 0.596 0.000 0.380
005500 0.023 0.599 0.000 0.378
006000 0.023 0.602 0.000 0.375
006500 0.023 0.605 0.000 0.372
007000 0.023 0.607 0.000 0.369
007500 0.023 0.610 0.000 0.367
008000 0.023 0.612 0.000 0.365
008500 0.023 0.612 0.000 0.365
009000 0.023 0.613 0.000 0.364
009500 0.023 0.615 0.000 0.362
010000 0.023 0.617 0.000 0.360
