000000 0.250 0.250 0.250 0.250
000500 0.294 0.327 0.000 0.379
001000 0.277 0.345 0.000 0.378
001500 0.276 0.351 0.000 0.373
002000 0.269 0.359 0.000 0.372
002500 0.266 0.364 0.000 0.370
003000 0.266 0.364 0.000 0.370
003500 0.266 0.368 0.000 0.366
004000 0.265 0.372 0.000 0.364
004500 0.263 0.374 0.000 0.362
005000 0.261 0.381 0.000 0.358
005500 0.258 0.384 0.000 0.358
006000 0.257 0.387 0.000 0.356
006500 0.259 0.385 0.000 0.356
007000 0.258 0.387 0.000 0.355
007500 0.254 0.392 0.000 0.353
008000 0.256 0.392 0.000 0.352
008500 0.257 0.392 0.000 0.351
009000 0.253 0.396 0.000 0.352
009500 0.252 0.397 0.000 0.352
010000 0.250 0.398 0.000 0.352
