000000 0.250 0.250 0.250 0.250
000500 0.073 0.511 0.000 0.416
001000 0.073 0.519 0.000 0.409
001500 0.073 0.524 0.000 0.403
002000 0.073 0.530 0.000 0.397
002500 0.073 0.535 0.000 0.393
003000 0.073 0.538 0.000 0.390
003500 0.073 0.543 0.000 0.385
004000 0.073 0.544 0.000 0.383
004500 0.073 0.547 0.000 0.381
005000 0.073 0.548 0.000 0.379
005500 0.073 0.551 0.000 0.377
006000 0.073 0.553 0.000 0.375
006500 0.073 0.554 0.000 0.373
007000 0.073 0.556 0.000 0.371
007500 0.073 0.559 0.000 0.369
008000 0.073 0.560 0.000 0.367
008500 0.073 0.560 0.000 0.367
009000 0.073 0.561 0.000 0.367
009500 0.073 0.560 0.000 0.368
010000 0.073 0.561 0.000 0.367
