000000 0.250 0.250 0.250 0.250
000500 0.105 0.450 0.000 0.444
001000 0.105 0.451 0.000 0.444
001500 0.105 0.453 0.000 0.441
002000 0.105 0.456 0.000 0.439
002500 0.105 0.456 0.000 0.439
003000 0.105 0.456 0.000 0.439
003500 0.105 0.456 0.000 0.439
004000 0.105 0.457 0.000 0.437
004500 0.105 0.458 0.000 0.436
005000 0.105 0.458 0.000 0.436
005500 0.105 0.457 0.000 0.437
006000 0.105 0.457 0.000 0.437
006500 0.105 0.458 0.000 0.437
007000 0.105 0.459 0.000 0.435
007500 0.105 0.458 0.000 0.436
008000 0.105 0.460 0.000 0.435
008500 0.105 0.460 0.000 0.434
009000 0.105 0.460 0.000 0.434
009500 0.105 0.460 0.000 0.434
010000 0.105 0.462 0.000 0.433
