000000 0.250 0.250 0.250 0.250
000500 0.177 0.423 0.000 0.400
001000 0.177 0.424 0.000 0.398
001500 0.177 0.427 0.000 0.396
002000 0.177 0.429 0.000 0.394
002500 0.177 0.430 0.000 0.392
003000 0.177 0.432 0.000 0.391
003500 0.177 0.433 0.000 0.390
004000 0.177 0.433 0.000 0.390
004500 0.177 0.434 0.000 0.389
005000 0.177 0.435 0.000 0.388
005500 0.177 0.435 0.000 0.388
006000 0.177 0.435 0.000 0.388
006500 0.177 0.435 0.000 0.388
007000 0.177 0.435 0.000 0.388
007500 0.177 0.435 0.000 0.387
008000 0.177 0.435 0.000 0.387
008500 0.177 0.435 0.000 0.388
009000 0.177 0.435 0.000 0.388
009500 0.177 0.435 0.000 0.388
010000 0.177 0.435 0.000 0.388
