000000 0.250 0.250 0.250 0.250
000500 0.187 0.412 0.000 0.401
001000 0.187 0.415 0.000 0.398
001500 0.187 0.416 0.000 0.397
002000 0.187 0.416 0.000 0.397
002500 0.187 0.417 0.000 0.396
003000 0.187 0.418 0.000 0.394
003500 0.187 0.419 0.000 0.394
004000 0.187 0.419 0.000 0.394
004500 0.187 0.420 0.000 0.393
005000 0.187 0.420 0.000 0.393
005500 0.187 0.420 0.000 0.393
006000 0.187 0.421 0.000 0.392
006500 0.187 0.422 0.000 0.391
007000 0.187 0.422 0.000 0.391
007500 0.187 0.422 0.000 0.391
008000 0.187 0.422 0.000 0.391
008500 0.187 0.423 0.000 0.390
009000 0.187 0.423 0.000 0.389
009500 0.187 0.423 0.000 0.390
010000 0.187 0.423 0.000 0.390
