000000 0.250 0.250 0.250 0.250
000500 0.002 0.910 0.000 0.088
001000 0.001 0.934 0.000 0.065
001500 0.001 0.938 0.000 0.061
002000 0.001 0.941 0.000 0.058
002500 0.001 0.944 0.000 0.055
003000 0.001 0.946 0.000 0.053
003500 0.001 0.947 0.000 0.052
004000 0.001 0.950 0.000 0.049
004500 0.001 0.952 0.000 0.047
005000 0.001 0.952 0.000 0.047
005500 0.001 0.954 0.000 0.045
006000 0.001 0.956 0.000 0.043
006500 0.001 0.958 0.000 0.041
007000 0.001 0.958 0.000 0.041
007500 0.001 0.959 0.000 0.040
008000 0.001 0.959 0.000 0.040
008500 0.001 0.960 0.000 0.039
009000 0.001 0.961 0.000 0.038
009500 0.001 0.962 0.000 0.037
010000 0.001 0.962 0.000 0.037
