000000 0.250 0.250 0.250 0.250
000500 0.069 0.507 0.000 0.424
001000 0.069 0.509 0.000 0.422
001500 0.069 0.514 0.000 0.417
002000 0.069 0.516 0.000 0.415
002500 0.069 0.518 0.000 0.413
003000 0.069 0.521 0.000 0.410
003500 0.069 0.525 0.000 0.406
004000 0.069 0.527 0.000 0.404
004500 0.069 0.528 0.000 0.403
005000 0.069 0.527 0.000 0.404
005500 0.069 0.530 0.000 0.401
006000 0.069 0.530 0.000 0.401
006500 0.069 0.531 0.000 0.400
007000 0.069 0.532 0.000 0.399
007500 0.069 0.534 0.000 0.397
008000 0.069 0.535 0.000 0.396
008500 0.069 0.537 0.000 0.394
009000 0.069 0.539 0.000 0.392
009500 0.069 0.540 0.000 0.391
010000 0.069 0.542 0.000 0.389
