000000 0.250 0.250 0.250 0.250
000500 0.020 0.595 0.000 0.386
001000 0.020 0.604 0.000 0.377
001500 0.020 0.609 0.000 0.372
002000 0.020 0.613 0.000 0.368
002500 0.020 0.614 0.000 0.366
003000 0.020 0.617 0.000 0.364
003500 0.020 0.618 0.000 0.362
004000 0.020 0.619 0.000 0.362
004500 0.020 0.623 0.000 0.357
005000 0.020 0.624 0.000 0.356
005500 0.020 0.627 0.000 0.353
006000 0.020 0.628 0.000 0.352
006500 0.020 0.631 0.000 0.350
007000 0.020 0.633 0.000 0.347
007500 0.020 0.636 0.000 0.344
008000 0.020 0.638 0.000 0.343
008500 0.020 0.639 0.000 0.341
009000 0.020 0.643 0.000 0.338
009500 0.020 0.646 0.000 0.335
010000 0.020 0.648 0.000 0.333
