000000 0.250 0.250 0.250 0.250
000500 0.071 0.553 0.000 0.376
001000 0.057 0.579 0.000 0.364
001500 0.053 0.588 0.000 0.359
002000 0.050 0.599 0.000 0.351
002500 0.047 0.606 0.000 0.347
003000 0.046 0.612 0.000 0.342
003500 0.047 0.616 0.000 0.337
004000 0.046 0.623 0.000 0.331
004500 0.044 0.633 0.000 0.323
005000 0.044 0.639 0.000 0.317
005500 0.044 0.644 0.000 0.312
006000 0.043 0.651 0.000 0.306
006500 0.043 0.653 0.000 0.303
007000 0.043 0.658 0.000 0.299
007500 0.043 0.660 0.000 0.297
008000 0.045 0.661 0.000 0.294
008500 0.044 0.664 0.000 0.292
009000 0.042 0.669 0.000 0.289
009500 0.042 0.671 0.000 0.287
010000 0.043 0.673 0.000 0.284
