000000 0.250 0.250 0.250 0.250
000500 0.033 0.546 0.000 0.422
001000 0.032 0.548 0.000 0.420
001500 0.032 0.550 0.000 0.417
002000 0.032 0.553 0.000 0.415
002500 0.032 0.556 0.000 0.412
003000 0.032 0.556 0.000 0.412
003500 0.032 0.558 0.000 0.410
004000 0.032 0.561 0.000 0.407
004500 0.032 0.562 0.000 0.406
005000 0.032 0.563 0.000 0.405
005500 0.032 0.564 0.000 0.404
006000 0.032 0.566 0.000 0.401
006500 0.032 0.566 0.000 0.402
007000 0.032 0.569 0.000 0.399
007500 0.032 0.568 0.000 0.400
008000 0.032 0.568 0.000 0.399
008500 0.032 0.570 0.000 0.398
009000 0.032 0.573 0.000 0.395
009500 0.032 0.573 0.000 0.394
010000 0.032 0.575 0.000 0.393
