000000 0.250 0.250 0.250 0.250
000500 0.058 0.432 0.081 0.429
001000 0.026 0.711 0.086 0.177
001500 0.025 0.856 0.089 0.030
002000 0.021 0.895 0.080 0.004
002500 0.020 0.891 0.090 0.000
003000 0.014 0.895 0.092 0.000
003500 0.010 0.893 0.097 0.000
004000 0.007 0.884 0.109 0.000
004500 0.007 0.916 0.077 0.000
005000 0.010 0.901 0.089 0.000
005500 0.010 0.896 0.094 0.000
006000 0.010 0.905 0.086 0.000
006500 0.007 0.893 0.099 0.000
007000 0.011 0.893 0.097 0.000
007500 0.009 0.904 0.087 0.000
008000 0.007 0.906 0.087 0.000
008500 0.008 0.900 0.092 0.000
009000 0.008 0.898 0.094 0.000
009500 0.011 0.915 0.074 0.000
010000 0.011 0.903 0.086 0.000
