000000 0.250 0.250 0.250 0.250
000500 0.247 0.400 0.000 0.353
001000 0.247 0.403 0.000 0.350
001500 0.247 0.403 0.000 0.350
002000 0.247 0.403 0.000 0.350
002500 0.247 0.403 0.000 0.349
003000 0.247 0.404 0.000 0.349
003500 0.247 0.404 0.000 0.349
004000 0.247 0.403 0.000 0.350
004500 0.247 0.404 0.000 0.349
005000 0.247 0.404 0.000 0.349
005500 0.247 0.404 0.000 0.349
006000 0.247 0.403 0.000 0.350
006500 0.247 0.404 0.000 0.349
007000 0.247 0.404 0.000 0.349
007500 0.247 0.405 0.000 0.348
008000 0.247 0.404 0.000 0.349
008500 0.247 0.404 0.000 0.349
009000 0.247 0.404 0.000 0.349
009500 0.247 0.404 0.000 0.349
010000 0.247 0.404 0.000 0.349
