000000 0.250 0.250 0.250 0.250
000500 0.672 0.139 0.000 0.189
001000 0.672 0.139 0.000 0.189
001500 0.675 0.137 0.000 0.189
002000 0.676 0.136 0.000 0.189
002500 0.677 0.135 0.000 0.188
003000 0.678 0.134 0.000 0.189
003500 0.676 0.135 0.000 0.189
004000 0.676 0.135 0.000 0.189
004500 0.675 0.137 0.000 0.188
005000 0.674 0.137 0.000 0.188
005500 0.675 0.137 0.000 0.188
006000 0.674 0.138 0.000 0.188
006500 0.674 0.138 0.000 0.188
007000 0.675 0.137 0.000 0.188
007500 0.674 0.138 0.000 0.188
008000 0.673 0.139 0.000 0.188
008500 0.673 0.139 0.000 0.188
009000 0.673 0.139 0.000 0.188
009500 0.672 0.139 0.000 0.188
010000 0.673 0.139 0.000 0.188
