000000 0.250 0.250 0.250 0.250
000500 0.177 0.427 0.000 0.396
001000 0.177 0.427 0.000 0.396
001500 0.177 0.429 0.000 0.394
002000 0.177 0.429 0.000 0.394
002500 0.177 0.429 0.000 0.394
003000 0.177 0.428 0.000 0.395
003500 0.177 0.429 0.000 0.394
004000 0.177 0.430 0.000 0.394
004500 0.177 0.430 0.000 0.393
005000 0.177 0.430 0.000 0.393
005500 0.177 0.430 0.000 0.393
006000 0.177 0.431 0.000 0.392
006500 0.177 0.432 0.000 0.391
007000 0.177 0.433 0.000 0.390
007500 0.177 0.433 0.000 0.391
008000 0.177 0.432 0.000 0.391
008500 0.177 0.434 0.000 0.390
009000 0.177 0.435 0.000 0.388
009500 0.177 0.436 0.000 0.388
010000 0.177 0.437 0.000 0.387
