000000 0.250 0.250 0.250 0.250
000500 0.129 0.366 0.121 0.384
001000 0.119 0.362 0.130 0.389
001500 0.118 0.319 0.130 0.433
002000 0.135 0.285 0.114 0.465
002500 0.136 0.287 0.119 0.458
003000 0.132 0.221 0.126 0.521
003500 0.138 0.204 0.118 0.540
004000 0.129 0.236 0.122 0.513
004500 0.145 0.212 0.112 0.530
005000 0.138 0.184 0.108 0.570
005500 0.137 0.185 0.111 0.567
006000 0.159 0.159 0.090 0.591
006500 0.168 0.144 0.083 0.605
007000 0.166 0.180 0.087 0.568
007500 0.175 0.192 0.081 0.552
008000 0.170 0.248 0.087 0.495
008500 0.165 0.254 0.079 0.502
009000 0.171 0.242 0.091 0.495
009500 0.163 0.271 0.093 0.473
010000 0.151 0.267 0.104 0.478
