000000 0.250 0.250 0.250 0.250
000500 0.023 0.626 0.000 0.351
001000 0.023 0.632 0.000 0.345
001500 0.023 0.636 0.000 0.341
002000 0.023 0.638 0.000 0.339
002500 0.023 0.640 0.000 0.337
003000 0.023 0.642 0.000 0.335
003500 0.023 0.645 0.000 0.332
004000 0.023 0.649 0.000 0.328
004500 0.023 0.649 0.000 0.328
005000 0.023 0.652 0.000 0.325
005500 0.023 0.653 0.000 0.324
006000 0.023 0.656 0.000 0.321
006500 0.023 0.660 0.000 0.317
007000 0.023 0.660 0.000 0.317
007500 0.023 0.662 0.000 0.315
008000 0.023 0.666 0.000 0.311
008500 0.023 0.667 0.000 0.310
009000 0.023 0.669 0.000 0.308
009500 0.023 0.669 0.000 0.307
010000 0.023 0.672 0.000 0.305
010500 0.023 0.673 0.000 0.304
011000 0.023 0.677 0.000 0.300
011500 0.023 0.677 0.000 0.300
012000 0.023 0.681 0.000 0.296
012500 0.023 0.680 0.000 0.297
013000 0.023 0.685 0.000 0.292
013500 0.023 0.686 0.000 0.291
014000 0.023 0.685 0.000 0.292
014500 0.023 0.689 0.000 0.288
015000 0.023 0.688 0.000 0.289
015500 0.023 0.691 0.000 0.286
016000 0.023 0.690 0.000 0.287
016500 0.023 0.690 0.000 0.287
017000 0.023 0.692 0.000 0.285
017500 0.023 0.692 0.000 0.285
018000 0.023 0.694 0.000 0.283
018500 0.023 0.695 0.000 0.282
019000 0.023 0.695 0.000 0.282
019500 0.023 0.696 0.000 0.281
020000 0.023 0.699 0.000 0.278
020500 0.023 0.699 0.000 0.278
021000 0.023 0.699 0.000 0.278
021500 0.023 0.702 0.000 0.275
022000 0.023 0.701 0.000 0.276
022500 0.023 0.704 0.000 0.273
023000 0.023 0.705 0.000 0.272
023500 0.023 0.705 0.000 0.272
024000 0.023 0.707 0.000 0.270
024500 0.023 0.706 0.000 0.271
025000 0.023 0.707 0.000 0.270
025500 0.023 0.708 0.000 0.269
026000 0.023 0.707 0.000 0.270
026500 0.023 0.707 0.000 0.270
027000 0.023 0.709 0.000 0.268
027500 0.023 0.711 0.000 0.266
028000 0.023 0.712 0.000 0.265
028500 0.023 0.711 0.000 0.266
029000 0.023 0.717 0.000 0.260
029500 0.023 0.715 0.000 0.262
030000 0.023 0.716 0.000 0.261
030500 0.023 0.718 0.000 0.259
031000 0.023 0.721 0.000 0.256
031500 0.023 0.722 0.000 0.255
032000 0.023 0.724 0.000 0.253
032500 0.023 0.724 0.000 0.253
033000 0.023 0.724 0.000 0.253
033500 0.023 0.725 0.000 0.252
034000 0.023 0.726 0.000 0.251
034500 0.023 0.724 0.000 0.253
035000 0.023 0.725 0.000 0.252
035500 0.023 0.725 0.000 0.252
036000 0.023 0.731 0.000 0.246
036500 0.023 0.730 0.000 0.247
037000 0.023 0.732 0.000 0.245
037500 0.023 0.733 0.000 0.244
038000 0.023 0.737 0.000 0.240
038500 0.023 0.739 0.000 0.238
039000 0.023 0.738 0.000 0.239
039500 0.023 0.738 0.000 0.239
040000 0.023 0.740 0.000 0.237
040500 0.023 0.740 0.000 0.237
041000 0.023 0.738 0.000 0.239
041500 0.023 0.740 0.000 0.237
042000 0.023 0.742 0.000 0.235
042500 0.023 0.745 0.000 0.232
043000 0.023 0.745 0.000 0.232
043500 0.023 0.749 0.000 0.228
044000 0.023 0.749 0.000 0.228
044500 0.023 0.748 0.000 0.229
045000 0.023 0.749 0.000 0.228
045500 0.023 0.752 0.000 0.225
046000 0.023 0.752 0.000 0.225
046500 0.023 0.753 0.000 0.224
047000 0.023 0.754 0.000 0.223
047500 0.023 0.753 0.000 0.224
048000 0.023 0.755 0.000 0.222
048500 0.023 0.758 0.000 0.219
049000 0.023 0.758 0.000 0.219
049500 0.023 0.757 0.000 0.220
050000 0.023 0.760 0.000 0.216
050500 0.023 0.759 0.000 0.218
051000 0.023 0.759 0.000 0.218
051500 0.023 0.761 0.000 0.216
052000 0.023 0.760 0.000 0.217
052500 0.023 0.759 0.000 0.218
053000 0.023 0.759 0.000 0.218
053500 0.023 0.761 0.000 0.216
054000 0.023 0.760 0.000 0.217
054500 0.023 0.760 0.000 0.217
055000 0.023 0.761 0.000 0.216
055500 0.023 0.761 0.000 0.216
056000 0.023 0.763 0.000 0.214
056500 0.023 0.763 0.000 0.214
057000 0.023 0.761 0.000 0.216
057500 0.023 0.763 0.000 0.214
058000 0.023 0.762 0.000 0.215
058500 0.023 0.762 0.000 0.215
059000 0.023 0.763 0.000 0.214
059500 0.023 0.764 0.000 0.213
060000 0.023 0.764 0.000 0.213
060500 0.023 0.764 0.000 0.213
061000 0.023 0.764 0.000 0.213
061500 0.023 0.764 0.000 0.213
062000 0.023 0.766 0.000 0.211
062500 0.023 0.764 0.000 0.213
063000 0.023 0.766 0.000 0.211
063500 0.023 0.767 0.000 0.210
064000 0.023 0.767 0.000 0.210
064500 0.023 0.768 0.000 0.209
065000 0.023 0.769 0.000 0.208
065500 0.023 0.768 0.000 0.209
066000 0.023 0.768 0.000 0.209
066500 0.023 0.770 0.000 0.207
067000 0.023 0.772 0.000 0.205
067500 0.023 0.773 0.000 0.204
068000 0.023 0.773 0.000 0.204
068500 0.023 0.772 0.000 0.205
069000 0.023 0.772 0.000 0.205
069500 0.023 0.773 0.000 0.204
070000 0.023 0.773 0.000 0.204
070500 0.023 0.773 0.000 0.204
071000 0.023 0.774 0.000 0.203
071500 0.023 0.773 0.000 0.204
072000 0.023 0.774 0.000 0.203
072500 0.023 0.774 0.000 0.203
073000 0.023 0.774 0.000 0.203
073500 0.023 0.774 0.000 0.203
074000 0.023 0.775 0.000 0.202
074500 0.023 0.775 0.000 0.202
075000 0.023 0.777 0.000 0.200
075500 0.023 0.780 0.000 0.197
076000 0.023 0.778 0.000 0.199
076500 0.023 0.780 0.000 0.197
077000 0.023 0.780 0.000 0.197
077500 0.023 0.783 0.000 0.194
078000 0.023 0.783 0.000 0.194
078500 0.023 0.783 0.000 0.194
079000 0.023 0.784 0.000 0.193
079500 0.023 0.783 0.000 0.194
080000 0.023 0.783 0.000 0.194
080500 0.023 0.783 0.000 0.194
081000 0.023 0.784 0.000 0.193
081500 0.023 0.784 0.000 0.193
082000 0.023 0.784 0.000 0.193
082500 0.023 0.785 0.000 0.192
083000 0.023 0.785 0.000 0.192
083500 0.023 0.787 0.000 0.190
084000 0.023 0.786 0.000 0.191
084500 0.023 0.787 0.000 0.190
085000 0.023 0.788 0.000 0.189
085500 0.023 0.788 0.000 0.189
086000 0.023 0.788 0.000 0.189
086500 0.023 0.788 0.000 0.189
087000 0.023 0.787 0.000 0.190
087500 0.023 0.788 0.000 0.189
088000 0.023 0.789 0.000 0.188
088500 0.023 0.788 0.000 0.189
089000 0.023 0.787 0.000 0.190
089500 0.023 0.787 0.000 0.190
090000 0.023 0.788 0.000 0.189
090500 0.023 0.789 0.000 0.188
091000 0.023 0.789 0.000 0.188
091500 0.023 0.789 0.000 0.188
092000 0.023 0.789 0.000 0.188
092500 0.023 0.789 0.000 0.188
093000 0.023 0.789 0.000 0.188
093500 0.023 0.790 0.000 0.187
094000 0.023 0.789 0.000 0.188
094500 0.023 0.789 0.000 0.188
095000 0.023 0.789 0.000 0.188
095500 0.023 0.789 0.000 0.188
096000 0.023 0.789 0.000 0.188
096500 0.023 0.789 0.000 0.188
097000 0.023 0.790 0.000 0.187
097500 0.023 0.789 0.000 0.188
098000 0.023 0.789 0.000 0.188
098500 0.023 0.790 0.000 0.187
099000 0.023 0.790 0.000 0.187
099500 0.023 0.791 0.000 0.186
100000 0.023 0.792 0.000 0.185
100500 0.023 0.791 0.000 0.186
101000 0.023 0.791 0.000 0.186
101500 0.023 0.792 0.000 0.185
102000 0.023 0.792 0.000 0.185
102500 0.023 0.792 0.000 0.185
103000 0.023 0.793 0.000 0.184
103500 0.023 0.793 0.000 0.184
104000 0.023 0.793 0.000 0.184
104500 0.023 0.793 0.000 0.184
105000 0.023 0.792 0.000 0.185
105500 0.023 0.793 0.000 0.184
106000 0.023 0.793 0.000 0.184
106500 0.023 0.792 0.000 0.185
107000 0.023 0.793 0.000 0.184
107500 0.023 0.794 0.000 0.183
108000 0.023 0.794 0.000 0.183
108500 0.023 0.794 0.000 0.183
109000 0.023 0.794 0.000 0.183
109500 0.023 0.794 0.000 0.183
110000 0.023 0.796 0.000 0.181
110500 0.023 0.796 0.000 0.181
111000 0.023 0.795 0.000 0.182
111500 0.023 0.795 0.000 0.182
112000 0.023 0.795 0.000 0.182
112500 0.023 0.794 0.000 0.183
113000 0.023 0.794 0.000 0.183
113500 0.023 0.795 0.000 0.182
114000 0.023 0.795 0.000 0.182
114500 0.023 0.797 0.000 0.180
115000 0.023 0.797 0.000 0.180
115500 0.023 0.796 0.000 0.181
116000 0.023 0.795 0.000 0.182
116500 0.023 0.796 0.000 0.181
117000 0.023 0.797 0.000 0.180
117500 0.023 0.797 0.000 0.180
118000 0.023 0.798 0.000 0.179
118500 0.023 0.801 0.000 0.176
119000 0.023 0.801 0.000 0.176
119500 0.023 0.803 0.000 0.174
120000 0.023 0.801 0.000 0.175
120500 0.023 0.802 0.000 0.175
121000 0.023 0.803 0.000 0.174
121500 0.023 0.802 0.000 0.175
122000 0.023 0.802 0.000 0.175
122500 0.023 0.803 0.000 0.174
123000 0.023 0.803 0.000 0.174
123500 0.023 0.803 0.000 0.174
124000 0.023 0.803 0.000 0.174
124500 0.023 0.802 0.000 0.175
125000 0.023 0.802 0.000 0.175
125500 0.023 0.804 0.000 0.173
126000 0.023 0.806 0.000 0.171
126500 0.023 0.806 0.000 0.171
127000 0.023 0.806 0.000 0.171
127500 0.023 0.806 0.000 0.171
128000 0.023 0.806 0.000 0.171
128500 0.023 0.806 0.000 0.171
129000 0.023 0.806 0.000 0.171
129500 0.023 0.807 0.000 0.170
130000 0.023 0.807 0.000 0.170
130500 0.023 0.806 0.000 0.171
131000 0.023 0.806 0.000 0.171
131500 0.023 0.806 0.000 0.171
132000 0.023 0.807 0.000 0.170
132500 0.023 0.807 0.000 0.170
133000 0.023 0.807 0.000 0.170
133500 0.023 0.807 0.000 0.170
134000 0.023 0.806 0.000 0.171
134500 0.023 0.807 0.000 0.170
135000 0.023 0.806 0.000 0.171
135500 0.023 0.806 0.000 0.171
136000 0.023 0.807 0.000 0.170
136500 0.023 0.806 0.000 0.171
137000 0.023 0.808 0.000 0.169
137500 0.023 0.808 0.000 0.169
138000 0.023 0.808 0.000 0.169
138500 0.023 0.807 0.000 0.170
139000 0.023 0.806 0.000 0.171
139500 0.023 0.808 0.000 0.169
140000 0.023 0.808 0.000 0.169
140500 0.023 0.806 0.000 0.171
141000 0.023 0.807 0.000 0.170
141500 0.023 0.807 0.000 0.170
142000 0.023 0.807 0.000 0.170
142500 0.023 0.807 0.000 0.170
143000 0.023 0.808 0.000 0.169
143500 0.023 0.808 0.000 0.169
144000 0.023 0.809 0.000 0.168
144500 0.023 0.809 0.000 0.168
145000 0.023 0.809 0.000 0.168
145500 0.023 0.809 0.000 0.168
146000 0.023 0.810 0.000 0.167
146500 0.023 0.810 0.000 0.167
147000 0.023 0.811 0.000 0.166
147500 0.023 0.810 0.000 0.167
148000 0.023 0.811 0.000 0.166
148500 0.023 0.813 0.000 0.164
149000 0.023 0.813 0.000 0.164
149500 0.023 0.814 0.000 0.164
150000 0.023 0.814 0.000 0.163
150500 0.023 0.814 0.000 0.163
151000 0.023 0.815 0.000 0.162
151500 0.023 0.815 0.000 0.162
152000 0.023 0.815 0.000 0.162
152500 0.023 0.814 0.000 0.163
153000 0.023 0.814 0.000 0.163
153500 0.023 0.814 0.000 0.163
154000 0.023 0.814 0.000 0.163
154500 0.023 0.814 0.000 0.163
155000 0.023 0.814 0.000 0.163
155500 0.023 0.814 0.000 0.163
156000 0.023 0.815 0.000 0.162
156500 0.023 0.814 0.000 0.163
157000 0.023 0.814 0.000 0.163
157500 0.023 0.814 0.000 0.163
158000 0.023 0.814 0.000 0.163
158500 0.023 0.814 0.000 0.163
159000 0.023 0.813 0.000 0.164
159500 0.023 0.813 0.000 0.164
160000 0.023 0.813 0.000 0.164
160500 0.023 0.813 0.000 0.164
161000 0.023 0.813 0.000 0.164
161500 0.023 0.814 0.000 0.163
162000 0.023 0.814 0.000 0.163
162500 0.023 0.813 0.000 0.164
163000 0.023 0.814 0.000 0.163
163500 0.023 0.813 0.000 0.164
164000 0.023 0.813 0.000 0.164
164500 0.023 0.813 0.000 0.164
165000 0.023 0.813 0.000 0.164
165500 0.023 0.813 0.000 0.164
166000 0.023 0.814 0.000 0.163
166500 0.023 0.813 0.000 0.164
167000 0.023 0.813 0.000 0.164
167500 0.023 0.812 0.000 0.165
168000 0.023 0.812 0.000 0.165
168500 0.023 0.812 0.000 0.165
169000 0.023 0.812 0.000 0.165
169500 0.023 0.813 0.000 0.164
170000 0.023 0.813 0.000 0.164
170500 0.023 0.814 0.000 0.163
171000 0.023 0.813 0.000 0.164
171500 0.023 0.813 0.000 0.164
172000 0.023 0.814 0.000 0.163
172500 0.023 0.814 0.000 0.163
173000 0.023 0.814 0.000 0.163
173500 0.023 0.814 0.000 0.163
174000 0.023 0.815 0.000 0.162
174500 0.023 0.814 0.000 0.163
175000 0.023 0.815 0.000 0.162
175500 0.023 0.815 0.000 0.162
176000 0.023 0.815 0.000 0.162
176500 0.023 0.814 0.000 0.163
177000 0.023 0.815 0.000 0.162
177500 0.023 0.814 0.000 0.163
178000 0.023 0.814 0.000 0.163
178500 0.023 0.814 0.000 0.163
179000 0.023 0.814 0.000 0.163
179500 0.023 0.814 0.000 0.163
180000 0.023 0.814 0.000 0.163
180500 0.023 0.814 0.000 0.163
181000 0.023 0.816 0.000 0.161
181500 0.023 0.814 0.000 0.163
182000 0.023 0.816 0.000 0.161
182500 0.023 0.817 0.000 0.160
183000 0.023 0.816 0.000 0.161
183500 0.023 0.816 0.000 0.161
184000 0.023 0.816 0.000 0.161
184500 0.023 0.816 0.000 0.161
185000 0.023 0.816 0.000 0.161
185500 0.023 0.815 0.000 0.162
186000 0.023 0.817 0.000 0.160
186500 0.023 0.817 0.000 0.160
187000 0.023 0.816 0.000 0.161
187500 0.023 0.817 0.000 0.160
188000 0.023 0.817 0.000 0.160
188500 0.023 0.817 0.000 0.160
189000 0.023 0.816 0.000 0.161
189500 0.023 0.817 0.000 0.160
190000 0.023 0.816 0.000 0.161
190500 0.023 0.818 0.000 0.159
191000 0.023 0.816 0.000 0.161
191500 0.023 0.817 0.000 0.160
192000 0.023 0.817 0.000 0.160
192500 0.023 0.817 0.000 0.160
193000 0.023 0.817 0.000 0.160
193500 0.023 0.817 0.000 0.160
194000 0.023 0.816 0.000 0.161
194500 0.023 0.817 0.000 0.160
195000 0.023 0.816 0.000 0.161
195500 0.023 0.816 0.000 0.161
196000 0.023 0.816 0.000 0.161
196500 0.023 0.817 0.000 0.160
197000 0.023 0.817 0.000 0.160
197500 0.023 0.817 0.000 0.160
198000 0.023 0.818 0.000 0.159
198500 0.023 0.818 0.000 0.159
199000 0.023 0.817 0.000 0.160
199500 0.023 0.816 0.000 0.161
200000 0.023 0.818 0.000 0.159
200500 0.023 0.818 0.000 0.159
201000 0.023 0.817 0.000 0.160
201500 0.023 0.817 0.000 0.160
202000 0.023 0.818 0.000 0.159
202500 0.023 0.817 0.000 0.160
203000 0.023 0.817 0.000 0.160
203500 0.023 0.818 0.000 0.159
204000 0.023 0.823 0.000 0.154
204500 0.023 0.823 0.000 0.154
205000 0.023 0.823 0.000 0.154
205500 0.023 0.822 0.000 0.155
206000 0.023 0.821 0.000 0.156
206500 0.023 0.822 0.000 0.155
207000 0.023 0.822 0.000 0.155
207500 0.023 0.823 0.000 0.154
208000 0.023 0.822 0.000 0.155
208500 0.023 0.822 0.000 0.155
209000 0.023 0.822 0.000 0.155
209500 0.023 0.822 0.000 0.155
210000 0.023 0.822 0.000 0.155
210500 0.023 0.822 0.000 0.155
211000 0.023 0.822 0.000 0.155
211500 0.023 0.823 0.000 0.154
212000 0.023 0.823 0.000 0.154
212500 0.023 0.822 0.000 0.155
213000 0.023 0.822 0.000 0.155
213500 0.023 0.823 0.000 0.154
214000 0.023 0.823 0.000 0.154
214500 0.023 0.822 0.000 0.155
215000 0.023 0.823 0.000 0.154
215500 0.023 0.823 0.000 0.154
216000 0.023 0.823 0.000 0.154
216500 0.023 0.824 0.000 0.153
217000 0.023 0.823 0.000 0.154
217500 0.023 0.823 0.000 0.154
218000 0.023 0.823 0.000 0.154
218500 0.023 0.823 0.000 0.154
219000 0.023 0.823 0.000 0.154
219500 0.023 0.824 0.000 0.153
220000 0.023 0.824 0.000 0.153
220500 0.023 0.823 0.000 0.154
221000 0.023 0.824 0.000 0.153
221500 0.023 0.823 0.000 0.154
222000 0.023 0.823 0.000 0.154
222500 0.023 0.823 0.000 0.154
223000 0.023 0.823 0.000 0.154
223500 0.023 0.824 0.000 0.153
224000 0.023 0.823 0.000 0.154
224500 0.023 0.824 0.000 0.153
225000 0.023 0.824 0.000 0.153
225500 0.023 0.823 0.000 0.154
226000 0.023 0.823 0.000 0.154
226500 0.023 0.824 0.000 0.153
227000 0.023 0.823 0.000 0.154
227500 0.023 0.823 0.000 0.154
228000 0.023 0.823 0.000 0.154
228500 0.023 0.823 0.000 0.154
229000 0.023 0.823 0.000 0.154
229500 0.023 0.823 0.000 0.154
230000 0.023 0.824 0.000 0.153
230500 0.023 0.824 0.000 0.153
231000 0.023 0.822 0.000 0.155
231500 0.023 0.824 0.000 0.153
232000 0.023 0.823 0.000 0.154
232500 0.023 0.823 0.000 0.154
233000 0.023 0.823 0.000 0.154
233500 0.023 0.822 0.000 0.155
234000 0.023 0.823 0.000 0.154
234500 0.023 0.824 0.000 0.153
235000 0.023 0.823 0.000 0.154
235500 0.023 0.823 0.000 0.154
236000 0.023 0.823 0.000 0.154
236500 0.023 0.823 0.000 0.154
237000 0.023 0.824 0.000 0.153
237500 0.023 0.822 0.000 0.155
238000 0.023 0.823 0.000 0.154
238500 0.023 0.823 0.000 0.154
239000 0.023 0.822 0.000 0.155
239500 0.023 0.823 0.000 0.154
240000 0.023 0.823 0.000 0.154
240500 0.023 0.824 0.000 0.153
241000 0.023 0.823 0.000 0.154
241500 0.023 0.823 0.000 0.154
242000 0.023 0.822 0.000 0.155
242500 0.023 0.822 0.000 0.155
243000 0.023 0.822 0.000 0.155
243500 0.023 0.822 0.000 0.155
244000 0.023 0.822 0.000 0.155
244500 0.023 0.823 0.000 0.154
245000 0.023 0.823 0.000 0.154
245500 0.023 0.823 0.000 0.154
246000 0.023 0.823 0.000 0.154
246500 0.023 0.823 0.000 0.154
247000 0.023 0.822 0.000 0.155
247500 0.023 0.824 0.000 0.153
248000 0.023 0.823 0.000 0.154
248500 0.023 0.823 0.000 0.154
249000 0.023 0.823 0.000 0.154
249500 0.023 0.822 0.000 0.155
250000 0.023 0.822 0.000 0.155
250500 0.023 0.824 0.000 0.153
251000 0.023 0.823 0.000 0.154
251500 0.023 0.824 0.000 0.153
252000 0.023 0.824 0.000 0.153
252500 0.023 0.824 0.000 0.153
253000 0.023 0.824 0.000 0.153
253500 0.023 0.824 0.000 0.153
254000 0.023 0.824 0.000 0.153
254500 0.023 0.825 0.000 0.152
255000 0.023 0.824 0.000 0.153
255500 0.023 0.823 0.000 0.154
256000 0.023 0.825 0.000 0.152
256500 0.023 0.826 0.000 0.151
257000 0.023 0.825 0.000 0.152
257500 0.023 0.826 0.000 0.151
258000 0.023 0.826 0.000 0.151
258500 0.023 0.826 0.000 0.151
259000 0.023 0.827 0.000 0.150
259500 0.023 0.825 0.000 0.152
260000 0.023 0.827 0.000 0.150
260500 0.023 0.827 0.000 0.150
261000 0.023 0.827 0.000 0.150
261500 0.023 0.828 0.000 0.149
262000 0.023 0.827 0.000 0.150
262500 0.023 0.827 0.000 0.150
263000 0.023 0.827 0.000 0.150
263500 0.023 0.827 0.000 0.150
264000 0.023 0.827 0.000 0.150
264500 0.023 0.828 0.000 0.149
265000 0.023 0.827 0.000 0.150
265500 0.023 0.828 0.000 0.149
266000 0.023 0.827 0.000 0.150
266500 0.023 0.827 0.000 0.150
267000 0.023 0.828 0.000 0.149
267500 0.023 0.827 0.000 0.150
268000 0.023 0.827 0.000 0.150
268500 0.023 0.828 0.000 0.149
269000 0.023 0.827 0.000 0.150
269500 0.023 0.828 0.000 0.149
270000 0.023 0.828 0.000 0.149
270500 0.023 0.827 0.000 0.150
271000 0.023 0.827 0.000 0.150
271500 0.023 0.828 0.000 0.149
272000 0.023 0.832 0.000 0.145
272500 0.023 0.832 0.000 0.145
273000 0.023 0.832 0.000 0.145
273500 0.023 0.832 0.000 0.145
274000 0.023 0.832 0.000 0.145
274500 0.023 0.832 0.000 0.145
275000 0.023 0.831 0.000 0.146
275500 0.023 0.831 0.000 0.146
276000 0.023 0.832 0.000 0.145
276500 0.023 0.832 0.000 0.145
277000 0.023 0.832 0.000 0.145
277500 0.023 0.832 0.000 0.145
278000 0.023 0.832 0.000 0.145
278500 0.023 0.832 0.000 0.145
279000 0.023 0.832 0.000 0.145
279500 0.023 0.832 0.000 0.145
280000 0.023 0.833 0.000 0.144
280500 0.023 0.832 0.000 0.145
281000 0.023 0.833 0.000 0.144
281500 0.023 0.833 0.000 0.144
282000 0.023 0.833 0.000 0.144
282500 0.023 0.833 0.000 0.144
283000 0.023 0.833 0.000 0.144
283500 0.023 0.834 0.000 0.143
284000 0.023 0.833 0.000 0.144
284500 0.023 0.834 0.000 0.143
285000 0.023 0.833 0.000 0.144
285500 0.023 0.833 0.000 0.144
286000 0.023 0.833 0.000 0.144
286500 0.023 0.833 0.000 0.144
287000 0.023 0.834 0.000 0.143
287500 0.023 0.834 0.000 0.143
288000 0.023 0.833 0.000 0.144
288500 0.023 0.833 0.000 0.144
289000 0.023 0.833 0.000 0.144
289500 0.023 0.834 0.000 0.143
290000 0.023 0.833 0.000 0.144
290500 0.023 0.832 0.000 0.145
291000 0.023 0.833 0.000 0.144
291500 0.023 0.833 0.000 0.144
292000 0.023 0.833 0.000 0.144
292500 0.023 0.834 0.000 0.143
293000 0.023 0.834 0.000 0.143
293500 0.023 0.834 0.000 0.143
294000 0.023 0.834 0.000 0.143
294500 0.023 0.834 0.000 0.143
295000 0.023 0.834 0.000 0.143
295500 0.023 0.836 0.000 0.141
296000 0.023 0.835 0.000 0.142
296500 0.023 0.835 0.000 0.142
297000 0.023 0.835 0.000 0.142
297500 0.023 0.835 0.000 0.142
298000 0.023 0.835 0.000 0.142
298500 0.023 0.835 0.000 0.142
299000 0.023 0.836 0.000 0.141
299500 0.023 0.836 0.000 0.141
300000 0.023 0.835 0.000 0.142
300500 0.023 0.835 0.000 0.142
301000 0.023 0.835 0.000 0.142
301500 0.023 0.835 0.000 0.142
302000 0.023 0.835 0.000 0.142
302500 0.023 0.836 0.000 0.141
303000 0.023 0.835 0.000 0.142
303500 0.023 0.835 0.000 0.142
304000 0.023 0.835 0.000 0.142
304500 0.023 0.835 0.000 0.142
305000 0.023 0.834 0.000 0.143
305500 0.023 0.835 0.000 0.142
306000 0.023 0.835 0.000 0.142
306500 0.023 0.835 0.000 0.142
307000 0.023 0.833 0.000 0.144
307500 0.023 0.835 0.000 0.142
308000 0.023 0.835 0.000 0.142
308500 0.023 0.835 0.000 0.142
309000 0.023 0.835 0.000 0.142
309500 0.023 0.835 0.000 0.142
310000 0.023 0.835 0.000 0.142
310500 0.023 0.835 0.000 0.142
311000 0.023 0.836 0.000 0.141
311500 0.023 0.836 0.000 0.141
312000 0.023 0.837 0.000 0.140
312500 0.023 0.837 0.000 0.140
313000 0.023 0.837 0.000 0.140
313500 0.023 0.836 0.000 0.141
314000 0.023 0.836 0.000 0.141
314500 0.023 0.837 0.000 0.140
315000 0.023 0.837 0.000 0.140
315500 0.023 0.837 0.000 0.140
316000 0.023 0.836 0.000 0.141
316500 0.023 0.837 0.000 0.140
317000 0.023 0.837 0.000 0.140
317500 0.023 0.837 0.000 0.140
318000 0.023 0.837 0.000 0.140
318500 0.023 0.837 0.000 0.140
319000 0.023 0.837 0.000 0.140
319500 0.023 0.837 0.000 0.140
320000 0.023 0.837 0.000 0.140
320500 0.023 0.837 0.000 0.140
321000 0.023 0.837 0.000 0.140
321500 0.023 0.837 0.000 0.140
322000 0.023 0.837 0.000 0.140
322500 0.023 0.836 0.000 0.141
323000 0.023 0.836 0.000 0.141
323500 0.023 0.837 0.000 0.140
324000 0.023 0.836 0.000 0.141
324500 0.023 0.837 0.000 0.140
325000 0.023 0.837 0.000 0.140
325500 0.023 0.837 0.000 0.140
326000 0.023 0.836 0.000 0.141
326500 0.023 0.837 0.000 0.140
327000 0.023 0.836 0.000 0.141
327500 0.023 0.836 0.000 0.141
328000 0.023 0.837 0.000 0.140
328500 0.023 0.837 0.000 0.140
329000 0.023 0.836 0.000 0.141
329500 0.023 0.836 0.000 0.141
330000 0.023 0.837 0.000 0.140
330500 0.023 0.836 0.000 0.141
331000 0.023 0.836 0.000 0.141
331500 0.023 0.838 0.000 0.140
332000 0.023 0.837 0.000 0.140
332500 0.023 0.837 0.000 0.140
333000 0.023 0.837 0.000 0.140
333500 0.023 0.837 0.000 0.140
334000 0.023 0.837 0.000 0.140
334500 0.023 0.838 0.000 0.139
335000 0.023 0.838 0.000 0.139
335500 0.023 0.837 0.000 0.140
336000 0.023 0.836 0.000 0.141
336500 0.023 0.837 0.000 0.140
337000 0.023 0.837 0.000 0.140
337500 0.023 0.837 0.000 0.140
338000 0.023 0.837 0.000 0.140
338500 0.023 0.837 0.000 0.140
339000 0.023 0.837 0.000 0.140
339500 0.023 0.838 0.000 0.139
340000 0.023 0.838 0.000 0.139
340500 0.023 0.838 0.000 0.139
341000 0.023 0.838 0.000 0.139
341500 0.023 0.838 0.000 0.139
342000 0.023 0.838 0.000 0.139
342500 0.023 0.838 0.000 0.140
343000 0.023 0.837 0.000 0.140
343500 0.023 0.837 0.000 0.140
344000 0.023 0.837 0.000 0.140
344500 0.023 0.837 0.000 0.140
345000 0.023 0.837 0.000 0.140
345500 0.023 0.837 0.000 0.140
346000 0.023 0.837 0.000 0.140
346500 0.023 0.837 0.000 0.140
347000 0.023 0.837 0.000 0.140
347500 0.023 0.836 0.000 0.141
348000 0.023 0.837 0.000 0.140
348500 0.023 0.838 0.000 0.139
349000 0.023 0.837 0.000 0.140
349500 0.023 0.837 0.000 0.140
350000 0.023 0.837 0.000 0.140
350500 0.023 0.837 0.000 0.140
351000 0.023 0.837 0.000 0.140
351500 0.023 0.837 0.000 0.140
352000 0.023 0.838 0.000 0.139
352500 0.023 0.837 0.000 0.140
353000 0.023 0.837 0.000 0.140
353500 0.023 0.836 0.000 0.141
354000 0.023 0.837 0.000 0.140
354500 0.023 0.837 0.000 0.140
355000 0.023 0.837 0.000 0.140
355500 0.023 0.837 0.000 0.140
356000 0.023 0.838 0.000 0.139
356500 0.023 0.837 0.000 0.140
357000 0.023 0.837 0.000 0.140
357500 0.023 0.837 0.000 0.140
358000 0.023 0.837 0.000 0.140
358500 0.023 0.837 0.000 0.140
359000 0.023 0.837 0.000 0.140
359500 0.023 0.838 0.000 0.140
360000 0.023 0.837 0.000 0.140
360500 0.023 0.837 0.000 0.140
361000 0.023 0.837 0.000 0.140
361500 0.023 0.838 0.000 0.139
362000 0.023 0.837 0.000 0.140
362500 0.023 0.837 0.000 0.140
363000 0.023 0.838 0.000 0.139
363500 0.023 0.837 0.000 0.140
364000 0.023 0.837 0.000 0.140
364500 0.023 0.837 0.000 0.140
365000 0.023 0.837 0.000 0.140
365500 0.023 0.837 0.000 0.140
366000 0.023 0.837 0.000 0.140
366500 0.023 0.837 0.000 0.140
367000 0.023 0.837 0.000 0.140
367500 0.023 0.836 0.000 0.141
368000 0.023 0.838 0.000 0.139
368500 0.023 0.837 0.000 0.140
369000 0.023 0.837 0.000 0.140
369500 0.023 0.837 0.000 0.140
370000 0.023 0.837 0.000 0.140
370500 0.023 0.838 0.000 0.140
371000 0.023 0.837 0.000 0.140
371500 0.023 0.837 0.000 0.140
372000 0.023 0.837 0.000 0.140
372500 0.023 0.837 0.000 0.140
373000 0.023 0.837 0.000 0.140
373500 0.023 0.837 0.000 0.140
374000 0.023 0.837 0.000 0.140
374500 0.023 0.837 0.000 0.140
375000 0.023 0.837 0.000 0.140
375500 0.023 0.837 0.000 0.140
376000 0.023 0.836 0.000 0.141
376500 0.023 0.838 0.000 0.139
377000 0.023 0.837 0.000 0.140
377500 0.023 0.838 0.000 0.139
378000 0.023 0.837 0.000 0.140
378500 0.023 0.837 0.000 0.140
379000 0.023 0.837 0.000 0.140
379500 0.023 0.837 0.000 0.140
380000 0.023 0.837 0.000 0.140
380500 0.023 0.837 0.000 0.140
381000 0.023 0.837 0.000 0.140
381500 0.023 0.837 0.000 0.140
382000 0.023 0.837 0.000 0.140
382500 0.023 0.837 0.000 0.140
383000 0.023 0.837 0.000 0.140
383500 0.023 0.838 0.000 0.139
384000 0.023 0.838 0.000 0.139
384500 0.023 0.838 0.000 0.139
385000 0.023 0.837 0.000 0.140
385500 0.023 0.837 0.000 0.140
386000 0.023 0.837 0.000 0.140
386500 0.023 0.837 0.000 0.140
387000 0.023 0.837 0.000 0.140
387500 0.023 0.837 0.000 0.140
388000 0.023 0.838 0.000 0.139
388500 0.023 0.837 0.000 0.140
389000 0.023 0.838 0.000 0.139
389500 0.023 0.837 0.000 0.140
390000 0.023 0.837 0.000 0.140
390500 0.023 0.837 0.000 0.140
391000 0.023 0.838 0.000 0.139
391500 0.023 0.837 0.000 0.140
392000 0.023 0.837 0.000 0.140
392500 0.023 0.837 0.000 0.140
393000 0.023 0.837 0.000 0.140
393500 0.023 0.837 0.000 0.140
394000 0.023 0.836 0.000 0.141
394500 0.023 0.837 0.000 0.140
395000 0.023 0.836 0.000 0.141
395500 0.023 0.837 0.000 0.140
396000 0.023 0.838 0.000 0.139
396500 0.023 0.837 0.000 0.140
397000 0.023 0.837 0.000 0.140
397500 0.023 0.837 0.000 0.140
398000 0.023 0.836 0.000 0.141
398500 0.023 0.837 0.000 0.141
399000 0.023 0.836 0.000 0.141
399500 0.023 0.836 0.000 0.141
400000 0.023 0.837 0.000 0.140
400500 0.023 0.836 0.000 0.141
401000 0.023 0.837 0.000 0.140
401500 0.023 0.837 0.000 0.140
402000 0.023 0.837 0.000 0.140
402500 0.023 0.836 0.000 0.141
403000 0.023 0.837 0.000 0.140
403500 0.023 0.837 0.000 0.140
404000 0.023 0.837 0.000 0.140
404500 0.023 0.837 0.000 0.140
405000 0.023 0.837 0.000 0.140
405500 0.023 0.837 0.000 0.140
406000 0.023 0.837 0.000 0.140
406500 0.023 0.836 0.000 0.141
407000 0.023 0.836 0.000 0.141
407500 0.023 0.837 0.000 0.140
408000 0.023 0.836 0.000 0.141
408500 0.023 0.836 0.000 0.141
409000 0.023 0.836 0.000 0.141
409500 0.023 0.836 0.000 0.141
410000 0.023 0.837 0.000 0.140
410500 0.023 0.837 0.000 0.140
411000 0.023 0.836 0.000 0.141
411500 0.023 0.837 0.000 0.140
412000 0.023 0.836 0.000 0.141
412500 0.023 0.837 0.000 0.140
413000 0.023 0.836 0.000 0.141
413500 0.023 0.837 0.000 0.140
414000 0.023 0.837 0.000 0.140
414500 0.023 0.838 0.000 0.139
415000 0.023 0.836 0.000 0.141
415500 0.023 0.837 0.000 0.140
416000 0.023 0.837 0.000 0.140
416500 0.023 0.837 0.000 0.140
417000 0.023 0.837 0.000 0.140
417500 0.023 0.838 0.000 0.139
418000 0.023 0.837 0.000 0.140
418500 0.023 0.837 0.000 0.140
419000 0.023 0.837 0.000 0.140
419500 0.023 0.837 0.000 0.140
420000 0.023 0.838 0.000 0.139
420500 0.023 0.837 0.000 0.140
421000 0.023 0.837 0.000 0.140
421500 0.023 0.837 0.000 0.140
422000 0.023 0.837 0.000 0.140
422500 0.023 0.837 0.000 0.140
423000 0.023 0.837 0.000 0.140
423500 0.023 0.837 0.000 0.140
424000 0.023 0.837 0.000 0.140
424500 0.023 0.837 0.000 0.140
425000 0.023 0.837 0.000 0.140
425500 0.023 0.837 0.000 0.140
426000 0.023 0.837 0.000 0.140
426500 0.023 0.837 0.000 0.140
427000 0.023 0.836 0.000 0.141
427500 0.023 0.837 0.000 0.140
428000 0.023 0.837 0.000 0.140
428500 0.023 0.838 0.000 0.139
429000 0.023 0.837 0.000 0.140
429500 0.023 0.836 0.000 0.141
430000 0.023 0.837 0.000 0.140
430500 0.023 0.837 0.000 0.140
431000 0.023 0.837 0.000 0.140
431500 0.023 0.837 0.000 0.140
432000 0.023 0.838 0.000 0.140
432500 0.023 0.838 0.000 0.139
433000 0.023 0.837 0.000 0.140
433500 0.023 0.837 0.000 0.140
434000 0.023 0.837 0.000 0.140
434500 0.023 0.837 0.000 0.140
435000 0.023 0.837 0.000 0.140
435500 0.023 0.838 0.000 0.139
436000 0.023 0.837 0.000 0.140
436500 0.023 0.838 0.000 0.140
437000 0.023 0.837 0.000 0.140
437500 0.023 0.836 0.000 0.141
438000 0.023 0.838 0.000 0.139
438500 0.023 0.837 0.000 0.140
439000 0.023 0.837 0.000 0.140
439500 0.023 0.837 0.000 0.140
440000 0.023 0.837 0.000 0.140
440500 0.023 0.837 0.000 0.140
441000 0.023 0.836 0.000 0.141
441500 0.023 0.836 0.000 0.141
442000 0.023 0.837 0.000 0.140
442500 0.023 0.837 0.000 0.140
443000 0.023 0.837 0.000 0.140
443500 0.023 0.837 0.000 0.140
444000 0.023 0.836 0.000 0.141
444500 0.023 0.837 0.000 0.140
445000 0.023 0.836 0.000 0.141
445500 0.023 0.837 0.000 0.140
446000 0.023 0.837 0.000 0.140
446500 0.023 0.837 0.000 0.140
447000 0.023 0.837 0.000 0.140
447500 0.023 0.837 0.000 0.140
448000 0.023 0.836 0.000 0.141
448500 0.023 0.837 0.000 0.140
449000 0.023 0.837 0.000 0.140
449500 0.023 0.838 0.000 0.140
450000 0.023 0.837 0.000 0.140
450500 0.023 0.837 0.000 0.140
451000 0.023 0.837 0.000 0.140
451500 0.023 0.837 0.000 0.140
452000 0.023 0.837 0.000 0.140
452500 0.023 0.836 0.000 0.141
453000 0.023 0.837 0.000 0.140
453500 0.023 0.837 0.000 0.140
454000 0.023 0.837 0.000 0.140
454500 0.023 0.837 0.000 0.141
455000 0.023 0.836 0.000 0.141
455500 0.023 0.837 0.000 0.140
456000 0.023 0.837 0.000 0.140
456500 0.023 0.837 0.000 0.140
457000 0.023 0.836 0.000 0.141
457500 0.023 0.837 0.000 0.140
458000 0.023 0.836 0.000 0.141
458500 0.023 0.837 0.000 0.140
459000 0.023 0.836 0.000 0.141
459500 0.023 0.836 0.000 0.141
460000 0.023 0.836 0.000 0.141
460500 0.023 0.836 0.000 0.141
461000 0.023 0.836 0.000 0.141
461500 0.023 0.837 0.000 0.140
462000 0.023 0.837 0.000 0.140
462500 0.023 0.836 0.000 0.141
463000 0.023 0.837 0.000 0.140
463500 0.023 0.837 0.000 0.140
464000 0.023 0.837 0.000 0.140
464500 0.023 0.836 0.000 0.141
465000 0.023 0.837 0.000 0.140
465500 0.023 0.837 0.000 0.140
466000 0.023 0.837 0.000 0.140
466500 0.023 0.836 0.000 0.141
467000 0.023 0.837 0.000 0.140
467500 0.023 0.836 0.000 0.141
468000 0.023 0.837 0.000 0.140
468500 0.023 0.837 0.000 0.140
469000 0.023 0.837 0.000 0.140
469500 0.023 0.837 0.000 0.140
470000 0.023 0.836 0.000 0.141
470500 0.023 0.836 0.000 0.141
471000 0.023 0.837 0.000 0.140
471500 0.023 0.837 0.000 0.140
472000 0.023 0.837 0.000 0.140
472500 0.023 0.838 0.000 0.139
473000 0.023 0.837 0.000 0.140
473500 0.023 0.837 0.000 0.140
474000 0.023 0.837 0.000 0.140
474500 0.023 0.837 0.000 0.140
475000 0.023 0.837 0.000 0.140
475500 0.023 0.837 0.000 0.140
476000 0.023 0.837 0.000 0.140
476500 0.023 0.837 0.000 0.140
477000 0.023 0.837 0.000 0.140
477500 0.023 0.837 0.000 0.140
478000 0.023 0.837 0.000 0.140
478500 0.023 0.836 0.000 0.141
479000 0.023 0.837 0.000 0.140
479500 0.023 0.837 0.000 0.140
480000 0.023 0.837 0.000 0.140
480500 0.023 0.838 0.000 0.140
481000 0.023 0.837 0.000 0.140
481500 0.023 0.837 0.000 0.140
482000 0.023 0.837 0.000 0.140
482500 0.023 0.837 0.000 0.140
483000 0.023 0.837 0.000 0.140
483500 0.023 0.838 0.000 0.139
484000 0.023 0.837 0.000 0.140
484500 0.023 0.838 0.000 0.139
485000 0.023 0.837 0.000 0.140
485500 0.023 0.837 0.000 0.140
486000 0.023 0.837 0.000 0.140
486500 0.023 0.836 0.000 0.141
487000 0.023 0.836 0.000 0.141
487500 0.023 0.836 0.000 0.141
488000 0.023 0.837 0.000 0.140
488500 0.023 0.838 0.000 0.139
489000 0.023 0.837 0.000 0.140
489500 0.023 0.837 0.000 0.140
490000 0.023 0.837 0.000 0.140
490500 0.023 0.837 0.000 0.140
491000 0.023 0.837 0.000 0.140
491500 0.023 0.837 0.000 0.140
492000 0.023 0.837 0.000 0.140
492500 0.023 0.837 0.000 0.140
493000 0.023 0.837 0.000 0.140
493500 0.023 0.837 0.000 0.140
494000 0.023 0.837 0.000 0.141
494500 0.023 0.836 0.000 0.141
495000 0.023 0.836 0.000 0.141
495500 0.023 0.837 0.000 0.140
496000 0.023 0.837 0.000 0.140
496500 0.023 0.837 0.000 0.140
497000 0.023 0.837 0.000 0.140
497500 0.023 0.837 0.000 0.140
498000 0.023 0.837 0.000 0.140
498500 0.023 0.836 0.000 0.141
499000 0.023 0.837 0.000 0.140
499500 0.023 0.837 0.000 0.140
500000 0.023 0.838 0.000 0.139
