000000 0.250 0.250 0.250 0.250
000500 0.034 0.636 0.000 0.330
001000 0.033 0.655 0.000 0.312
001500 0.033 0.663 0.000 0.304
002000 0.033 0.671 0.000 0.296
002500 0.033 0.677 0.000 0.290
003000 0.033 0.686 0.000 0.281
003500 0.033 0.690 0.000 0.277
004000 0.033 0.694 0.000 0.273
004500 0.033 0.698 0.000 0.269
005000 0.033 0.704 0.000 0.263
005500 0.033 0.709 0.000 0.258
006000 0.033 0.714 0.000 0.253
006500 0.033 0.718 0.000 0.249
007000 0.033 0.719 0.000 0.248
007500 0.033 0.722 0.000 0.245
008000 0.033 0.724 0.000 0.243
008500 0.033 0.727 0.000 0.240
009000 0.033 0.732 0.000 0.235
009500 0.033 0.738 0.000 0.229
010000 0.033 0.742 0.000 0.225
010500 0.033 0.744 0.000 0.223
011000 0.033 0.746 0.000 0.221
011500 0.033 0.746 0.000 0.221
012000 0.033 0.748 0.000 0.219
012500 0.033 0.748 0.000 0.218
013000 0.033 0.749 0.000 0.218
013500 0.033 0.748 0.000 0.219
014000 0.033 0.750 0.000 0.217
014500 0.033 0.753 0.000 0.214
015000 0.033 0.754 0.000 0.213
015500 0.033 0.764 0.000 0.203
016000 0.033 0.765 0.000 0.202
016500 0.033 0.769 0.000 0.198
017000 0.033 0.769 0.000 0.198
017500 0.033 0.768 0.000 0.199
018000 0.033 0.772 0.000 0.195
018500 0.033 0.772 0.000 0.195
019000 0.033 0.773 0.000 0.194
019500 0.033 0.777 0.000 0.190
020000 0.033 0.776 0.000 0.190
020500 0.033 0.778 0.000 0.189
021000 0.033 0.778 0.000 0.188
021500 0.033 0.780 0.000 0.187
022000 0.033 0.783 0.000 0.184
022500 0.033 0.784 0.000 0.183
023000 0.033 0.783 0.000 0.183
023500 0.033 0.786 0.000 0.181
024000 0.033 0.787 0.000 0.179
024500 0.033 0.790 0.000 0.177
025000 0.033 0.791 0.000 0.176
025500 0.033 0.792 0.000 0.175
026000 0.033 0.793 0.000 0.174
026500 0.033 0.793 0.000 0.174
027000 0.033 0.794 0.000 0.173
027500 0.033 0.793 0.000 0.174
028000 0.033 0.795 0.000 0.172
028500 0.033 0.795 0.000 0.172
029000 0.033 0.795 0.000 0.172
029500 0.033 0.795 0.000 0.172
030000 0.033 0.795 0.000 0.172
030500 0.033 0.795 0.000 0.171
031000 0.033 0.796 0.000 0.171
031500 0.033 0.796 0.000 0.171
032000 0.033 0.798 0.000 0.169
032500 0.033 0.799 0.000 0.168
033000 0.033 0.799 0.000 0.168
033500 0.033 0.800 0.000 0.167
034000 0.033 0.800 0.000 0.167
034500 0.033 0.800 0.000 0.167
035000 0.033 0.800 0.000 0.167
035500 0.033 0.799 0.000 0.168
036000 0.033 0.799 0.000 0.168
036500 0.033 0.802 0.000 0.165
037000 0.033 0.801 0.000 0.166
037500 0.033 0.801 0.000 0.166
038000 0.033 0.802 0.000 0.165
038500 0.033 0.802 0.000 0.165
039000 0.033 0.805 0.000 0.162
039500 0.033 0.805 0.000 0.162
040000 0.033 0.806 0.000 0.161
040500 0.033 0.808 0.000 0.159
041000 0.033 0.808 0.000 0.159
041500 0.033 0.808 0.000 0.159
042000 0.033 0.808 0.000 0.158
042500 0.033 0.807 0.000 0.160
043000 0.033 0.808 0.000 0.159
043500 0.033 0.807 0.000 0.160
044000 0.033 0.807 0.000 0.160
044500 0.033 0.807 0.000 0.160
045000 0.033 0.808 0.000 0.159
045500 0.033 0.808 0.000 0.159
046000 0.033 0.809 0.000 0.158
046500 0.033 0.808 0.000 0.159
047000 0.033 0.808 0.000 0.159
047500 0.033 0.812 0.000 0.155
048000 0.033 0.812 0.000 0.155
048500 0.033 0.811 0.000 0.155
049000 0.033 0.812 0.000 0.155
049500 0.033 0.811 0.000 0.155
050000 0.033 0.811 0.000 0.156
050500 0.033 0.812 0.000 0.155
051000 0.033 0.812 0.000 0.155
051500 0.033 0.812 0.000 0.155
052000 0.033 0.811 0.000 0.156
052500 0.033 0.812 0.000 0.155
053000 0.033 0.812 0.000 0.155
053500 0.033 0.812 0.000 0.155
054000 0.033 0.814 0.000 0.153
054500 0.033 0.814 0.000 0.153
055000 0.033 0.813 0.000 0.154
055500 0.033 0.813 0.000 0.154
056000 0.033 0.814 0.000 0.153
056500 0.033 0.814 0.000 0.153
057000 0.033 0.814 0.000 0.153
057500 0.033 0.814 0.000 0.153
058000 0.033 0.813 0.000 0.153
058500 0.033 0.814 0.000 0.153
059000 0.033 0.814 0.000 0.153
059500 0.033 0.813 0.000 0.154
060000 0.033 0.814 0.000 0.153
060500 0.033 0.814 0.000 0.153
061000 0.033 0.813 0.000 0.154
061500 0.033 0.814 0.000 0.153
062000 0.033 0.814 0.000 0.153
062500 0.033 0.814 0.000 0.153
063000 0.033 0.815 0.000 0.152
063500 0.033 0.815 0.000 0.152
064000 0.033 0.815 0.000 0.152
064500 0.033 0.815 0.000 0.152
065000 0.033 0.815 0.000 0.152
065500 0.033 0.815 0.000 0.152
066000 0.033 0.815 0.000 0.152
066500 0.033 0.815 0.000 0.152
067000 0.033 0.815 0.000 0.152
067500 0.033 0.815 0.000 0.152
068000 0.033 0.815 0.000 0.152
068500 0.033 0.815 0.000 0.152
069000 0.033 0.815 0.000 0.152
069500 0.033 0.815 0.000 0.152
070000 0.033 0.815 0.000 0.152
070500 0.033 0.815 0.000 0.152
071000 0.033 0.815 0.000 0.152
071500 0.033 0.815 0.000 0.152
072000 0.033 0.814 0.000 0.153
072500 0.033 0.816 0.000 0.151
073000 0.033 0.817 0.000 0.150
073500 0.033 0.817 0.000 0.150
074000 0.033 0.818 0.000 0.149
074500 0.033 0.818 0.000 0.149
075000 0.033 0.818 0.000 0.149
075500 0.033 0.818 0.000 0.149
076000 0.033 0.818 0.000 0.149
076500 0.033 0.818 0.000 0.149
077000 0.033 0.818 0.000 0.149
077500 0.033 0.818 0.000 0.149
078000 0.033 0.818 0.000 0.149
078500 0.033 0.818 0.000 0.149
079000 0.033 0.817 0.000 0.149
079500 0.033 0.817 0.000 0.149
080000 0.033 0.817 0.000 0.150
080500 0.033 0.817 0.000 0.150
081000 0.033 0.818 0.000 0.149
081500 0.033 0.817 0.000 0.149
082000 0.033 0.817 0.000 0.150
082500 0.033 0.817 0.000 0.149
083000 0.033 0.817 0.000 0.150
083500 0.033 0.818 0.000 0.149
084000 0.033 0.818 0.000 0.149
084500 0.033 0.818 0.000 0.149
085000 0.033 0.818 0.000 0.149
085500 0.033 0.818 0.000 0.149
086000 0.033 0.818 0.000 0.149
086500 0.033 0.818 0.000 0.149
087000 0.033 0.817 0.000 0.149
087500 0.033 0.818 0.000 0.149
088000 0.033 0.818 0.000 0.149
088500 0.033 0.817 0.000 0.150
089000 0.033 0.818 0.000 0.149
089500 0.033 0.818 0.000 0.149
090000 0.033 0.818 0.000 0.149
090500 0.033 0.818 0.000 0.149
091000 0.033 0.818 0.000 0.149
091500 0.033 0.818 0.000 0.149
092000 0.033 0.818 0.000 0.149
092500 0.033 0.818 0.000 0.149
093000 0.033 0.818 0.000 0.149
093500 0.033 0.818 0.000 0.149
094000 0.033 0.817 0.000 0.149
094500 0.033 0.818 0.000 0.149
095000 0.033 0.817 0.000 0.150
095500 0.033 0.817 0.000 0.150
096000 0.033 0.817 0.000 0.150
096500 0.033 0.817 0.000 0.150
097000 0.033 0.817 0.000 0.150
097500 0.033 0.817 0.000 0.150
098000 0.033 0.817 0.000 0.150
098500 0.033 0.817 0.000 0.150
099000 0.033 0.817 0.000 0.150
099500 0.033 0.817 0.000 0.150
100000 0.033 0.818 0.000 0.149
100500 0.033 0.817 0.000 0.150
101000 0.033 0.818 0.000 0.149
101500 0.033 0.818 0.000 0.149
102000 0.033 0.817 0.000 0.150
102500 0.033 0.818 0.000 0.148
103000 0.033 0.819 0.000 0.148
103500 0.033 0.818 0.000 0.149
104000 0.033 0.818 0.000 0.149
104500 0.033 0.818 0.000 0.149
105000 0.033 0.819 0.000 0.148
105500 0.033 0.818 0.000 0.149
106000 0.033 0.818 0.000 0.149
106500 0.033 0.818 0.000 0.149
107000 0.033 0.818 0.000 0.149
107500 0.033 0.819 0.000 0.148
108000 0.033 0.819 0.000 0.148
108500 0.033 0.819 0.000 0.148
109000 0.033 0.819 0.000 0.148
109500 0.033 0.818 0.000 0.149
110000 0.033 0.820 0.000 0.147
110500 0.033 0.820 0.000 0.147
111000 0.033 0.820 0.000 0.147
111500 0.033 0.819 0.000 0.148
112000 0.033 0.819 0.000 0.148
112500 0.033 0.820 0.000 0.147
113000 0.033 0.820 0.000 0.147
113500 0.033 0.819 0.000 0.148
114000 0.033 0.820 0.000 0.147
114500 0.033 0.819 0.000 0.148
115000 0.033 0.819 0.000 0.148
115500 0.033 0.820 0.000 0.147
116000 0.033 0.820 0.000 0.147
116500 0.033 0.820 0.000 0.147
117000 0.033 0.820 0.000 0.147
117500 0.033 0.820 0.000 0.147
118000 0.033 0.820 0.000 0.147
118500 0.033 0.819 0.000 0.148
119000 0.033 0.821 0.000 0.146
119500 0.033 0.820 0.000 0.146
120000 0.033 0.822 0.000 0.145
120500 0.033 0.823 0.000 0.144
121000 0.033 0.822 0.000 0.145
121500 0.033 0.822 0.000 0.145
122000 0.033 0.821 0.000 0.146
122500 0.033 0.821 0.000 0.146
123000 0.033 0.822 0.000 0.145
123500 0.033 0.822 0.000 0.145
124000 0.033 0.821 0.000 0.146
124500 0.033 0.821 0.000 0.146
125000 0.033 0.822 0.000 0.145
125500 0.033 0.821 0.000 0.146
126000 0.033 0.822 0.000 0.145
126500 0.033 0.821 0.000 0.146
127000 0.033 0.821 0.000 0.146
127500 0.033 0.822 0.000 0.145
128000 0.033 0.821 0.000 0.146
128500 0.033 0.822 0.000 0.145
129000 0.033 0.822 0.000 0.145
129500 0.033 0.821 0.000 0.145
130000 0.033 0.821 0.000 0.146
130500 0.033 0.821 0.000 0.146
131000 0.033 0.822 0.000 0.145
131500 0.033 0.822 0.000 0.145
132000 0.033 0.821 0.000 0.146
132500 0.033 0.821 0.000 0.146
133000 0.033 0.822 0.000 0.145
133500 0.033 0.821 0.000 0.145
134000 0.033 0.822 0.000 0.145
134500 0.033 0.821 0.000 0.146
135000 0.033 0.821 0.000 0.146
135500 0.033 0.821 0.000 0.146
136000 0.033 0.822 0.000 0.145
136500 0.033 0.821 0.000 0.146
137000 0.033 0.821 0.000 0.146
137500 0.033 0.821 0.000 0.146
138000 0.033 0.821 0.000 0.146
138500 0.033 0.821 0.000 0.146
139000 0.033 0.822 0.000 0.145
139500 0.033 0.821 0.000 0.146
140000 0.033 0.821 0.000 0.146
140500 0.033 0.822 0.000 0.145
141000 0.033 0.821 0.000 0.146
141500 0.033 0.821 0.000 0.146
142000 0.033 0.821 0.000 0.146
142500 0.033 0.821 0.000 0.146
143000 0.033 0.821 0.000 0.146
143500 0.033 0.821 0.000 0.146
144000 0.033 0.822 0.000 0.145
144500 0.033 0.822 0.000 0.145
145000 0.033 0.823 0.000 0.144
145500 0.033 0.822 0.000 0.144
146000 0.033 0.821 0.000 0.146
146500 0.033 0.821 0.000 0.146
147000 0.033 0.821 0.000 0.146
147500 0.033 0.822 0.000 0.145
148000 0.033 0.822 0.000 0.145
148500 0.033 0.822 0.000 0.145
149000 0.033 0.822 0.000 0.145
149500 0.033 0.824 0.000 0.143
150000 0.033 0.825 0.000 0.142
150500 0.033 0.825 0.000 0.142
151000 0.033 0.825 0.000 0.142
151500 0.033 0.825 0.000 0.142
152000 0.033 0.824 0.000 0.143
152500 0.033 0.825 0.000 0.142
153000 0.033 0.825 0.000 0.142
153500 0.033 0.824 0.000 0.143
154000 0.033 0.825 0.000 0.142
154500 0.033 0.825 0.000 0.142
155000 0.033 0.825 0.000 0.142
155500 0.033 0.825 0.000 0.142
156000 0.033 0.825 0.000 0.141
156500 0.033 0.825 0.000 0.142
157000 0.033 0.825 0.000 0.142
157500 0.033 0.825 0.000 0.142
158000 0.033 0.825 0.000 0.142
158500 0.033 0.825 0.000 0.142
159000 0.033 0.826 0.000 0.141
159500 0.033 0.825 0.000 0.142
160000 0.033 0.825 0.000 0.142
160500 0.033 0.824 0.000 0.143
161000 0.033 0.825 0.000 0.142
161500 0.033 0.825 0.000 0.142
162000 0.033 0.825 0.000 0.142
162500 0.033 0.825 0.000 0.142
163000 0.033 0.825 0.000 0.142
163500 0.033 0.825 0.000 0.142
164000 0.033 0.825 0.000 0.142
164500 0.033 0.825 0.000 0.142
165000 0.033 0.826 0.000 0.141
165500 0.033 0.825 0.000 0.142
166000 0.033 0.825 0.000 0.142
166500 0.033 0.825 0.000 0.141
167000 0.033 0.825 0.000 0.141
167500 0.033 0.826 0.000 0.141
168000 0.033 0.826 0.000 0.141
168500 0.033 0.825 0.000 0.141
169000 0.033 0.826 0.000 0.141
169500 0.033 0.826 0.000 0.141
170000 0.033 0.826 0.000 0.141
170500 0.033 0.825 0.000 0.142
171000 0.033 0.826 0.000 0.141
171500 0.033 0.826 0.000 0.141
172000 0.033 0.826 0.000 0.141
172500 0.033 0.825 0.000 0.142
173000 0.033 0.825 0.000 0.141
173500 0.033 0.825 0.000 0.142
174000 0.033 0.826 0.000 0.141
174500 0.033 0.825 0.000 0.141
175000 0.033 0.825 0.000 0.141
175500 0.033 0.826 0.000 0.141
176000 0.033 0.826 0.000 0.141
176500 0.033 0.828 0.000 0.139
177000 0.033 0.828 0.000 0.139
177500 0.033 0.828 0.000 0.139
178000 0.033 0.828 0.000 0.139
178500 0.033 0.828 0.000 0.139
179000 0.033 0.828 0.000 0.139
179500 0.033 0.827 0.000 0.140
180000 0.033 0.828 0.000 0.139
180500 0.033 0.827 0.000 0.139
181000 0.033 0.828 0.000 0.139
181500 0.033 0.828 0.000 0.139
182000 0.033 0.828 0.000 0.139
182500 0.033 0.827 0.000 0.140
183000 0.033 0.828 0.000 0.139
183500 0.033 0.828 0.000 0.139
184000 0.033 0.827 0.000 0.140
184500 0.033 0.828 0.000 0.139
185000 0.033 0.828 0.000 0.139
185500 0.033 0.828 0.000 0.139
186000 0.033 0.828 0.000 0.139
186500 0.033 0.827 0.000 0.140
187000 0.033 0.828 0.000 0.139
187500 0.033 0.828 0.000 0.139
188000 0.033 0.828 0.000 0.139
188500 0.033 0.827 0.000 0.140
189000 0.033 0.828 0.000 0.139
189500 0.033 0.828 0.000 0.139
190000 0.033 0.827 0.000 0.139
190500 0.033 0.828 0.000 0.139
191000 0.033 0.828 0.000 0.139
191500 0.033 0.827 0.000 0.140
192000 0.033 0.827 0.000 0.140
192500 0.033 0.828 0.000 0.139
193000 0.033 0.827 0.000 0.139
193500 0.033 0.828 0.000 0.139
194000 0.033 0.828 0.000 0.139
194500 0.033 0.828 0.000 0.139
195000 0.033 0.827 0.000 0.140
195500 0.033 0.828 0.000 0.139
196000 0.033 0.828 0.000 0.139
196500 0.033 0.828 0.000 0.139
197000 0.033 0.828 0.000 0.139
197500 0.033 0.828 0.000 0.139
198000 0.033 0.828 0.000 0.139
198500 0.033 0.828 0.000 0.139
199000 0.033 0.827 0.000 0.140
199500 0.033 0.828 0.000 0.139
200000 0.033 0.827 0.000 0.140
200500 0.033 0.827 0.000 0.140
201000 0.033 0.828 0.000 0.139
201500 0.033 0.828 0.000 0.139
202000 0.033 0.828 0.000 0.139
202500 0.033 0.828 0.000 0.139
203000 0.033 0.827 0.000 0.139
203500 0.033 0.827 0.000 0.140
204000 0.033 0.828 0.000 0.139
204500 0.033 0.829 0.000 0.138
205000 0.033 0.829 0.000 0.138
205500 0.033 0.829 0.000 0.138
206000 0.033 0.829 0.000 0.138
206500 0.033 0.829 0.000 0.138
207000 0.033 0.828 0.000 0.139
207500 0.033 0.829 0.000 0.138
208000 0.033 0.829 0.000 0.138
208500 0.033 0.829 0.000 0.138
209000 0.033 0.829 0.000 0.138
209500 0.033 0.829 0.000 0.138
210000 0.033 0.829 0.000 0.138
210500 0.033 0.832 0.000 0.135
211000 0.033 0.832 0.000 0.135
211500 0.033 0.832 0.000 0.135
212000 0.033 0.832 0.000 0.135
212500 0.033 0.832 0.000 0.135
213000 0.033 0.831 0.000 0.136
213500 0.033 0.832 0.000 0.135
214000 0.033 0.832 0.000 0.135
214500 0.033 0.832 0.000 0.135
215000 0.033 0.831 0.000 0.136
215500 0.033 0.832 0.000 0.135
216000 0.033 0.832 0.000 0.135
216500 0.033 0.833 0.000 0.134
217000 0.033 0.832 0.000 0.135
217500 0.033 0.833 0.000 0.134
218000 0.033 0.832 0.000 0.135
218500 0.033 0.833 0.000 0.134
219000 0.033 0.833 0.000 0.134
219500 0.033 0.833 0.000 0.134
220000 0.033 0.833 0.000 0.134
220500 0.033 0.833 0.000 0.134
221000 0.033 0.833 0.000 0.134
221500 0.033 0.833 0.000 0.134
222000 0.033 0.833 0.000 0.134
222500 0.033 0.833 0.000 0.134
223000 0.033 0.834 0.000 0.133
223500 0.033 0.833 0.000 0.134
224000 0.033 0.833 0.000 0.134
224500 0.033 0.832 0.000 0.135
225000 0.033 0.832 0.000 0.135
225500 0.033 0.832 0.000 0.135
226000 0.033 0.833 0.000 0.134
226500 0.033 0.833 0.000 0.134
227000 0.033 0.833 0.000 0.133
227500 0.033 0.833 0.000 0.134
228000 0.033 0.833 0.000 0.134
228500 0.033 0.833 0.000 0.134
229000 0.033 0.833 0.000 0.134
229500 0.033 0.833 0.000 0.134
230000 0.033 0.833 0.000 0.134
230500 0.033 0.833 0.000 0.134
231000 0.033 0.833 0.000 0.134
231500 0.033 0.833 0.000 0.134
232000 0.033 0.833 0.000 0.134
232500 0.033 0.833 0.000 0.134
233000 0.033 0.833 0.000 0.134
233500 0.033 0.833 0.000 0.134
234000 0.033 0.834 0.000 0.133
234500 0.033 0.834 0.000 0.133
235000 0.033 0.835 0.000 0.132
235500 0.033 0.835 0.000 0.132
236000 0.033 0.834 0.000 0.133
236500 0.033 0.835 0.000 0.132
237000 0.033 0.834 0.000 0.133
237500 0.033 0.834 0.000 0.133
238000 0.033 0.833 0.000 0.134
238500 0.033 0.834 0.000 0.133
239000 0.033 0.834 0.000 0.133
239500 0.033 0.834 0.000 0.133
240000 0.033 0.834 0.000 0.133
240500 0.033 0.834 0.000 0.133
241000 0.033 0.834 0.000 0.133
241500 0.033 0.834 0.000 0.133
242000 0.033 0.834 0.000 0.133
242500 0.033 0.834 0.000 0.133
243000 0.033 0.834 0.000 0.133
243500 0.033 0.833 0.000 0.133
244000 0.033 0.835 0.000 0.132
244500 0.033 0.836 0.000 0.131
245000 0.033 0.836 0.000 0.131
245500 0.033 0.836 0.000 0.131
246000 0.033 0.836 0.000 0.131
246500 0.033 0.836 0.000 0.131
247000 0.033 0.836 0.000 0.130
247500 0.033 0.836 0.000 0.131
248000 0.033 0.836 0.000 0.131
248500 0.033 0.836 0.000 0.130
249000 0.033 0.837 0.000 0.130
249500 0.033 0.836 0.000 0.131
250000 0.033 0.836 0.000 0.131
250500 0.033 0.836 0.000 0.131
251000 0.033 0.836 0.000 0.130
251500 0.033 0.835 0.000 0.131
252000 0.033 0.836 0.000 0.131
252500 0.033 0.836 0.000 0.131
253000 0.033 0.836 0.000 0.131
253500 0.033 0.836 0.000 0.131
254000 0.033 0.836 0.000 0.131
254500 0.033 0.835 0.000 0.131
255000 0.033 0.836 0.000 0.131
255500 0.033 0.836 0.000 0.131
256000 0.033 0.835 0.000 0.132
256500 0.033 0.837 0.000 0.130
257000 0.033 0.836 0.000 0.131
257500 0.033 0.836 0.000 0.131
258000 0.033 0.835 0.000 0.132
258500 0.033 0.835 0.000 0.132
259000 0.033 0.835 0.000 0.132
259500 0.033 0.836 0.000 0.131
260000 0.033 0.836 0.000 0.131
260500 0.033 0.836 0.000 0.131
261000 0.033 0.836 0.000 0.131
261500 0.033 0.836 0.000 0.131
262000 0.033 0.836 0.000 0.131
262500 0.033 0.836 0.000 0.131
263000 0.033 0.836 0.000 0.131
263500 0.033 0.836 0.000 0.131
264000 0.033 0.836 0.000 0.131
264500 0.033 0.836 0.000 0.131
265000 0.033 0.836 0.000 0.131
265500 0.033 0.836 0.000 0.131
266000 0.033 0.836 0.000 0.131
266500 0.033 0.836 0.000 0.131
267000 0.033 0.836 0.000 0.131
267500 0.033 0.835 0.000 0.132
268000 0.033 0.836 0.000 0.131
268500 0.033 0.835 0.000 0.132
269000 0.033 0.836 0.000 0.131
269500 0.033 0.836 0.000 0.131
270000 0.033 0.837 0.000 0.130
270500 0.033 0.837 0.000 0.130
271000 0.033 0.836 0.000 0.131
271500 0.033 0.837 0.000 0.130
272000 0.033 0.837 0.000 0.130
272500 0.033 0.837 0.000 0.130
273000 0.033 0.836 0.000 0.131
273500 0.033 0.837 0.000 0.130
274000 0.033 0.837 0.000 0.130
274500 0.033 0.837 0.000 0.130
275000 0.033 0.837 0.000 0.130
275500 0.033 0.837 0.000 0.130
276000 0.033 0.837 0.000 0.130
276500 0.033 0.836 0.000 0.131
277000 0.033 0.836 0.000 0.131
277500 0.033 0.836 0.000 0.131
278000 0.033 0.836 0.000 0.131
278500 0.033 0.837 0.000 0.130
279000 0.033 0.836 0.000 0.131
279500 0.033 0.838 0.000 0.129
280000 0.033 0.838 0.000 0.129
280500 0.033 0.837 0.000 0.130
281000 0.033 0.838 0.000 0.129
281500 0.033 0.838 0.000 0.129
282000 0.033 0.838 0.000 0.129
282500 0.033 0.838 0.000 0.129
283000 0.033 0.838 0.000 0.129
283500 0.033 0.838 0.000 0.129
284000 0.033 0.837 0.000 0.130
284500 0.033 0.837 0.000 0.130
285000 0.033 0.837 0.000 0.130
285500 0.033 0.837 0.000 0.130
286000 0.033 0.837 0.000 0.130
286500 0.033 0.837 0.000 0.130
287000 0.033 0.837 0.000 0.130
287500 0.033 0.837 0.000 0.130
288000 0.033 0.837 0.000 0.130
288500 0.033 0.837 0.000 0.130
289000 0.033 0.837 0.000 0.130
289500 0.033 0.837 0.000 0.130
290000 0.033 0.837 0.000 0.130
290500 0.033 0.837 0.000 0.130
291000 0.033 0.837 0.000 0.130
291500 0.033 0.836 0.000 0.130
292000 0.033 0.837 0.000 0.130
292500 0.033 0.836 0.000 0.131
293000 0.033 0.836 0.000 0.131
293500 0.033 0.837 0.000 0.130
294000 0.033 0.836 0.000 0.131
294500 0.033 0.837 0.000 0.130
295000 0.033 0.837 0.000 0.130
295500 0.033 0.837 0.000 0.130
296000 0.033 0.837 0.000 0.130
296500 0.033 0.837 0.000 0.130
297000 0.033 0.837 0.000 0.130
297500 0.033 0.836 0.000 0.131
298000 0.033 0.837 0.000 0.130
298500 0.033 0.836 0.000 0.131
299000 0.033 0.837 0.000 0.130
299500 0.033 0.836 0.000 0.131
300000 0.033 0.837 0.000 0.130
300500 0.033 0.837 0.000 0.130
301000 0.033 0.837 0.000 0.130
301500 0.033 0.837 0.000 0.130
302000 0.033 0.837 0.000 0.130
302500 0.033 0.837 0.000 0.130
303000 0.033 0.837 0.000 0.130
303500 0.033 0.837 0.000 0.130
304000 0.033 0.836 0.000 0.130
304500 0.033 0.837 0.000 0.130
305000 0.033 0.837 0.000 0.130
305500 0.033 0.837 0.000 0.130
306000 0.033 0.836 0.000 0.131
306500 0.033 0.837 0.000 0.130
307000 0.033 0.837 0.000 0.130
307500 0.033 0.837 0.000 0.130
308000 0.033 0.837 0.000 0.130
308500 0.033 0.837 0.000 0.130
309000 0.033 0.837 0.000 0.130
309500 0.033 0.838 0.000 0.129
310000 0.033 0.838 0.000 0.129
310500 0.033 0.838 0.000 0.129
311000 0.033 0.838 0.000 0.129
311500 0.033 0.838 0.000 0.129
312000 0.033 0.838 0.000 0.129
312500 0.033 0.838 0.000 0.129
313000 0.033 0.838 0.000 0.129
313500 0.033 0.838 0.000 0.129
314000 0.033 0.840 0.000 0.127
314500 0.033 0.839 0.000 0.128
315000 0.033 0.840 0.000 0.127
315500 0.033 0.839 0.000 0.128
316000 0.033 0.840 0.000 0.127
316500 0.033 0.840 0.000 0.127
317000 0.033 0.840 0.000 0.127
317500 0.033 0.839 0.000 0.128
318000 0.033 0.839 0.000 0.128
318500 0.033 0.839 0.000 0.128
319000 0.033 0.840 0.000 0.127
319500 0.033 0.839 0.000 0.128
320000 0.033 0.840 0.000 0.127
320500 0.033 0.840 0.000 0.127
321000 0.033 0.840 0.000 0.127
321500 0.033 0.840 0.000 0.127
322000 0.033 0.839 0.000 0.128
322500 0.033 0.840 0.000 0.127
323000 0.033 0.840 0.000 0.127
323500 0.033 0.839 0.000 0.128
324000 0.033 0.840 0.000 0.127
324500 0.033 0.840 0.000 0.127
325000 0.033 0.840 0.000 0.127
325500 0.033 0.840 0.000 0.127
326000 0.033 0.840 0.000 0.127
326500 0.033 0.840 0.000 0.127
327000 0.033 0.840 0.000 0.127
327500 0.033 0.840 0.000 0.127
328000 0.033 0.840 0.000 0.127
328500 0.033 0.839 0.000 0.128
329000 0.033 0.840 0.000 0.127
329500 0.033 0.839 0.000 0.128
330000 0.033 0.840 0.000 0.127
330500 0.033 0.839 0.000 0.128
331000 0.033 0.840 0.000 0.127
331500 0.033 0.840 0.000 0.127
332000 0.033 0.839 0.000 0.128
332500 0.033 0.840 0.000 0.127
333000 0.033 0.840 0.000 0.127
333500 0.033 0.840 0.000 0.127
334000 0.033 0.840 0.000 0.127
334500 0.033 0.841 0.000 0.126
335000 0.033 0.840 0.000 0.127
335500 0.033 0.840 0.000 0.127
336000 0.033 0.840 0.000 0.127
336500 0.033 0.840 0.000 0.127
337000 0.033 0.840 0.000 0.127
337500 0.033 0.840 0.000 0.127
338000 0.033 0.840 0.000 0.127
338500 0.033 0.839 0.000 0.128
339000 0.033 0.840 0.000 0.127
339500 0.033 0.840 0.000 0.127
340000 0.033 0.840 0.000 0.127
340500 0.033 0.839 0.000 0.128
341000 0.033 0.839 0.000 0.128
341500 0.033 0.839 0.000 0.128
342000 0.033 0.839 0.000 0.127
342500 0.033 0.839 0.000 0.128
343000 0.033 0.839 0.000 0.128
343500 0.033 0.840 0.000 0.127
344000 0.033 0.840 0.000 0.127
344500 0.033 0.840 0.000 0.127
345000 0.033 0.839 0.000 0.128
345500 0.033 0.839 0.000 0.128
346000 0.033 0.840 0.000 0.127
346500 0.033 0.839 0.000 0.128
347000 0.033 0.839 0.000 0.128
347500 0.033 0.839 0.000 0.128
348000 0.033 0.839 0.000 0.127
348500 0.033 0.839 0.000 0.128
349000 0.033 0.839 0.000 0.128
349500 0.033 0.840 0.000 0.127
350000 0.033 0.839 0.000 0.128
350500 0.033 0.840 0.000 0.127
351000 0.033 0.840 0.000 0.127
351500 0.033 0.839 0.000 0.127
352000 0.033 0.840 0.000 0.127
352500 0.033 0.840 0.000 0.127
353000 0.033 0.840 0.000 0.127
353500 0.033 0.839 0.000 0.128
354000 0.033 0.840 0.000 0.127
354500 0.033 0.840 0.000 0.127
355000 0.033 0.840 0.000 0.127
355500 0.033 0.840 0.000 0.126
356000 0.033 0.840 0.000 0.127
356500 0.033 0.840 0.000 0.127
357000 0.033 0.840 0.000 0.127
357500 0.033 0.840 0.000 0.127
358000 0.033 0.840 0.000 0.127
358500 0.033 0.840 0.000 0.127
359000 0.033 0.841 0.000 0.126
359500 0.033 0.840 0.000 0.127
360000 0.033 0.841 0.000 0.126
360500 0.033 0.840 0.000 0.127
361000 0.033 0.840 0.000 0.127
361500 0.033 0.840 0.000 0.127
362000 0.033 0.841 0.000 0.126
362500 0.033 0.840 0.000 0.127
363000 0.033 0.840 0.000 0.127
363500 0.033 0.840 0.000 0.127
364000 0.033 0.840 0.000 0.127
364500 0.033 0.840 0.000 0.127
365000 0.033 0.840 0.000 0.127
365500 0.033 0.839 0.000 0.128
366000 0.033 0.840 0.000 0.127
366500 0.033 0.839 0.000 0.128
367000 0.033 0.839 0.000 0.128
367500 0.033 0.840 0.000 0.127
368000 0.033 0.840 0.000 0.127
368500 0.033 0.839 0.000 0.128
369000 0.033 0.839 0.000 0.128
369500 0.033 0.840 0.000 0.127
370000 0.033 0.839 0.000 0.128
370500 0.033 0.840 0.000 0.127
371000 0.033 0.840 0.000 0.127
371500 0.033 0.839 0.000 0.127
372000 0.033 0.841 0.000 0.126
372500 0.033 0.840 0.000 0.126
373000 0.033 0.841 0.000 0.126
373500 0.033 0.841 0.000 0.126
374000 0.033 0.841 0.000 0.126
374500 0.033 0.840 0.000 0.127
375000 0.033 0.841 0.000 0.126
375500 0.033 0.841 0.000 0.126
376000 0.033 0.841 0.000 0.126
376500 0.033 0.841 0.000 0.126
377000 0.033 0.841 0.000 0.126
377500 0.033 0.841 0.000 0.126
378000 0.033 0.841 0.000 0.126
378500 0.033 0.841 0.000 0.126
379000 0.033 0.841 0.000 0.126
379500 0.033 0.841 0.000 0.126
380000 0.033 0.841 0.000 0.126
380500 0.033 0.841 0.000 0.126
381000 0.033 0.842 0.000 0.125
381500 0.033 0.843 0.000 0.124
382000 0.033 0.843 0.000 0.124
382500 0.033 0.843 0.000 0.124
383000 0.033 0.843 0.000 0.124
383500 0.033 0.843 0.000 0.124
384000 0.033 0.843 0.000 0.124
384500 0.033 0.843 0.000 0.124
385000 0.033 0.843 0.000 0.124
385500 0.033 0.842 0.000 0.125
386000 0.033 0.843 0.000 0.124
386500 0.033 0.843 0.000 0.124
387000 0.033 0.843 0.000 0.123
387500 0.033 0.843 0.000 0.124
388000 0.033 0.843 0.000 0.124
388500 0.033 0.843 0.000 0.124
389000 0.033 0.843 0.000 0.124
389500 0.033 0.843 0.000 0.124
390000 0.033 0.843 0.000 0.124
390500 0.033 0.843 0.000 0.123
391000 0.033 0.843 0.000 0.124
391500 0.033 0.843 0.000 0.124
392000 0.033 0.843 0.000 0.124
392500 0.033 0.844 0.000 0.123
393000 0.033 0.844 0.000 0.123
393500 0.033 0.844 0.000 0.123
394000 0.033 0.844 0.000 0.123
394500 0.033 0.845 0.000 0.122
395000 0.033 0.844 0.000 0.123
395500 0.033 0.844 0.000 0.123
396000 0.033 0.845 0.000 0.122
396500 0.033 0.845 0.000 0.122
397000 0.033 0.844 0.000 0.122
397500 0.033 0.844 0.000 0.123
398000 0.033 0.845 0.000 0.122
398500 0.033 0.844 0.000 0.123
399000 0.033 0.844 0.000 0.123
399500 0.033 0.845 0.000 0.122
400000 0.033 0.845 0.000 0.122
400500 0.033 0.845 0.000 0.122
401000 0.033 0.845 0.000 0.122
401500 0.033 0.844 0.000 0.122
402000 0.033 0.844 0.000 0.123
402500 0.033 0.844 0.000 0.123
403000 0.033 0.844 0.000 0.123
403500 0.033 0.844 0.000 0.123
404000 0.033 0.844 0.000 0.123
404500 0.033 0.844 0.000 0.123
405000 0.033 0.844 0.000 0.123
405500 0.033 0.844 0.000 0.123
406000 0.033 0.844 0.000 0.123
406500 0.033 0.844 0.000 0.123
407000 0.033 0.844 0.000 0.123
407500 0.033 0.844 0.000 0.123
408000 0.033 0.843 0.000 0.124
408500 0.033 0.843 0.000 0.123
409000 0.033 0.844 0.000 0.123
409500 0.033 0.844 0.000 0.123
410000 0.033 0.844 0.000 0.123
410500 0.033 0.844 0.000 0.123
411000 0.033 0.844 0.000 0.123
411500 0.033 0.844 0.000 0.123
412000 0.033 0.844 0.000 0.123
412500 0.033 0.844 0.000 0.123
413000 0.033 0.844 0.000 0.123
413500 0.033 0.844 0.000 0.123
414000 0.033 0.844 0.000 0.123
414500 0.033 0.844 0.000 0.123
415000 0.033 0.844 0.000 0.123
415500 0.033 0.844 0.000 0.123
416000 0.033 0.845 0.000 0.122
416500 0.033 0.844 0.000 0.123
417000 0.033 0.844 0.000 0.122
417500 0.033 0.844 0.000 0.122
418000 0.033 0.844 0.000 0.123
418500 0.033 0.844 0.000 0.123
419000 0.033 0.845 0.000 0.122
419500 0.033 0.844 0.000 0.123
420000 0.033 0.844 0.000 0.123
420500 0.033 0.844 0.000 0.122
421000 0.033 0.844 0.000 0.123
421500 0.033 0.844 0.000 0.123
422000 0.033 0.844 0.000 0.123
422500 0.033 0.844 0.000 0.123
423000 0.033 0.845 0.000 0.122
423500 0.033 0.844 0.000 0.123
424000 0.033 0.844 0.000 0.122
424500 0.033 0.845 0.000 0.122
425000 0.033 0.845 0.000 0.122
425500 0.033 0.845 0.000 0.122
426000 0.033 0.845 0.000 0.122
426500 0.033 0.845 0.000 0.122
427000 0.033 0.845 0.000 0.122
427500 0.033 0.845 0.000 0.122
428000 0.033 0.844 0.000 0.123
428500 0.033 0.845 0.000 0.122
429000 0.033 0.845 0.000 0.122
429500 0.033 0.845 0.000 0.122
430000 0.033 0.845 0.000 0.122
430500 0.033 0.845 0.000 0.121
431000 0.033 0.845 0.000 0.122
431500 0.033 0.845 0.000 0.122
432000 0.033 0.845 0.000 0.122
432500 0.033 0.845 0.000 0.122
433000 0.033 0.846 0.000 0.121
433500 0.033 0.846 0.000 0.121
434000 0.033 0.845 0.000 0.122
434500 0.033 0.845 0.000 0.122
435000 0.033 0.845 0.000 0.122
435500 0.033 0.845 0.000 0.121
436000 0.033 0.845 0.000 0.122
436500 0.033 0.845 0.000 0.122
437000 0.033 0.845 0.000 0.122
437500 0.033 0.845 0.000 0.122
438000 0.033 0.845 0.000 0.122
438500 0.033 0.845 0.000 0.122
439000 0.033 0.845 0.000 0.122
439500 0.033 0.845 0.000 0.122
440000 0.033 0.845 0.000 0.122
440500 0.033 0.845 0.000 0.122
441000 0.033 0.845 0.000 0.122
441500 0.033 0.845 0.000 0.122
442000 0.033 0.846 0.000 0.121
442500 0.033 0.845 0.000 0.122
443000 0.033 0.845 0.000 0.121
443500 0.033 0.845 0.000 0.122
444000 0.033 0.845 0.000 0.122
444500 0.033 0.845 0.000 0.122
445000 0.033 0.845 0.000 0.122
445500 0.033 0.845 0.000 0.122
446000 0.033 0.845 0.000 0.122
446500 0.033 0.846 0.000 0.121
447000 0.033 0.844 0.000 0.123
447500 0.033 0.845 0.000 0.122
448000 0.033 0.845 0.000 0.122
448500 0.033 0.845 0.000 0.122
449000 0.033 0.845 0.000 0.122
449500 0.033 0.845 0.000 0.122
450000 0.033 0.845 0.000 0.122
450500 0.033 0.845 0.000 0.122
451000 0.033 0.845 0.000 0.122
451500 0.033 0.845 0.000 0.122
452000 0.033 0.845 0.000 0.122
452500 0.033 0.845 0.000 0.122
453000 0.033 0.846 0.000 0.121
453500 0.033 0.845 0.000 0.122
454000 0.033 0.845 0.000 0.122
454500 0.033 0.844 0.000 0.123
455000 0.033 0.844 0.000 0.123
455500 0.033 0.845 0.000 0.122
456000 0.033 0.845 0.000 0.122
456500 0.033 0.845 0.000 0.122
457000 0.033 0.845 0.000 0.122
457500 0.033 0.845 0.000 0.122
458000 0.033 0.844 0.000 0.122
458500 0.033 0.845 0.000 0.122
459000 0.033 0.845 0.000 0.121
459500 0.033 0.846 0.000 0.121
460000 0.033 0.846 0.000 0.121
460500 0.033 0.845 0.000 0.121
461000 0.033 0.845 0.000 0.122
461500 0.033 0.845 0.000 0.121
462000 0.033 0.846 0.000 0.121
462500 0.033 0.845 0.000 0.122
463000 0.033 0.845 0.000 0.122
463500 0.033 0.845 0.000 0.122
464000 0.033 0.844 0.000 0.122
464500 0.033 0.845 0.000 0.122
465000 0.033 0.845 0.000 0.122
465500 0.033 0.845 0.000 0.122
466000 0.033 0.845 0.000 0.122
466500 0.033 0.845 0.000 0.122
467000 0.033 0.845 0.000 0.122
467500 0.033 0.845 0.000 0.122
468000 0.033 0.845 0.000 0.122
468500 0.033 0.845 0.000 0.122
469000 0.033 0.845 0.000 0.122
469500 0.033 0.846 0.000 0.121
470000 0.033 0.846 0.000 0.121
470500 0.033 0.845 0.000 0.122
471000 0.033 0.845 0.000 0.122
471500 0.033 0.846 0.000 0.121
472000 0.033 0.846 0.000 0.121
472500 0.033 0.845 0.000 0.122
473000 0.033 0.845 0.000 0.122
473500 0.033 0.845 0.000 0.122
474000 0.033 0.845 0.000 0.122
474500 0.033 0.846 0.000 0.121
475000 0.033 0.845 0.000 0.122
475500 0.033 0.845 0.000 0.122
476000 0.033 0.845 0.000 0.122
476500 0.033 0.845 0.000 0.122
477000 0.033 0.845 0.000 0.122
477500 0.033 0.844 0.000 0.122
478000 0.033 0.845 0.000 0.122
478500 0.033 0.845 0.000 0.122
479000 0.033 0.846 0.000 0.121
479500 0.033 0.846 0.000 0.121
480000 0.033 0.846 0.000 0.121
480500 0.033 0.845 0.000 0.122
481000 0.033 0.845 0.000 0.122
481500 0.033 0.845 0.000 0.122
482000 0.033 0.845 0.000 0.122
482500 0.033 0.845 0.000 0.122
483000 0.033 0.845 0.000 0.122
483500 0.033 0.845 0.000 0.122
484000 0.033 0.846 0.000 0.121
484500 0.033 0.845 0.000 0.122
485000 0.033 0.844 0.000 0.123
485500 0.033 0.845 0.000 0.122
486000 0.033 0.845 0.000 0.122
486500 0.033 0.846 0.000 0.121
487000 0.033 0.846 0.000 0.121
487500 0.033 0.845 0.000 0.122
488000 0.033 0.845 0.000 0.122
488500 0.033 0.846 0.000 0.121
489000 0.033 0.845 0.000 0.122
489500 0.033 0.844 0.000 0.123
490000 0.033 0.844 0.000 0.123
490500 0.033 0.845 0.000 0.122
491000 0.033 0.844 0.000 0.122
491500 0.033 0.845 0.000 0.122
492000 0.033 0.845 0.000 0.122
492500 0.033 0.845 0.000 0.122
493000 0.033 0.845 0.000 0.122
493500 0.033 0.845 0.000 0.121
494000 0.033 0.845 0.000 0.122
494500 0.033 0.844 0.000 0.122
495000 0.033 0.845 0.000 0.122
495500 0.033 0.845 0.000 0.122
496000 0.033 0.844 0.000 0.123
496500 0.033 0.845 0.000 0.122
497000 0.033 0.844 0.000 0.123
497500 0.033 0.844 0.000 0.123
498000 0.033 0.844 0.000 0.123
498500 0.033 0.845 0.000 0.122
499000 0.033 0.846 0.000 0.121
499500 0.033 0.845 0.000 0.122
500000 0.033 0.845 0.000 0.122
